other-vehicle -1 -1 nan 3376.000000 nan nan nan 0.848932 2.329246 3.063094 -29.459669 -1.976171 -1.894143 0.000000 0.873948 167
other-vehicle -1 -1 nan 3377.000000 nan nan nan 1.510562 2.365058 1.408682 32.717001 -31.020645 1.002810 0.000000 0.881670 160
other-vehicle -1 -1 nan 3397.000000 nan nan nan 0.609102 1.222113 1.932722 -18.184104 -11.367444 -1.603511 0.000000 0.719232 159
car -1 -1 nan 3313.000000 nan nan nan 1.512197 1.705309 2.703215 -47.351705 0.165817 -3.265240 0.000000 0.796491 140
car -1 -1 nan 3380.000000 nan nan nan 1.237596 2.603303 1.471909 -14.915239 -24.587336 -1.174098 0.000000 0.789687 120
other-vehicle -1 -1 nan 3337.000000 nan nan nan 2.023800 1.300644 0.974278 35.366361 -11.955919 0.459594 0.000000 0.804514 48
other-vehicle -1 -1 nan 3385.000000 nan nan nan 0.617001 1.347034 1.992471 -21.133435 -9.596204 -1.575760 0.000000 0.475112 58
truck -1 -1 nan 3353.000000 nan nan nan 0.763178 0.569006 0.523166 -42.601607 -26.119570 -2.710497 0.000000 0.432459 50
car -1 -1 nan 3374.000000 nan nan nan 1.519044 2.919029 4.410079 -14.375835 9.602246 -1.498467 0.000000 0.767169 32
car -1 -1 nan 3383.000000 nan nan nan 1.170008 1.650989 3.744175 28.496479 -20.356791 -0.372883 0.000000 0.894628 24
car -1 -1 nan 3373.000000 nan nan nan 1.253050 3.823254 2.476572 21.803440 -4.471815 -0.691403 0.000000 0.958532 20
car -1 -1 nan 3371.000000 nan nan nan 1.275898 3.410920 2.557542 5.480097 7.379703 -1.165287 0.000000 0.889723 3
car -1 -1 nan 3389.000000 nan nan nan 1.513543 3.518797 2.612639 -0.852233 -6.832919 -0.856049 0.000000 0.941288 4
car -1 -1 nan 3364.000000 nan nan nan 1.225974 2.971390 2.306811 -7.953012 -11.809123 -1.205837 0.000000 0.906353 9
person -1 -1 nan 3411.000000 nan nan nan 0.795614 0.511321 0.768281 8.131842 -14.265257 -0.696029 0.000000 0.750532 61
person -1 -1 nan 3391.000000 nan nan nan 0.749480 0.355589 0.298816 -13.020123 -33.802116 -0.818934 0.000000 0.856333 55
person -1 -1 nan 3406.000000 nan nan nan 1.318259 0.635551 0.575064 7.026639 -13.836471 -0.575306 0.000000 0.816697 43
person -1 -1 nan 3394.000000 nan nan nan 1.428500 0.588250 0.567307 -13.228331 -13.763505 -1.159312 0.000000 0.576317 42
person -1 -1 nan 3293.000000 nan nan nan 0.932995 0.358114 0.471870 12.574910 -17.132719 0.049818 0.000000 0.848825 22
person -1 -1 nan 3379.000000 nan nan nan 1.355179 1.070229 0.776189 7.432771 -12.328671 -0.737877 0.000000 0.499462 15
person -1 -1 nan 3395.000000 nan nan nan 1.479050 0.615982 0.525668 10.479221 -14.419488 -0.448099 0.000000 0.859891 4
bicyclist -1 -1 nan 3330.000000 nan nan nan 1.238464 0.482341 0.477744 20.632282 35.602341 -1.513038 0.000000 0.106277 25
bicyclist -1 -1 nan 3396.000000 nan nan nan 1.455552 0.796442 0.644746 19.325558 32.712496 -1.290207 0.000000 0.858666 22
bicycle -1 -1 nan 3398.000000 nan nan nan 1.189821 1.257125 1.331116 10.844401 -11.981549 -0.927049 0.000000 0.857049 3
