car -1 -1 nan 2480.000000 nan nan nan 0.306689 0.570696 1.125126 -33.580132 -17.912820 -1.908434 0.000000 0.816974 127
truck -1 -1 nan 2529.000000 nan nan nan 1.049891 1.025249 0.610790 -32.775971 -33.643693 -0.266772 0.000000 0.586158 124
other-vehicle -1 -1 nan 2473.000000 nan nan nan 1.942549 1.620979 1.381757 40.250596 9.413291 -1.077591 0.000000 0.834527 48
car -1 -1 nan 2516.000000 nan nan nan 0.672881 1.408498 1.223539 3.202368 -26.859387 -0.183629 0.000000 0.591775 120
car -1 -1 nan 2541.000000 nan nan nan 0.909322 0.884058 1.377917 17.838660 -9.475653 -0.313381 0.000000 0.819488 113
other-vehicle -1 -1 nan 2552.000000 nan nan nan 1.558120 2.477635 2.776442 -38.019571 -21.418966 -1.508877 0.000000 0.734948 71
car -1 -1 nan 2518.000000 nan nan nan 0.311109 0.729769 0.920300 3.109498 -40.322880 -0.105538 0.000000 0.672999 59
other-vehicle -1 -1 nan 2510.000000 nan nan nan 0.603525 0.900165 1.951947 -9.307132 -17.666186 -0.823303 0.000000 0.181866 58
truck -1 -1 nan 2549.000000 nan nan nan 2.418018 1.377078 1.739778 -19.605397 -40.889869 -0.534064 0.000000 0.813159 50
car -1 -1 nan 2503.000000 nan nan nan 1.459472 2.035881 4.672270 2.089377 3.036085 -0.941259 0.000000 0.887835 32
truck -1 -1 nan 2546.000000 nan nan nan 2.322132 2.160934 1.879153 -21.611674 -42.274570 -0.242214 0.000000 0.800473 31
car -1 -1 nan 2509.000000 nan nan nan 0.901379 1.742325 1.230325 37.628868 -2.008218 -1.536489 0.000000 0.763030 24
car -1 -1 nan 2514.000000 nan nan nan 1.209678 3.956313 1.642921 24.794516 8.773443 -1.540635 0.000000 0.920736 20
car -1 -1 nan 2535.000000 nan nan nan 1.770125 3.043513 2.226368 2.163951 -18.300722 -0.689994 0.000000 0.796481 1
car -1 -1 nan 2527.000000 nan nan nan 1.303674 3.678715 1.688746 4.723572 10.620712 -1.436656 0.000000 0.871050 3
car -1 -1 nan 2525.000000 nan nan nan 1.500366 3.682669 1.899889 6.641970 -4.988336 -0.800032 0.000000 0.870090 4
car -1 -1 nan 2517.000000 nan nan nan 1.335294 3.900030 1.672812 2.770378 -12.965140 -0.926189 0.000000 0.895647 9
person -1 -1 nan 2434.000000 nan nan nan 0.774475 0.212788 0.274142 9.934935 -33.972201 -0.219324 0.000000 0.799518 49
person -1 -1 nan 2536.000000 nan nan nan 1.270769 0.934477 0.912988 15.509903 -5.715603 -0.955882 0.000000 0.710221 46
person -1 -1 nan 2548.000000 nan nan nan 0.756816 0.399014 0.493610 15.012436 -7.928644 -0.956621 0.000000 0.728491 43
person -1 -1 nan 2531.000000 nan nan nan 1.541501 1.144531 1.432978 -1.704661 -17.130532 -0.570790 0.000000 0.888369 42
person -1 -1 nan 2540.000000 nan nan nan 1.476549 0.711544 1.495001 22.754712 -6.657162 -0.557622 0.000000 0.804855 22
person -1 -1 nan 2554.000000 nan nan nan 0.697968 0.441997 0.688736 17.631331 -6.734564 -0.906413 0.000000 0.694008 15
person -1 -1 nan 2512.000000 nan nan nan 1.342166 0.595432 0.923840 19.252638 -6.620822 -0.623320 0.000000 0.617452 4
bicycle -1 -1 nan 2521.000000 nan nan nan 0.628932 0.307871 1.228188 29.551038 -5.767046 -1.348151 0.000000 0.884144 17
bicycle -1 -1 nan 2539.000000 nan nan nan 1.113685 0.675629 1.633716 19.202952 -3.178720 -1.291588 0.000000 0.812339 3
