car -1 -1 nan 1497.000000 nan nan nan 0.416003 0.730356 0.374474 -37.688769 -15.626237 -3.452510 0.000000 0.778321 86
truck -1 -1 nan 1478.000000 nan nan nan 0.802710 1.415853 0.794872 46.192185 10.669839 1.416217 0.000000 0.774387 87
car -1 -1 nan 1505.000000 nan nan nan 0.331839 0.389465 0.303212 -28.964350 -20.071993 -2.724569 0.000000 0.686091 68
other-vehicle -1 -1 nan 1450.000000 nan nan nan 1.474024 1.190107 0.243696 41.956006 10.268258 -0.449390 0.000000 0.861139 48
car -1 -1 nan 1426.000000 nan nan nan 0.244279 1.227618 0.471862 -5.187282 -46.986960 -1.475148 0.000000 0.582254 77
car -1 -1 nan 1476.000000 nan nan nan 0.226077 0.875255 1.248271 -29.645740 -40.728180 -2.368514 0.000000 0.689483 79
other-vehicle -1 -1 nan 1513.000000 nan nan nan 1.749843 0.344721 2.592223 19.872555 -33.419965 0.678614 0.000000 0.902339 80
car -1 -1 nan 1449.000000 nan nan nan 0.808626 0.501061 0.757806 15.282611 35.689650 -1.761692 0.000000 0.806999 75
other-vehicle -1 -1 nan 1511.000000 nan nan nan 0.293320 0.443274 0.414321 -3.575414 -17.758046 -0.775696 0.000000 0.320999 73
car -1 -1 nan 1488.000000 nan nan nan 0.296989 0.652155 2.165936 23.555156 -7.889842 0.723031 0.000000 0.574904 11
other-vehicle -1 -1 nan 1484.000000 nan nan nan 1.553874 2.451325 1.865287 -34.319412 -22.611172 -2.263725 0.000000 0.801630 71
car -1 -1 nan 1521.000000 nan nan nan 0.742647 1.381018 1.560971 7.137339 -40.351106 -0.073836 0.000000 0.764773 59
other-vehicle -1 -1 nan 1498.000000 nan nan nan 0.637586 0.899325 1.954034 -6.174330 -17.900292 -0.849560 0.000000 0.492464 58
truck -1 -1 nan 1496.000000 nan nan nan 2.946842 2.919101 3.935724 -17.002869 -42.060060 -0.673111 0.000000 0.876466 50
car -1 -1 nan 1501.000000 nan nan nan 1.348191 2.010912 4.085930 23.238505 4.318670 -0.645205 0.000000 0.898821 32
truck -1 -1 nan 1520.000000 nan nan nan 1.887708 1.099030 1.420667 -17.131105 -44.541343 -0.283828 0.000000 0.778777 31
car -1 -1 nan 1491.000000 nan nan nan 1.044107 3.079758 1.187832 6.473031 -27.210825 -0.107644 0.000000 0.867936 28
car -1 -1 nan 1489.000000 nan nan nan 1.073775 1.545755 1.235150 40.273792 -0.848826 -0.481265 0.000000 0.838834 24
car -1 -1 nan 1529.000000 nan nan nan 1.279795 3.915722 1.840377 27.066792 9.582544 -0.850496 0.000000 0.946267 20
car -1 -1 nan 1506.000000 nan nan nan 1.289950 3.143461 2.354392 5.391562 -18.735234 -0.514194 0.000000 0.921064 1
car -1 -1 nan 1486.000000 nan nan nan 1.213260 3.830470 1.751134 6.913648 10.789724 -1.253305 0.000000 0.386590 3
car -1 -1 nan 1474.000000 nan nan nan 1.488223 3.722431 1.941031 9.236720 -4.834393 -0.568065 0.000000 0.893532 4
truck -1 -1 nan 1502.000000 nan nan nan 2.009555 3.091574 2.866999 -29.612574 -34.554004 -1.718934 0.000000 0.734312 6
car -1 -1 nan 1508.000000 nan nan nan 0.880692 1.583271 0.926318 38.253412 2.122286 -0.429923 0.000000 0.713876 7
car -1 -1 nan 1500.000000 nan nan nan 1.307772 4.031719 1.764577 5.702105 -12.974390 -0.746155 0.000000 0.893017 9
person -1 -1 nan 1514.000000 nan nan nan 0.596727 0.380750 0.519707 20.454024 -5.884653 -0.346258 0.000000 0.790664 30
person -1 -1 nan 1518.000000 nan nan nan 1.150124 0.464691 1.096313 19.172966 -7.163097 -0.149760 0.000000 0.751680 22
person -1 -1 nan 1469.000000 nan nan nan 0.439158 0.405392 0.445537 25.095176 -5.744450 -0.365632 0.000000 0.742771 15
person -1 -1 nan 1447.000000 nan nan nan 1.449654 1.076548 0.590817 0.830863 -17.286399 -0.449058 0.000000 0.408792 7
person -1 -1 nan 1515.000000 nan nan nan 1.457578 0.968384 0.986785 22.850920 -4.960425 -0.274667 0.000000 0.899726 4
bicycle -1 -1 nan 1507.000000 nan nan nan 0.984855 0.668645 1.611899 21.903668 -2.561517 -0.720057 0.000000 0.643051 3
