car -1 -1 nan 2913.000000 nan nan nan 0.598016 1.003827 1.343285 -3.974846 -40.378125 0.101266 0.000000 0.767140 147
truck -1 -1 nan 2870.000000 nan nan nan 2.515122 3.874649 2.314989 -28.998159 -39.311935 -0.145057 0.000000 0.750724 31
car -1 -1 nan 2893.000000 nan nan nan 1.031733 3.671814 1.276123 31.644379 32.114816 -2.306855 0.000000 0.858707 141
truck -1 -1 nan 2864.000000 nan nan nan 1.014181 1.395087 0.492332 -41.405564 -16.537732 -1.303658 0.000000 0.856479 144
truck -1 -1 nan 2882.000000 nan nan nan 1.894406 3.313582 2.559081 -39.425765 -27.942767 -1.033605 0.000000 0.861042 146
car -1 -1 nan 2884.000000 nan nan nan 0.203112 0.899036 0.606736 -16.301693 -35.227111 -1.488910 0.000000 0.870224 139
car -1 -1 nan 2920.000000 nan nan nan 1.443714 1.411683 2.235111 -41.876863 -14.731141 -1.328501 0.000000 0.805211 140
car -1 -1 nan 2875.000000 nan nan nan 0.529484 1.348289 1.462420 -2.126119 -27.286787 -0.160436 0.000000 0.685532 120
car -1 -1 nan 2878.000000 nan nan nan 0.884314 1.727838 3.666362 39.298966 29.865771 -2.339786 0.000000 0.845990 131
other-vehicle -1 -1 nan 2885.000000 nan nan nan 1.859096 1.424518 0.306685 39.449932 3.312804 -1.276173 0.000000 0.847871 48
other-vehicle -1 -1 nan 2905.000000 nan nan nan 0.643863 1.059564 1.813273 -13.137328 -16.114902 -0.779523 0.000000 0.395946 58
truck -1 -1 nan 2908.000000 nan nan nan 2.570679 2.157029 2.081702 -26.639455 -37.529168 -0.485080 0.000000 0.722402 50
car -1 -1 nan 2886.000000 nan nan nan 1.732098 1.806065 4.535882 -5.391923 3.280426 -0.916854 0.000000 0.910501 32
car -1 -1 nan 2894.000000 nan nan nan 1.007874 1.722938 1.420743 35.666123 -7.515187 -1.495901 0.000000 0.869245 24
car -1 -1 nan 2874.000000 nan nan nan 1.230119 4.020966 1.762438 24.548891 5.137356 -1.582244 0.000000 0.944731 20
car -1 -1 nan 2899.000000 nan nan nan 1.617918 2.261651 2.595358 -1.863010 -18.656195 -0.568451 0.000000 0.789268 1
car -1 -1 nan 2879.000000 nan nan nan 1.255075 3.747051 1.750058 4.831577 9.795907 -1.443488 0.000000 0.855453 3
car -1 -1 nan 2867.000000 nan nan nan 1.493132 3.648825 1.658323 4.448282 -5.883846 -0.813341 0.000000 0.854976 4
car -1 -1 nan 2891.000000 nan nan nan 1.290642 3.770637 2.018718 -0.441853 -12.949749 -0.899575 0.000000 0.899432 9
person -1 -1 nan 2909.000000 nan nan nan 1.384367 0.544173 0.527455 8.747735 43.286761 -2.280370 0.000000 0.484004 56
person -1 -1 nan 2889.000000 nan nan nan 0.770908 0.285189 0.412384 3.289483 -35.158534 -0.205114 0.000000 0.397104 55
person -1 -1 nan 2731.000000 nan nan nan 0.573962 0.508135 0.522380 24.938468 -8.886696 -0.515253 0.000000 0.796478 46
person -1 -1 nan 2895.000000 nan nan nan 0.570847 0.438545 0.392943 12.401180 -10.109999 -0.982787 0.000000 0.512473 43
person -1 -1 nan 2907.000000 nan nan nan 1.569535 0.661408 0.600939 -4.790235 -16.613624 -0.556681 0.000000 0.400402 42
person -1 -1 nan 2880.000000 nan nan nan 1.113044 0.874707 0.630068 20.493200 -9.784298 -0.509688 0.000000 0.868178 22
person -1 -1 nan 2921.000000 nan nan nan 1.091360 0.353105 0.830988 19.501056 -9.703234 -0.901192 0.000000 0.434964 15
person -1 -1 nan 2914.000000 nan nan nan 1.419654 0.445492 0.758595 17.832671 -8.274242 -0.951739 0.000000 0.737793 4
bicycle -1 -1 nan 2896.000000 nan nan nan 1.050811 0.623210 1.670412 26.649468 -10.360476 -1.233650 0.000000 0.861296 23
bicyclist -1 -1 nan 2802.000000 nan nan nan 1.415676 1.031719 0.513739 8.334603 43.087258 -2.019746 0.000000 0.647176 22
bicycle -1 -1 nan 2900.000000 nan nan nan 1.147619 0.757840 1.522095 17.205178 -6.000897 -1.365205 0.000000 0.243153 3
