car -1 -1 nan 1823.000000 nan nan nan 0.559887 0.282504 2.601450 30.235193 36.327170 -1.597537 0.000000 0.832537 101
truck -1 -1 nan 1816.000000 nan nan nan 1.311549 2.761170 0.330214 49.665548 -5.878059 0.914011 0.000000 0.481974 97
car -1 -1 nan 1778.000000 nan nan nan 0.256568 1.229876 0.808983 -36.782199 -31.550373 -2.834405 0.000000 0.858614 99
truck -1 -1 nan 1859.000000 nan nan nan 2.042230 2.178532 1.692316 -18.450258 -43.188748 -0.272535 0.000000 0.871759 94
car -1 -1 nan 1775.000000 nan nan nan 0.206413 0.328269 0.448382 -23.792839 -30.734489 -2.214413 0.000000 0.678618 95
other-vehicle -1 -1 nan 1851.000000 nan nan nan 1.507357 1.414839 0.578978 40.996372 10.807348 -0.045809 0.000000 0.872580 48
other-vehicle -1 -1 nan 1845.000000 nan nan nan 1.662506 2.046715 2.123426 -35.278307 -22.754858 -2.150073 0.000000 0.723168 71
car -1 -1 nan 1817.000000 nan nan nan 0.668715 1.196824 1.464449 6.587532 -40.200130 -0.382188 0.000000 0.773957 59
other-vehicle -1 -1 nan 1821.000000 nan nan nan 0.665125 0.937749 1.974593 -6.939397 -18.027301 -0.999950 0.000000 0.420793 58
truck -1 -1 nan 1853.000000 nan nan nan 2.286807 1.629301 1.831414 -16.244819 -41.794467 -0.674372 0.000000 0.814696 50
car -1 -1 nan 1834.000000 nan nan nan 1.348483 1.993440 4.245207 16.244340 4.136489 -0.816994 0.000000 0.874534 32
truck -1 -1 nan 1871.000000 nan nan nan 0.473900 1.057732 0.906136 -17.733099 -45.635991 -0.307561 0.000000 0.364967 31
car -1 -1 nan 1828.000000 nan nan nan 0.798716 2.425681 1.340371 5.722387 -27.325258 -0.245202 0.000000 0.765528 28
car -1 -1 nan 1833.000000 nan nan nan 1.102491 1.678726 1.726231 39.440378 -0.472745 -0.713674 0.000000 0.851059 24
car -1 -1 nan 1820.000000 nan nan nan 1.296828 3.732789 1.664239 26.023481 9.850594 -1.044789 0.000000 0.932379 20
car -1 -1 nan 1844.000000 nan nan nan 1.281278 3.065517 1.990632 4.783521 -18.778750 -0.691037 0.000000 0.886069 1
car -1 -1 nan 1825.000000 nan nan nan 1.241844 3.686606 1.783884 5.910849 10.782336 -1.276914 0.000000 0.672354 3
car -1 -1 nan 1812.000000 nan nan nan 1.516576 3.704692 2.127761 8.457793 -4.700139 -0.684036 0.000000 0.898312 4
truck -1 -1 nan 1843.000000 nan nan nan 2.116461 3.544851 3.169160 -30.231206 -34.975136 -1.600484 0.000000 0.873691 6
car -1 -1 nan 1847.000000 nan nan nan 0.950700 1.557120 0.965032 43.652478 2.741318 -0.655445 0.000000 0.651751 7
car -1 -1 nan 1838.000000 nan nan nan 1.271647 4.009102 1.766523 4.847328 -12.913739 -0.897352 0.000000 0.938075 9
person -1 -1 nan 1854.000000 nan nan nan 0.718374 0.703957 0.705967 21.216283 -6.221742 0.065173 0.000000 0.799530 30
person -1 -1 nan 1856.000000 nan nan nan 1.309030 0.810293 0.769827 18.270577 -5.226448 -0.649841 0.000000 0.908150 22
person -1 -1 nan 1826.000000 nan nan nan 1.138922 0.585171 0.581821 24.708578 -5.606572 -0.081256 0.000000 0.899655 15
person -1 -1 nan 1862.000000 nan nan nan 1.496717 0.605147 0.372538 3.238054 -18.153346 -0.570333 0.000000 0.402554 7
person -1 -1 nan 1861.000000 nan nan nan 1.507503 1.002022 0.912653 21.985654 -4.779300 -0.507385 0.000000 0.739223 4
motorcycle -1 -1 nan 1818.000000 nan nan nan 0.878917 0.276605 0.588190 -44.555956 3.639770 -2.023227 0.000000 0.885949 12
bicycle -1 -1 nan 1849.000000 nan nan nan 1.164561 0.652531 1.640033 21.019347 -2.369017 -0.912881 0.000000 0.812626 3
