truck -1 -1 nan 3716.000000 nan nan nan 0.634040 1.338545 1.463175 41.618172 7.490880 0.545184 0.000000 0.420511 200
car -1 -1 nan 3678.000000 nan nan nan 0.828981 0.504839 0.251686 -48.891625 -9.272115 -2.848845 0.000000 0.636539 194
car -1 -1 nan 3707.000000 nan nan nan 1.122241 1.335448 0.843213 21.973798 -33.387030 -0.390703 0.000000 0.582438 196
other-vehicle -1 -1 nan 3651.000000 nan nan nan 0.543787 1.309266 0.871565 -36.980291 -1.382003 -2.559282 0.000000 0.513011 197
other-vehicle -1 -1 nan 3630.000000 nan nan nan 0.231723 0.758516 0.851735 20.256025 -39.245896 0.304712 0.000000 0.454751 160
car -1 -1 nan 3699.000000 nan nan nan 0.950830 1.170383 1.579422 -34.482014 -26.723548 -1.625058 0.000000 0.896975 187
other-vehicle -1 -1 nan 3694.000000 nan nan nan 1.929614 1.033189 1.285489 26.965767 -22.366038 0.141828 0.000000 0.312982 48
car -1 -1 nan 3646.000000 nan nan nan 1.388316 2.324791 2.173732 -46.396658 17.543478 -3.512461 0.000000 0.722089 173
other-vehicle -1 -1 nan 3650.000000 nan nan nan 0.547409 0.463302 0.490891 29.946072 14.561559 -0.441919 0.000000 0.449411 176
car -1 -1 nan 3708.000000 nan nan nan 1.372678 3.624293 2.788451 -18.444780 -12.614215 -1.520485 0.000000 0.918604 178
other-vehicle -1 -1 nan 3689.000000 nan nan nan 0.693169 4.406818 1.969079 -31.014102 6.889754 -2.367904 0.000000 0.799581 167
other-vehicle -1 -1 nan 3712.000000 nan nan nan 0.262117 0.744164 0.683715 -23.734903 -4.573314 -1.824810 0.000000 0.223750 159
car -1 -1 nan 3704.000000 nan nan nan 1.387721 1.700657 1.656972 -24.346728 -18.218331 -1.652002 0.000000 0.871598 120
other-vehicle -1 -1 nan 3701.000000 nan nan nan 0.464567 1.737951 1.557668 -25.447851 -2.266546 -1.833944 0.000000 0.297371 58
car -1 -1 nan 3692.000000 nan nan nan 1.315669 3.457591 3.271076 -16.628959 18.453468 -1.632896 0.000000 0.813614 32
car -1 -1 nan 3698.000000 nan nan nan 1.099421 2.641025 3.586902 17.946424 -28.453793 -0.590290 0.000000 0.935274 24
car -1 -1 nan 3690.000000 nan nan nan 1.271070 3.338246 2.918780 16.744928 -11.057776 -0.670286 0.000000 0.947861 20
car -1 -1 nan 3695.000000 nan nan nan 1.262337 2.949785 2.999479 5.152275 5.276906 -0.997374 0.000000 0.876474 3
car -1 -1 nan 3682.000000 nan nan nan 1.455326 3.275650 3.045265 -5.300021 -6.187116 -0.963011 0.000000 0.890062 4
car -1 -1 nan 3718.000000 nan nan nan 1.263066 3.585124 2.579929 -13.499989 -8.680629 -1.475602 0.000000 0.839299 9
person -1 -1 nan 3714.000000 nan nan nan 0.834727 0.868522 0.941802 0.799466 -16.075969 -0.815762 0.000000 0.773530 61
person -1 -1 nan 3600.000000 nan nan nan 0.979039 0.313216 0.323230 -25.731551 -28.577503 -1.684153 0.000000 0.423792 55
person -1 -1 nan 3719.000000 nan nan nan 1.370987 0.552853 0.833829 1.295216 -14.255554 -0.829833 0.000000 0.905443 43
person -1 -1 nan 3662.000000 nan nan nan 1.097394 0.342929 0.560178 -19.266783 -9.151738 -1.657835 0.000000 0.226986 42
person -1 -1 nan 3696.000000 nan nan nan 0.441909 0.431071 0.307392 0.985935 -18.952028 0.098658 0.000000 0.672004 22
person -1 -1 nan 3720.000000 nan nan nan 0.620645 0.669330 0.529056 -0.948014 -15.384498 -0.446388 0.000000 0.835195 15
person -1 -1 nan 3717.000000 nan nan nan 1.537392 0.553478 0.535186 2.950665 -16.927272 -0.700306 0.000000 0.755540 4
bicyclist -1 -1 nan 3713.000000 nan nan nan 0.727378 0.223905 0.382125 26.140045 25.619362 -0.896926 0.000000 0.609859 25
bicyclist -1 -1 nan 3691.000000 nan nan nan 1.474794 0.800973 0.785693 23.960503 22.983683 -0.744816 0.000000 0.906379 22
bicycle -1 -1 nan 3710.000000 nan nan nan 1.184632 1.285843 1.079322 4.082278 -14.667810 -1.117807 0.000000 0.810664 3
