other-vehicle -1 -1 nan 4017.000000 nan nan nan 0.381241 1.514529 0.552364 -25.993711 2.561708 -1.961449 0.000000 0.482127 230
other-vehicle -1 -1 nan 4045.000000 nan nan nan 0.830257 2.777636 0.720497 -29.158801 20.073614 -2.625366 0.000000 0.725557 231
other-vehicle -1 -1 nan 4038.000000 nan nan nan 0.480837 1.468630 0.323076 -28.881071 17.819687 -2.364715 0.000000 0.729503 167
other-vehicle -1 -1 nan 4029.000000 nan nan nan 0.648723 0.799078 0.457619 29.514243 2.308094 -0.715474 0.000000 0.722645 224
other-vehicle -1 -1 nan 3983.000000 nan nan nan 1.390235 2.009819 1.043994 -31.302743 -1.792328 -1.259354 0.000000 0.813624 226
other-vehicle -1 -1 nan 4033.000000 nan nan nan 0.743943 1.002524 0.494385 -31.603642 1.431152 -1.379542 0.000000 0.350645 227
other-vehicle -1 -1 nan 4052.000000 nan nan nan 2.371340 4.789391 1.213757 -35.005794 -23.402604 -0.106989 0.000000 0.850121 209
car -1 -1 nan 4042.000000 nan nan nan 0.973282 0.824093 1.347558 4.205254 -38.912926 -0.219413 0.000000 0.711253 196
car -1 -1 nan 4011.000000 nan nan nan 0.503037 1.307401 1.355316 -45.620446 -11.164355 -1.684500 0.000000 0.833843 187
other-vehicle -1 -1 nan 4023.000000 nan nan nan 1.288947 0.499851 1.573347 12.995104 -30.573792 0.742429 0.000000 0.785322 48
car -1 -1 nan 4032.000000 nan nan nan 1.206340 2.571896 3.555070 -25.743863 -3.966983 -1.423204 0.000000 0.859074 178
car -1 -1 nan 4022.000000 nan nan nan 1.412908 1.746336 2.779446 -33.225944 -6.757338 -1.564121 0.000000 0.864597 120
other-vehicle -1 -1 nan 4031.000000 nan nan nan 0.449666 1.613820 0.861837 -27.863088 8.190654 -2.062790 0.000000 0.119707 58
car -1 -1 nan 4049.000000 nan nan nan 1.313688 4.066575 1.912088 -13.885983 30.979568 -2.183835 0.000000 0.872384 32
car -1 -1 nan 4015.000000 nan nan nan 1.053913 3.458126 2.572672 1.888316 -32.640296 -0.436327 0.000000 0.908778 24
car -1 -1 nan 4014.000000 nan nan nan 1.272746 2.336579 3.770332 7.952023 -16.230721 -0.534610 0.000000 0.915167 20
car -1 -1 nan 4019.000000 nan nan nan 1.250328 2.194534 3.736838 3.589873 3.246169 -1.085725 0.000000 0.951167 3
car -1 -1 nan 4006.000000 nan nan nan 1.459664 2.732129 3.559540 -10.748904 -3.366942 -0.922300 0.000000 0.896891 4
car -1 -1 nan 4027.000000 nan nan nan 1.080067 2.704345 3.737749 -19.414634 -2.249400 -1.518027 0.000000 0.867700 9
person -1 -1 nan 4037.000000 nan nan nan 1.369341 0.741663 1.014910 -10.270210 -13.682709 -0.554260 0.000000 0.785668 61
person -1 -1 nan 4047.000000 nan nan nan 1.346627 0.404434 0.734102 -7.387073 -13.821899 -0.679688 0.000000 0.856784 43
person -1 -1 nan 3948.000000 nan nan nan 0.807557 0.415655 0.441163 -25.171119 -1.180492 -1.834197 0.000000 0.456419 42
person -1 -1 nan 3947.000000 nan nan nan 0.367677 0.418276 0.369717 -9.897864 -17.848611 0.098407 0.000000 0.809183 22
person -1 -1 nan 4041.000000 nan nan nan 0.952843 1.343889 1.219241 -9.579918 -13.753533 -0.625702 0.000000 0.830406 15
person -1 -1 nan 4044.000000 nan nan nan 1.512194 0.479467 0.474746 -7.171091 -16.230662 -0.517048 0.000000 0.137139 4
bicyclist -1 -1 nan 4040.000000 nan nan nan 1.628818 0.662683 1.159873 23.712206 11.160368 -0.980512 0.000000 0.892143 22
bicycle -1 -1 nan 4035.000000 nan nan nan 1.157002 1.744584 0.655017 -5.315233 -14.761467 -0.906384 0.000000 0.835767 3
