car -1 -1 nan 3015.000000 nan nan nan 0.599868 0.967109 1.366495 -9.068186 -39.828203 0.087797 0.000000 0.665368 147
truck -1 -1 nan 3087.000000 nan nan nan 2.181197 1.390391 1.127286 -34.289228 -35.168987 -0.401156 0.000000 0.807214 31
car -1 -1 nan 3053.000000 nan nan nan 0.185376 0.948966 0.315777 34.259155 29.477907 -2.353386 0.000000 0.447039 141
truck -1 -1 nan 3075.000000 nan nan nan 2.222629 3.488484 2.357683 -43.112673 -23.808491 -1.388571 0.000000 0.829523 146
other-vehicle -1 -1 nan 3077.000000 nan nan nan 1.768951 3.003528 2.945043 -44.266599 -10.565229 -1.836037 0.000000 0.768520 140
car -1 -1 nan 3095.000000 nan nan nan 0.543090 1.350861 1.590588 -5.779621 -26.713204 -0.239279 0.000000 0.845376 120
other-vehicle -1 -1 nan 3080.000000 nan nan nan 1.994983 1.486323 0.811241 38.786199 -1.073693 -0.774350 0.000000 0.851605 48
other-vehicle -1 -1 nan 3054.000000 nan nan nan 0.573086 1.150224 1.972645 -15.653298 -14.628631 -0.907365 0.000000 0.365870 58
other-vehicle -1 -1 nan 3085.000000 nan nan nan 2.569103 2.013114 1.786780 -31.463454 -34.517301 -0.841614 0.000000 0.773585 50
car -1 -1 nan 3065.000000 nan nan nan 1.567732 1.866007 4.594200 -8.723293 4.316668 -1.089523 0.000000 0.929623 32
car -1 -1 nan 3067.000000 nan nan nan 0.891606 1.747167 2.630871 34.436255 -11.437297 -1.298831 0.000000 0.817348 24
car -1 -1 nan 3057.000000 nan nan nan 1.227160 3.934428 1.919738 24.112154 2.307897 -1.338784 0.000000 0.927624 20
car -1 -1 nan 3030.000000 nan nan nan 1.514335 2.152573 2.631316 -4.487403 -18.414244 -0.720205 0.000000 0.838231 1
car -1 -1 nan 3056.000000 nan nan nan 1.299395 3.695332 1.993731 5.059456 9.155404 -1.409311 0.000000 0.824942 3
car -1 -1 nan 3068.000000 nan nan nan 1.480372 3.515946 1.890361 3.056323 -6.357192 -0.781526 0.000000 0.907576 4
car -1 -1 nan 3063.000000 nan nan nan 1.284896 2.781001 1.956952 -2.543964 -12.640668 -0.917261 0.000000 0.895310 9
person -1 -1 nan 2909.000000 nan nan nan 1.384367 0.544173 0.527455 11.868883 30.992165 -1.581892 0.000000 0.484004 56
person -1 -1 nan 3078.000000 nan nan nan 0.586642 0.214581 0.392002 -1.251994 -35.380681 -0.272899 0.000000 0.756595 55
person -1 -1 nan 3029.000000 nan nan nan 0.441043 0.329185 0.353479 12.612508 -13.242779 0.278729 0.000000 0.786854 43
person -1 -1 nan 3081.000000 nan nan nan 1.601588 0.635437 0.703503 -7.332525 -16.173831 -0.650540 0.000000 0.717714 42
person -1 -1 nan 3072.000000 nan nan nan 1.213798 0.774701 0.637235 18.308031 -12.075967 -0.385627 0.000000 0.888756 22
person -1 -1 nan 3084.000000 nan nan nan 0.615463 0.808802 1.404951 14.765444 -11.250493 -0.577706 0.000000 0.773551 15
person -1 -1 nan 3090.000000 nan nan nan 1.473099 1.072759 0.831113 15.964934 -10.507723 -0.727603 0.000000 0.851736 4
bicycle -1 -1 nan 3020.000000 nan nan nan 0.632497 0.511748 1.549725 24.764327 -13.013360 -1.197084 0.000000 0.816053 23
bicyclist -1 -1 nan 3083.000000 nan nan nan 1.520562 0.902955 0.546480 12.113579 40.491210 -2.199482 0.000000 0.263103 22
bicycle -1 -1 nan 3079.000000 nan nan nan 1.203939 0.906184 1.535724 15.658982 -7.936643 -1.194216 0.000000 0.890623 3
