car -1 -1 nan 4743.000000 nan nan nan 0.128881 1.304623 0.309599 -40.828034 -12.583404 0.689174 0.000000 0.459905 263
other-vehicle -1 -1 nan 4744.000000 nan nan nan 1.434033 3.320111 0.820590 -42.071586 10.687508 -1.278679 0.000000 0.801937 264
car -1 -1 nan 4741.000000 nan nan nan 1.082756 1.562014 3.930971 -9.955245 -17.515718 -0.169381 0.000000 0.906098 259
other-vehicle -1 -1 nan 4739.000000 nan nan nan 0.616458 1.866742 0.671986 -35.565657 17.132976 -2.087669 0.000000 0.888855 255
car -1 -1 nan 4749.000000 nan nan nan 1.085617 1.676842 1.214982 43.734332 -1.176501 -1.358390 0.000000 0.645366 250
car -1 -1 nan 4750.000000 nan nan nan 1.190221 1.315452 1.216690 -45.244601 4.692425 -1.483347 0.000000 0.603533 242
car -1 -1 nan 4752.000000 nan nan nan 0.751330 1.297150 1.057391 -36.700265 5.052784 -1.260739 0.000000 0.891343 178
car -1 -1 nan 4742.000000 nan nan nan 1.339832 1.738561 3.391472 -7.625865 2.425900 -1.139761 0.000000 0.937983 3
car -1 -1 nan 4746.000000 nan nan nan 1.607023 1.929341 4.383427 -23.885882 0.842028 -0.899252 0.000000 0.936644 4
car -1 -1 nan 4761.000000 nan nan nan 0.854840 1.695739 3.590633 -31.519611 4.708980 -1.649356 0.000000 0.814009 9
person -1 -1 nan 4755.000000 nan nan nan 0.744091 1.186448 0.402597 -24.630946 -10.535446 -0.143828 0.000000 0.785317 43
person -1 -1 nan 4706.000000 nan nan nan 0.570779 0.526644 0.459965 -25.617890 -13.638019 -0.330237 0.000000 0.772839 22
person -1 -1 nan 4764.000000 nan nan nan 1.048815 0.535813 0.466500 -24.200497 -12.397998 0.028347 0.000000 0.648612 4
bicycle -1 -1 nan 4753.000000 nan nan nan 0.806493 1.193014 0.928307 18.815582 -12.492322 -0.738556 0.000000 0.912182 32
bicycle -1 -1 nan 4738.000000 nan nan nan 0.535837 1.432279 1.241672 18.572436 -16.330465 -0.460241 0.000000 0.909273 31
bicyclist -1 -1 nan 4754.000000 nan nan nan 1.659614 0.560751 1.905492 8.308155 3.490047 -1.116757 0.000000 0.946156 28
bicyclist -1 -1 nan 4732.000000 nan nan nan 1.856669 0.692473 1.945983 4.389775 3.316405 -1.016200 0.000000 0.944361 22
bicycle -1 -1 nan 4737.000000 nan nan nan 0.693754 1.237434 0.528090 -22.115758 -11.869058 -0.521894 0.000000 0.892391 3
