car -1 -1 nan 4522.000000 nan nan nan 0.808934 0.891284 0.964800 -47.365160 -0.985080 -1.993473 0.000000 0.727390 251
car -1 -1 nan 4511.000000 nan nan nan 0.779080 1.452489 1.196627 48.687148 -1.978976 -0.286061 0.000000 0.742650 250
car -1 -1 nan 4501.000000 nan nan nan 0.469464 1.294145 0.291069 -39.636176 5.889038 -2.264658 0.000000 0.790719 242
other-vehicle -1 -1 nan 4454.000000 nan nan nan 1.691069 3.144945 0.530382 -48.132417 -7.876092 -1.152458 0.000000 0.770195 209
car -1 -1 nan 4491.000000 nan nan nan 0.738141 1.133323 1.539815 -17.650653 -37.049112 -0.733549 0.000000 0.806304 196
car -1 -1 nan 4523.000000 nan nan nan 1.058503 1.360824 1.504455 -31.462677 6.218675 -1.975360 0.000000 0.721669 178
other-vehicle -1 -1 nan 4493.000000 nan nan nan 0.495830 1.462519 1.051636 -29.997543 18.220665 -2.455437 0.000000 0.787420 58
car -1 -1 nan 4448.000000 nan nan nan 0.753687 1.110743 1.051983 -8.281887 44.344870 -2.068177 0.000000 0.672784 32
car -1 -1 nan 4507.000000 nan nan nan 0.803351 3.815184 1.649846 -17.234518 -30.261380 -0.852753 0.000000 0.965688 24
car -1 -1 nan 4500.000000 nan nan nan 1.208294 1.577016 4.080739 -5.519538 -17.411842 -0.757353 0.000000 0.900454 20
car -1 -1 nan 4502.000000 nan nan nan 1.154243 1.517837 3.514873 -2.504724 2.454056 -0.894791 0.000000 0.926521 3
car -1 -1 nan 4504.000000 nan nan nan 1.314640 1.870897 4.129042 -18.703274 1.498532 -1.356940 0.000000 0.929519 4
car -1 -1 nan 4503.000000 nan nan nan 0.957799 1.675184 1.222743 -25.134479 5.780600 -2.036449 0.000000 0.768483 9
person -1 -1 nan 4498.000000 nan nan nan 1.224146 0.492410 0.640486 -19.001798 -10.301733 -0.981620 0.000000 0.441413 43
person -1 -1 nan 4517.000000 nan nan nan 0.648637 0.473488 0.404140 -20.872539 -13.603949 -1.197657 0.000000 0.684596 22
person -1 -1 nan 4484.000000 nan nan nan 1.222201 0.364029 0.430402 -21.445669 -7.322761 -0.744479 0.000000 0.762180 15
person -1 -1 nan 4520.000000 nan nan nan 1.429728 0.497635 0.346215 -19.696728 -11.823007 -0.857591 0.000000 0.103527 4
bicycle -1 -1 nan 4521.000000 nan nan nan 0.706240 0.693706 1.605150 23.352175 -14.421775 -0.534207 0.000000 0.867552 31
bicyclist -1 -1 nan 4509.000000 nan nan nan 1.571517 0.522978 1.916139 16.575329 2.820369 -0.762559 0.000000 0.925097 28
bicyclist -1 -1 nan 4495.000000 nan nan nan 1.840096 0.745677 1.733192 12.599967 2.826598 -0.710488 0.000000 0.921445 22
bicycle -1 -1 nan 4518.000000 nan nan nan 0.924438 1.701837 0.738305 -17.370382 -11.203131 -1.287777 0.000000 0.918058 3
