car -1 -1 nan 4994.000000 nan nan nan 1.162257 1.756395 3.560370 -17.126950 -17.359575 -1.193273 0.000000 0.887042 259
other-vehicle -1 -1 nan 4971.000000 nan nan nan 1.093918 2.665104 0.886450 -48.403930 11.992936 -1.994822 0.000000 0.686454 264
car -1 -1 nan 4985.000000 nan nan nan 1.028919 1.491369 1.207896 36.980760 -1.790536 -0.525836 0.000000 0.873452 250
car -1 -1 nan 4997.000000 nan nan nan 1.266248 1.623470 3.418220 -14.716620 2.512314 -1.418514 0.000000 0.918447 3
car -1 -1 nan 5000.000000 nan nan nan 1.494076 1.841074 3.875381 -30.629559 1.007820 -1.843085 0.000000 0.828871 4
car -1 -1 nan 4996.000000 nan nan nan 0.696610 1.530608 0.979753 -36.827554 5.291677 -2.224936 0.000000 0.460660 9
person -1 -1 nan 4896.000000 nan nan nan 1.021296 0.400696 0.274286 -30.215696 -11.383363 -0.199871 0.000000 0.222426 22
person -1 -1 nan 4946.000000 nan nan nan 0.645598 0.346508 0.256116 -32.687258 -8.728722 -0.724453 0.000000 0.849912 43
person -1 -1 nan 4979.000000 nan nan nan 0.376561 0.362436 0.361665 -30.333828 -11.020994 -0.981583 0.000000 0.806208 4
motorcycle -1 -1 nan 5010.000000 nan nan nan 0.729008 0.712889 1.678175 11.691963 -14.238157 -0.839547 0.000000 0.852213 34
bicycle -1 -1 nan 5005.000000 nan nan nan 0.797452 1.479215 1.353912 11.696599 -11.791185 -0.940680 0.000000 0.787629 32
bicycle -1 -1 nan 4991.000000 nan nan nan 0.786718 1.452188 1.316085 11.602897 -16.261704 -0.841010 0.000000 0.793049 31
bicyclist -1 -1 nan 4989.000000 nan nan nan 1.723796 0.803721 1.810425 -1.781132 3.465674 -1.065577 0.000000 0.929792 28
bicyclist -1 -1 nan 5006.000000 nan nan nan 1.934037 0.635386 1.915682 -5.876343 3.274600 -1.084220 0.000000 0.926525 22
