other-vehicle -1 -1 nan 665.000000 nan nan nan 1.023997 1.274212 0.331205 47.437125 8.951118 0.428253 0.000000 0.866685 48
truck -1 -1 nan 664.000000 nan nan nan 0.462425 0.744940 0.637271 -11.259465 -43.285611 -2.196858 0.000000 0.497202 50
car -1 -1 nan 610.000000 nan nan nan 0.159273 0.305974 1.222917 -26.391775 -38.922910 -3.018518 0.000000 0.731443 46
truck -1 -1 nan 647.000000 nan nan nan 1.914865 1.656674 2.028454 -4.546190 -43.694108 -0.209706 0.000000 0.657316 40
other-vehicle -1 -1 nan 642.000000 nan nan nan 1.151449 3.290659 0.295729 26.965148 -25.039007 0.889375 0.000000 0.883756 43
car -1 -1 nan 645.000000 nan nan nan 1.426470 1.872638 3.608512 42.478313 3.874035 0.203332 0.000000 0.709681 32
other-vehicle -1 -1 nan 602.000000 nan nan nan 1.508467 1.223120 1.763082 3.984456 -24.010012 -0.427575 0.000000 0.537785 35
truck -1 -1 nan 685.000000 nan nan nan 1.350346 0.666850 1.633226 -14.269926 -42.795366 -1.131201 0.000000 0.626556 31
car -1 -1 nan 676.000000 nan nan nan 0.453633 2.013394 1.085310 -25.156920 -18.494651 -3.268251 0.000000 0.814351 8
car -1 -1 nan 673.000000 nan nan nan 0.836250 2.493728 1.586588 28.519554 -7.824336 0.699839 0.000000 0.477863 11
car -1 -1 nan 657.000000 nan nan nan 1.249804 3.485874 1.446721 10.694145 -27.887697 -0.323182 0.000000 0.905591 28
car -1 -1 nan 668.000000 nan nan nan 0.684531 1.516336 0.956906 45.049904 -2.199290 0.049980 0.000000 0.834162 24
car -1 -1 nan 654.000000 nan nan nan 1.309046 3.906402 1.580355 32.439241 8.684611 -0.331040 0.000000 0.883627 20
car -1 -1 nan 674.000000 nan nan nan 1.272559 3.986757 1.708039 10.288279 -19.374912 -0.550591 0.000000 0.883542 1
car -1 -1 nan 643.000000 nan nan nan 1.256290 3.806857 1.651185 12.284429 10.556082 -0.955050 0.000000 0.495294 3
car -1 -1 nan 659.000000 nan nan nan 1.432165 3.674173 1.892705 14.204990 -5.156226 -0.403401 0.000000 0.954399 4
truck -1 -1 nan 639.000000 nan nan nan 2.039069 2.875218 2.502899 -25.675452 -33.597399 -2.083502 0.000000 0.801991 6
car -1 -1 nan 660.000000 nan nan nan 1.110709 1.810080 2.595362 29.337096 0.617529 -0.221769 0.000000 0.810747 7
car -1 -1 nan 653.000000 nan nan nan 1.304669 3.962984 1.643414 10.385424 -13.269514 -0.637907 0.000000 0.952980 9
person -1 -1 nan 649.000000 nan nan nan 1.026217 0.900118 0.919096 23.218740 -5.750801 -0.233654 0.000000 0.908279 13
person -1 -1 nan 682.000000 nan nan nan 1.511893 0.676823 0.680530 8.188319 -17.840979 -0.465330 0.000000 0.245245 7
person -1 -1 nan 544.000000 nan nan nan 0.412078 0.635340 0.521091 -5.901334 -38.348654 -1.944549 0.000000 0.873976 5
person -1 -1 nan 498.000000 nan nan nan 0.439537 0.454904 0.422190 29.188248 -6.621881 0.113620 0.000000 0.519466 3
person -1 -1 nan 683.000000 nan nan nan 1.472594 0.974581 1.047393 27.802909 -5.855344 0.110966 0.000000 0.910637 4
bicyclist -1 -1 nan 532.000000 nan nan nan 1.119674 0.615613 1.528964 26.613309 -3.335244 -0.264335 0.000000 0.905573 3
motorcycle -1 -1 nan 499.000000 nan nan nan 0.719937 0.489714 0.407820 2.871030 -17.632269 -1.154958 0.000000 0.725803 2
