car -1 -1 nan 4701.000000 nan nan nan 0.508107 1.493466 3.284143 -8.874792 -17.502738 0.160462 0.000000 0.836192 259
car -1 -1 nan 4702.000000 nan nan nan 0.567933 2.421626 0.746192 -34.702247 17.048343 -2.436040 0.000000 0.885576 255
car -1 -1 nan 4696.000000 nan nan nan 0.566129 1.430476 0.584877 44.534337 -1.305713 -0.966738 0.000000 0.698617 250
car -1 -1 nan 4713.000000 nan nan nan 1.171327 1.566271 1.493486 -44.269212 4.768264 -2.011123 0.000000 0.714618 242
other-vehicle -1 -1 nan 4686.000000 nan nan nan 0.606867 0.442436 0.293115 -50.880602 -0.443930 -1.296664 0.000000 0.563977 209
car -1 -1 nan 4707.000000 nan nan nan 0.533254 1.045006 0.469507 -35.781322 5.220608 -1.618591 0.000000 0.634509 178
car -1 -1 nan 4719.000000 nan nan nan 1.407750 1.670639 3.481984 -6.702610 2.444948 -1.160089 0.000000 0.949689 3
car -1 -1 nan 4695.000000 nan nan nan 1.496611 2.359360 4.039530 -22.950779 0.909448 -1.134545 0.000000 0.892827 4
car -1 -1 nan 4721.000000 nan nan nan 1.016152 2.232047 3.660482 -30.598715 4.776671 -1.895536 0.000000 0.922036 9
person -1 -1 nan 4730.000000 nan nan nan 0.884560 0.387579 0.560741 -22.750821 -11.053158 -0.307887 0.000000 0.910489 43
person -1 -1 nan 4706.000000 nan nan nan 0.570779 0.526644 0.459965 -24.764367 -13.759782 -0.492233 0.000000 0.772839 22
person -1 -1 nan 4728.000000 nan nan nan 1.059477 0.437270 0.319314 -23.408369 -12.288187 -0.139465 0.000000 0.496116 4
bicycle -1 -1 nan 4729.000000 nan nan nan 0.619934 0.505489 1.633490 19.467519 -13.932949 -0.414292 0.000000 0.800283 32
bicycle -1 -1 nan 4725.000000 nan nan nan 0.537222 1.477175 1.323053 19.388433 -16.555545 -0.261176 0.000000 0.816596 31
bicyclist -1 -1 nan 4708.000000 nan nan nan 1.659156 0.559075 1.941707 9.724880 3.407947 -1.044462 0.000000 0.947921 28
bicyclist -1 -1 nan 4720.000000 nan nan nan 1.874487 0.668711 1.994688 5.835115 3.283793 -0.971244 0.000000 0.934040 22
bicycle -1 -1 nan 4722.000000 nan nan nan 0.681914 1.270461 0.378972 -21.325396 -11.682683 -0.639010 0.000000 0.604239 3
