car -1 -1 nan 3783.000000 nan nan nan 1.783553 1.710453 1.518422 -24.709632 -30.840028 -0.509817 0.000000 0.677819 209
truck -1 -1 nan 3803.000000 nan nan nan 1.401028 1.787044 1.188070 38.700877 6.654317 0.888052 0.000000 0.728866 206
truck -1 -1 nan 3794.000000 nan nan nan 1.999854 2.321627 1.521112 41.338096 3.181899 0.663590 0.000000 0.850807 200
car -1 -1 nan 3811.000000 nan nan nan 0.992315 1.041040 1.140384 17.488623 -35.604961 -0.250756 0.000000 0.674565 196
other-vehicle -1 -1 nan 3795.000000 nan nan nan 1.107270 0.965282 1.366415 14.118218 -41.200733 1.001819 0.000000 0.829606 160
car -1 -1 nan 3777.000000 nan nan nan 0.933800 1.610763 1.182531 -37.907514 -23.040692 -1.879800 0.000000 0.846016 187
other-vehicle -1 -1 nan 3788.000000 nan nan nan 0.966859 0.645255 0.965252 23.595829 -25.412799 0.360088 0.000000 0.398031 48
car -1 -1 nan 3784.000000 nan nan nan 0.820180 1.558284 0.710816 -44.513431 22.282594 -3.763749 0.000000 0.826129 173
other-vehicle -1 -1 nan 3796.000000 nan nan nan 0.693445 0.767064 0.506532 30.343264 11.117124 -0.570633 0.000000 0.712571 176
car -1 -1 nan 3800.000000 nan nan nan 1.443698 3.421894 2.837545 -20.708355 -10.451659 -1.453612 0.000000 0.930989 178
other-vehicle -1 -1 nan 3813.000000 nan nan nan 0.693256 2.561708 1.082489 -30.689929 9.978541 -2.398976 0.000000 0.756478 167
other-vehicle -1 -1 nan 3742.000000 nan nan nan 0.413486 0.810794 0.533649 -25.319876 -1.723707 -1.944728 0.000000 0.285192 159
car -1 -1 nan 3789.000000 nan nan nan 1.369999 2.690802 2.360712 -27.334789 -15.656522 -1.634854 0.000000 0.759113 120
other-vehicle -1 -1 nan 3792.000000 nan nan nan 0.541653 2.390891 1.123112 -26.670589 0.611265 -1.896270 0.000000 0.404646 58
car -1 -1 nan 3781.000000 nan nan nan 1.425522 3.522795 3.127490 -16.637108 21.814431 -1.803229 0.000000 0.801640 32
car -1 -1 nan 3791.000000 nan nan nan 1.074946 2.962077 3.288933 13.697205 -30.309682 -0.515594 0.000000 0.916027 24
car -1 -1 nan 3778.000000 nan nan nan 1.333610 3.074202 3.260965 14.557146 -12.850217 -0.638062 0.000000 0.925727 20
car -1 -1 nan 3780.000000 nan nan nan 1.532032 2.901930 3.329935 4.792957 4.674205 -0.946319 0.000000 0.882259 3
car -1 -1 nan 3790.000000 nan nan nan 1.445363 3.017198 3.272088 -6.875960 -5.583849 -0.942522 0.000000 0.930218 4
car -1 -1 nan 3772.000000 nan nan nan 1.268993 3.371051 2.878006 -15.393597 -7.114703 -1.469896 0.000000 0.902916 9
person -1 -1 nan 3714.000000 nan nan nan 0.834727 0.868522 0.941802 -1.718830 -16.550220 -0.861001 0.000000 0.773530 61
person -1 -1 nan 3806.000000 nan nan nan 1.374703 0.506646 0.788476 -0.815741 -14.342315 -0.838167 0.000000 0.318632 43
person -1 -1 nan 3756.000000 nan nan nan 0.615127 0.276121 0.313650 -21.143516 -7.064516 -1.722207 0.000000 0.173032 42
person -1 -1 nan 3782.000000 nan nan nan 0.356612 0.299092 0.306982 -2.400896 -18.821102 0.096090 0.000000 0.614284 22
person -1 -1 nan 3769.000000 nan nan nan 1.130500 0.509714 0.831223 -3.901690 -15.296401 -0.513179 0.000000 0.461366 15
person -1 -1 nan 3808.000000 nan nan nan 1.537543 1.166103 0.675510 0.055021 -17.285226 -0.606376 0.000000 0.615055 4
bicyclist -1 -1 nan 3713.000000 nan nan nan 0.727378 0.223905 0.382125 27.967689 22.234448 -0.775384 0.000000 0.609859 25
bicyclist -1 -1 nan 3779.000000 nan nan nan 1.585147 0.694019 0.825950 24.461217 19.487343 -0.811152 0.000000 0.894961 22
bicycle -1 -1 nan 3802.000000 nan nan nan 1.230225 1.481726 0.962169 1.518062 -15.109631 -1.040015 0.000000 0.766602 3
