car -1 -1 nan 4447.000000 nan nan nan 0.550031 1.282103 0.485151 49.138017 -1.824367 -0.455796 0.000000 0.736571 250
other-vehicle -1 -1 nan 4414.000000 nan nan nan 0.675049 1.282043 0.495914 -27.372542 27.025124 -2.756217 0.000000 0.755081 245
car -1 -1 nan 4413.000000 nan nan nan 0.995134 1.431007 0.675475 -39.059438 5.979500 -2.121019 0.000000 0.673731 242
other-vehicle -1 -1 nan 4454.000000 nan nan nan 1.691069 3.144945 0.530382 -47.236540 -8.563922 -1.040798 0.000000 0.770195 209
car -1 -1 nan 4489.000000 nan nan nan 1.060404 1.106000 1.592424 -16.779198 -37.091067 -0.743466 0.000000 0.826618 196
car -1 -1 nan 4488.000000 nan nan nan 1.054614 1.538763 1.092016 -30.585226 6.237605 -1.908720 0.000000 0.656081 178
other-vehicle -1 -1 nan 4461.000000 nan nan nan 0.505923 1.756662 0.651689 -29.454215 18.288657 -2.366862 0.000000 0.563705 58
car -1 -1 nan 4448.000000 nan nan nan 0.753687 1.110743 1.051983 -8.264411 43.583470 -2.109464 0.000000 0.672784 32
car -1 -1 nan 4463.000000 nan nan nan 1.118478 1.418282 1.629145 -16.361887 -29.804327 -0.823943 0.000000 0.805643 24
car -1 -1 nan 4456.000000 nan nan nan 1.276820 1.595225 4.059122 -4.693768 -17.435294 -0.750724 0.000000 0.929034 20
car -1 -1 nan 4458.000000 nan nan nan 1.419176 1.522358 3.537750 -1.779028 2.536387 -0.776485 0.000000 0.929918 3
car -1 -1 nan 4460.000000 nan nan nan 1.371723 1.885387 4.098080 -17.880376 1.402418 -1.322012 0.000000 0.902172 4
car -1 -1 nan 4459.000000 nan nan nan 1.289445 1.688797 1.421178 -24.900704 5.676716 -1.905495 0.000000 0.713491 9
person -1 -1 nan 4483.000000 nan nan nan 1.215194 0.395254 0.605123 -18.196387 -10.291469 -0.968360 0.000000 0.276056 43
person -1 -1 nan 4469.000000 nan nan nan 0.757014 0.753464 0.570425 -20.011245 -13.681628 -1.079005 0.000000 0.748856 22
person -1 -1 nan 4484.000000 nan nan nan 1.222201 0.364029 0.430402 -20.435014 -7.974011 -0.743070 0.000000 0.762180 15
person -1 -1 nan 4477.000000 nan nan nan 1.365446 0.432998 0.468582 -18.923972 -11.889308 -0.851787 0.000000 0.152587 4
bicyclist -1 -1 nan 4468.000000 nan nan nan 1.581377 0.526924 1.630798 17.914074 2.887934 -0.753391 0.000000 0.938309 28
bicyclist -1 -1 nan 4449.000000 nan nan nan 1.773992 0.682566 1.543989 13.877300 2.796865 -0.710148 0.000000 0.927188 22
bicycle -1 -1 nan 4470.000000 nan nan nan 0.890714 1.790556 0.882159 -16.575918 -11.256307 -1.282074 0.000000 0.933680 3
