car -1 -1 nan 4549.000000 nan nan nan 0.592955 0.298847 0.918350 -48.881708 -0.125636 -1.270331 0.000000 0.595626 251
car -1 -1 nan 4577.000000 nan nan nan 0.938727 1.450360 1.121862 47.015610 -1.895009 -0.698780 0.000000 0.671384 250
car -1 -1 nan 4593.000000 nan nan nan 0.834253 1.319959 1.056711 -41.483206 5.680738 -2.260695 0.000000 0.656015 242
other-vehicle -1 -1 nan 4606.000000 nan nan nan 1.706722 1.650336 1.143119 -49.348278 -3.574826 -0.730330 0.000000 0.682079 209
car -1 -1 nan 4529.000000 nan nan nan 0.504262 0.416294 1.503866 -19.368267 -36.637542 -0.521768 0.000000 0.744964 196
car -1 -1 nan 4598.000000 nan nan nan 0.897360 1.380877 0.945366 -33.053772 6.103971 -1.823125 0.000000 0.519009 178
other-vehicle -1 -1 nan 4540.000000 nan nan nan 0.364616 0.428763 0.335639 -31.579635 19.004376 -2.403365 0.000000 0.433906 58
car -1 -1 nan 4584.000000 nan nan nan 0.765074 1.293256 1.554902 -18.559279 -29.728873 -0.454487 0.000000 0.733827 24
car -1 -1 nan 4580.000000 nan nan nan 1.272880 0.827305 1.319724 -7.995525 -17.188118 -0.483276 0.000000 0.697253 20
car -1 -1 nan 4583.000000 nan nan nan 1.235017 1.693353 3.527615 -4.080015 2.463694 -1.121168 0.000000 0.942087 3
car -1 -1 nan 4578.000000 nan nan nan 1.414923 1.958008 4.067054 -20.357739 1.369019 -1.275844 0.000000 0.888579 4
car -1 -1 nan 4589.000000 nan nan nan 1.224835 1.658982 3.621437 -27.172419 5.601562 -1.867025 0.000000 0.758493 9
person -1 -1 nan 4610.000000 nan nan nan 1.319013 0.498112 0.703500 -20.571591 -10.508723 -0.761822 0.000000 0.877551 43
person -1 -1 nan 4585.000000 nan nan nan 0.255071 0.787106 0.853341 -22.104877 -14.332046 -1.101013 0.000000 0.410206 22
person -1 -1 nan 4484.000000 nan nan nan 1.222201 0.364029 0.430402 -23.466979 -6.020262 -0.747295 0.000000 0.762180 15
person -1 -1 nan 4604.000000 nan nan nan 1.275204 0.529238 0.405871 -21.137486 -11.915861 -0.625166 0.000000 0.780107 4
bicycle -1 -1 nan 4597.000000 nan nan nan 0.564991 1.463324 1.175069 21.659450 -16.972694 -0.294866 0.000000 0.841097 31
bicyclist -1 -1 nan 4573.000000 nan nan nan 1.643609 0.537326 1.888338 13.829345 2.999724 -0.927041 0.000000 0.943716 28
bicyclist -1 -1 nan 4600.000000 nan nan nan 1.793875 0.683949 2.048937 10.050087 3.007549 -0.854104 0.000000 0.951641 22
bicycle -1 -1 nan 4596.000000 nan nan nan 0.996508 1.688149 0.743770 -18.871293 -11.247411 -1.055373 0.000000 0.886025 3
