car -1 -1 nan 5496.000000 nan nan nan 0.438345 0.838102 0.735978 -5.728991 44.249655 -1.952953 0.000000 0.685542 311
car -1 -1 nan 5505.000000 nan nan nan 1.152797 1.013735 1.957151 37.869192 -5.177777 -0.757600 0.000000 0.913890 308
car -1 -1 nan 5491.000000 nan nan nan 0.448099 0.488341 0.619874 -49.695029 -8.563128 -2.403579 0.000000 0.633690 299
car -1 -1 nan 5504.000000 nan nan nan 1.145840 1.448800 3.670450 22.978734 -3.923279 -0.941208 0.000000 0.956249 295
car -1 -1 nan 5482.000000 nan nan nan 0.194041 0.495738 0.285834 -36.191050 -16.293241 -2.190643 0.000000 0.799448 293
car -1 -1 nan 5493.000000 nan nan nan 1.237477 1.597313 3.743882 17.784204 -3.548857 -1.000348 0.000000 0.946651 250
car -1 -1 nan 5506.000000 nan nan nan 1.117513 1.520764 2.865328 -35.607159 3.612556 -1.276130 0.000000 0.938306 3
car -1 -1 nan 5510.000000 nan nan nan 0.578588 1.047921 1.431653 -49.184324 3.106267 -1.777175 0.000000 0.676109 4
bicyclist -1 -1 nan 5503.000000 nan nan nan 1.512942 0.500625 1.029319 -30.627004 4.911024 -1.164565 0.000000 0.886349 28
bicyclist -1 -1 nan 5507.000000 nan nan nan 1.662894 0.711445 0.766829 -34.581697 6.207922 -1.127716 0.000000 0.877347 22
