car -1 -1 nan 6370.000000 nan nan nan 1.153905 4.077126 1.506759 23.084025 -12.710548 -0.630955 0.000000 0.920977 350
car -1 -1 nan 6377.000000 nan nan nan 1.568785 3.774824 1.908336 -5.254816 -16.036113 -1.262050 0.000000 0.860613 344
car -1 -1 nan 6369.000000 nan nan nan 1.514301 2.633981 1.559027 -2.259844 -16.895403 -1.302180 0.000000 0.899110 340
car -1 -1 nan 6371.000000 nan nan nan 1.397443 1.695961 3.150348 27.818674 -3.148842 -0.542114 0.000000 0.928112 336
car -1 -1 nan 6364.000000 nan nan nan 1.383094 1.904586 3.984145 8.892787 -3.223235 -0.996019 0.000000 0.932324 325
car -1 -1 nan 6380.000000 nan nan nan 1.265259 1.810964 3.826760 1.551734 -3.132556 -0.982767 0.000000 0.882816 324
car -1 -1 nan 6368.000000 nan nan nan 1.280887 1.520824 3.352148 -16.171212 -3.548276 -1.416754 0.000000 0.945699 317
car -1 -1 nan 6376.000000 nan nan nan 1.151841 1.853564 4.549443 -9.596451 -3.192505 -1.337684 0.000000 0.958589 312
car -1 -1 nan 6375.000000 nan nan nan 1.236229 1.388384 3.843403 -21.379055 -3.314065 -1.517044 0.000000 0.940174 308
car -1 -1 nan 6379.000000 nan nan nan 0.998952 1.826050 3.660516 -36.482779 -3.524720 -1.875465 0.000000 0.912521 295
bicyclist -1 -1 nan 6374.000000 nan nan nan 1.311344 0.601841 1.044844 35.616815 -2.000551 -0.328567 0.000000 0.916519 42
