other-vehicle -1 -1 nan 5405.000000 nan nan nan 0.856126 1.183398 1.604507 -47.831872 -3.587881 -2.017359 0.000000 0.730574 273
car -1 -1 nan 5382.000000 nan nan nan 0.678799 1.207049 1.164902 -43.943424 -9.728336 -2.586530 0.000000 0.638923 299
car -1 -1 nan 5408.000000 nan nan nan 1.150564 1.367792 3.167099 28.407826 -3.843871 -0.584590 0.000000 0.816931 295
car -1 -1 nan 5402.000000 nan nan nan 0.723823 1.316593 1.023606 -31.071912 -16.416173 -2.079350 0.000000 0.535277 293
car -1 -1 nan 5395.000000 nan nan nan 0.213763 0.412135 0.673521 2.684564 46.101502 -2.459741 0.000000 0.788347 278
car -1 -1 nan 5400.000000 nan nan nan 1.225864 1.838298 3.633321 23.127159 -3.606955 -0.693990 0.000000 0.945145 250
car -1 -1 nan 5393.000000 nan nan nan 1.130854 1.563232 3.418201 -29.862301 3.621573 -1.609252 0.000000 0.912154 3
car -1 -1 nan 5403.000000 nan nan nan 0.938072 1.581995 2.783731 -44.220421 3.252834 -1.857771 0.000000 0.794648 4
bicycle -1 -1 nan 5331.000000 nan nan nan 0.630345 0.832266 1.521443 -3.959747 -14.554629 -1.297881 0.000000 0.434268 34
bicycle -1 -1 nan 5377.000000 nan nan nan 0.705043 0.816544 0.439238 -4.132532 -11.822628 -1.442068 0.000000 0.858840 32
bicyclist -1 -1 nan 5406.000000 nan nan nan 1.551709 0.615619 1.421098 -22.763792 4.418933 -1.413826 0.000000 0.865444 28
bicyclist -1 -1 nan 5412.000000 nan nan nan 1.009315 0.445130 0.553866 -27.270491 5.494100 -1.071322 0.000000 0.875091 22
