car -1 -1 nan 6106.000000 nan nan nan 1.078734 1.081613 1.492208 12.717067 -16.030536 -0.864288 0.000000 0.814926 340
car -1 -1 nan 6116.000000 nan nan nan 1.193919 1.588334 0.598757 41.728763 -3.161724 -0.475744 0.000000 0.581582 336
car -1 -1 nan 6109.000000 nan nan nan 1.123241 1.411999 4.195133 23.847005 -3.011669 -0.873847 0.000000 0.932081 325
car -1 -1 nan 6099.000000 nan nan nan 1.345365 1.723134 3.772693 16.296082 -3.217876 -0.896131 0.000000 0.943869 324
car -1 -1 nan 6105.000000 nan nan nan 1.327283 1.658656 3.659339 -1.235318 -3.410436 -1.097123 0.000000 0.946836 317
car -1 -1 nan 6110.000000 nan nan nan 1.166263 1.775391 3.892967 4.969925 -3.068291 -1.110622 0.000000 0.963351 312
car -1 -1 nan 6113.000000 nan nan nan 1.324530 1.709260 4.412217 -6.473576 -3.335258 -1.209547 0.000000 0.959705 308
car -1 -1 nan 6102.000000 nan nan nan 1.277197 1.917530 3.779100 -22.094676 -3.421442 -1.541405 0.000000 0.949886 295
car -1 -1 nan 6112.000000 nan nan nan 1.046996 0.485654 3.192336 -27.256922 -2.914643 -1.646290 0.000000 0.924309 250
bicyclist -1 -1 nan 6103.000000 nan nan nan 1.356673 0.987614 0.871639 43.844960 -1.699937 -0.347650 0.000000 0.887920 42
