car -1 -1 nan 6603.000000 nan nan nan 1.405682 4.146393 1.703497 9.767927 -12.966221 -0.951114 0.000000 0.948166 350
car -1 -1 nan 6599.000000 nan nan nan 0.764134 0.312811 0.829682 -18.911234 -14.357673 -0.848800 0.000000 0.710134 344
car -1 -1 nan 6598.000000 nan nan nan 1.470610 1.753072 3.505059 14.582708 -3.374698 -0.901067 0.000000 0.929132 336
car -1 -1 nan 6592.000000 nan nan nan 1.324791 1.712978 4.221233 -3.958580 -3.220375 -1.115123 0.000000 0.956781 325
car -1 -1 nan 6602.000000 nan nan nan 1.360189 1.710746 3.908260 -11.326824 -3.334340 -1.133831 0.000000 0.950884 324
car -1 -1 nan 6597.000000 nan nan nan 1.102410 1.205909 2.594797 -29.735717 -3.286552 -1.298878 0.000000 0.873137 317
car -1 -1 nan 6604.000000 nan nan nan 1.126855 1.983254 3.975654 -22.784483 -3.221436 -1.357203 0.000000 0.860758 312
car -1 -1 nan 6605.000000 nan nan nan 1.219995 0.739034 3.501682 -34.539051 -3.021969 -1.298161 0.000000 0.845641 308
car -1 -1 nan 6593.000000 nan nan nan 0.837025 1.033295 1.374409 -49.207601 -3.074315 -1.455256 0.000000 0.845098 295
bicyclist -1 -1 nan 6601.000000 nan nan nan 1.452983 0.481294 1.362170 28.203537 -2.051140 -0.768530 0.000000 0.874902 42
