car -1 -1 nan 5456.000000 nan nan nan 1.407059 1.412960 1.934757 39.487810 -5.294551 -0.184913 0.000000 0.659097 308
other-vehicle -1 -1 nan 5442.000000 nan nan nan 1.964336 0.987951 1.477036 -36.829203 -30.762560 -1.360785 0.000000 0.773055 309
car -1 -1 nan 5455.000000 nan nan nan 0.231997 0.558150 0.508692 -47.465852 -8.956503 -2.403445 0.000000 0.644314 299
car -1 -1 nan 5466.000000 nan nan nan 1.186961 1.321170 3.285356 25.173897 -3.889058 -0.768201 0.000000 0.849311 295
car -1 -1 nan 5462.000000 nan nan nan 0.454987 1.409172 0.607209 -34.177736 -16.296500 -2.152753 0.000000 0.864673 293
car -1 -1 nan 5461.000000 nan nan nan 1.185496 1.543970 3.737474 19.956215 -3.534638 -0.873181 0.000000 0.901130 250
car -1 -1 nan 5468.000000 nan nan nan 1.186364 1.555296 4.053189 -33.551619 3.672071 -1.561508 0.000000 0.894519 3
car -1 -1 nan 5464.000000 nan nan nan 1.061926 2.434379 3.263791 -47.175329 3.057057 -1.966280 0.000000 0.798890 4
bicyclist -1 -1 nan 5467.000000 nan nan nan 1.405074 0.606758 0.919727 -27.506993 4.745269 -1.335533 0.000000 0.880665 28
bicyclist -1 -1 nan 5465.000000 nan nan nan 1.560395 0.711165 0.777469 -31.708171 6.030412 -1.294721 0.000000 0.824847 22
