car -1 -1 nan 6247.000000 nan nan nan 0.698540 3.578054 0.873749 29.805622 -12.602301 -0.392597 0.000000 0.917818 350
car -1 -1 nan 6256.000000 nan nan nan 1.538791 3.574089 2.403643 1.432418 -16.096187 -1.070976 0.000000 0.908695 344
car -1 -1 nan 6257.000000 nan nan nan 1.119911 2.987512 1.583461 4.724708 -16.997493 -1.065969 0.000000 0.907734 340
car -1 -1 nan 6248.000000 nan nan nan 1.331013 1.638672 2.659259 34.494879 -3.107406 -0.477106 0.000000 0.939324 336
car -1 -1 nan 6244.000000 nan nan nan 1.257179 1.587328 4.096401 15.718862 -3.095608 -0.920174 0.000000 0.940618 325
car -1 -1 nan 6249.000000 nan nan nan 1.450066 1.896170 3.815036 8.412707 -3.255655 -0.976210 0.000000 0.942049 324
car -1 -1 nan 6241.000000 nan nan nan 1.304582 1.773808 3.658491 -9.160972 -3.558915 -1.265860 0.000000 0.947571 317
car -1 -1 nan 6258.000000 nan nan nan 1.164141 2.540982 4.355446 -2.664233 -3.295016 -1.170032 0.000000 0.936076 312
car -1 -1 nan 6251.000000 nan nan nan 1.315520 1.624324 4.203768 -14.556941 -3.420715 -1.372357 0.000000 0.955297 308
car -1 -1 nan 6245.000000 nan nan nan 1.310495 1.873211 3.340741 -30.081835 -3.576928 -1.748551 0.000000 0.823436 295
car -1 -1 nan 6252.000000 nan nan nan 1.046442 0.739110 1.894098 -34.875505 -2.962170 -1.895955 0.000000 0.808116 250
bicyclist -1 -1 nan 6253.000000 nan nan nan 1.217592 1.344977 0.976344 39.433039 -1.833245 -0.245250 0.000000 0.893022 42
