other-vehicle -1 -1 nan 10451.000000 nan nan nan 0.268787 0.975921 0.320601 -8.691860 20.026984 0.210112 0.000000 0.266385 592
car -1 -1 nan 10456.000000 nan nan nan 0.192970 0.341075 0.223919 16.849233 43.069175 -1.202935 0.000000 0.579733 593
car -1 -1 nan 10479.000000 nan nan nan 0.951322 1.021077 1.074676 13.568775 40.336878 -0.846538 0.000000 0.695515 594
car -1 -1 nan 10480.000000 nan nan nan 0.728940 1.092188 1.324542 17.044658 39.499034 -0.723875 0.000000 0.691739 595
car -1 -1 nan 10481.000000 nan nan nan 0.530603 1.303293 1.594421 16.183983 41.258111 -1.141998 0.000000 0.828241 565
other-vehicle -1 -1 nan 10469.000000 nan nan nan 2.223221 2.395224 3.932529 29.743032 -8.719827 -0.206319 0.000000 0.632318 540
car -1 -1 nan 10474.000000 nan nan nan 1.304046 1.724663 4.194909 19.480231 -6.745856 -0.941162 0.000000 0.937415 539
car -1 -1 nan 10478.000000 nan nan nan 1.252837 3.984335 2.465426 -9.363163 -7.445328 -1.117052 0.000000 0.934107 497
person -1 -1 nan 10414.000000 nan nan nan 0.183975 0.270107 0.270195 13.866739 31.285520 -0.433245 0.000000 0.786806 137
bicycle -1 -1 nan 10467.000000 nan nan nan 1.168628 1.654364 0.979391 -5.879545 -5.028408 -1.211865 0.000000 0.885251 97
