car -1 -1 nan 11755.000000 nan nan nan 0.846639 0.627071 0.862623 27.968929 -25.946094 -0.747280 0.000000 0.488781 683
car -1 -1 nan 11736.000000 nan nan nan 1.155082 2.308335 1.678852 -25.345277 -26.585253 -1.146203 0.000000 0.954759 679
car -1 -1 nan 11741.000000 nan nan nan 0.997889 1.397130 1.494575 19.682473 -17.686340 -0.693804 0.000000 0.794676 672
car -1 -1 nan 11726.000000 nan nan nan 0.449277 0.716603 0.797162 14.150740 -1.562485 -0.819471 0.000000 0.708121 645
car -1 -1 nan 11749.000000 nan nan nan 1.522778 3.565847 2.606513 15.099826 -12.994097 -0.701532 0.000000 0.852407 664
car -1 -1 nan 11748.000000 nan nan nan 0.968445 1.770107 1.523848 29.533873 -18.958566 -0.809187 0.000000 0.840065 660
car -1 -1 nan 11757.000000 nan nan nan 1.001644 2.413673 2.684345 21.714982 39.892759 -0.980096 0.000000 0.903340 657
car -1 -1 nan 11735.000000 nan nan nan 1.409626 3.453411 2.938836 8.845285 0.032548 -0.889133 0.000000 0.946080 634
car -1 -1 nan 11743.000000 nan nan nan 1.355638 2.512855 3.297824 9.550165 14.139993 -0.907245 0.000000 0.932749 631
car -1 -1 nan 11753.000000 nan nan nan 0.842679 1.958340 3.764422 -15.191114 24.302703 -1.623859 0.000000 0.887213 626
car -1 -1 nan 11740.000000 nan nan nan 1.368073 3.699068 3.009485 -10.726486 -9.381378 -1.032010 0.000000 0.968456 616
car -1 -1 nan 11744.000000 nan nan nan 2.293597 4.564940 3.668761 -18.738279 -18.098010 -0.443750 0.000000 0.794817 540
person -1 -1 nan 11742.000000 nan nan nan 0.376555 0.262879 0.434732 13.698574 30.560349 -0.465475 0.000000 0.768696 148
bicycle -1 -1 nan 11713.000000 nan nan nan 0.689645 0.320217 1.345923 -11.767104 33.016344 -1.877615 0.000000 0.852459 117
