car -1 -1 nan 11775.000000 nan nan nan 0.447786 0.344870 0.912670 8.514991 -9.862380 -0.346309 0.000000 0.720176 687
car -1 -1 nan 11762.000000 nan nan nan 1.088296 0.899596 1.009531 40.811740 -26.112516 -0.403220 0.000000 0.657665 688
car -1 -1 nan 11779.000000 nan nan nan 1.158783 2.281664 2.067684 35.267066 -22.204848 -0.427133 0.000000 0.738939 689
car -1 -1 nan 11755.000000 nan nan nan 0.846639 0.627071 0.862623 31.319605 -26.030681 -0.867227 0.000000 0.488781 683
car -1 -1 nan 11764.000000 nan nan nan 1.197637 2.884290 1.782278 -24.636789 -28.095280 -1.164540 0.000000 0.924426 679
car -1 -1 nan 11741.000000 nan nan nan 0.997889 1.397130 1.494575 20.079134 -16.790572 -0.700256 0.000000 0.794676 672
car -1 -1 nan 11765.000000 nan nan nan 0.569184 0.815322 0.905199 13.601278 -0.816850 -0.846076 0.000000 0.840406 645
car -1 -1 nan 11777.000000 nan nan nan 1.499816 2.851612 1.943024 15.100985 -11.991033 -0.696502 0.000000 0.950540 664
car -1 -1 nan 11776.000000 nan nan nan 1.134889 3.007733 2.358597 30.183155 -17.717699 -0.738952 0.000000 0.910897 660
car -1 -1 nan 11784.000000 nan nan nan 0.999324 2.189483 2.960154 19.084475 41.004035 -0.827706 0.000000 0.938254 657
car -1 -1 nan 11780.000000 nan nan nan 1.410648 3.337879 2.977469 8.216021 0.526298 -0.885182 0.000000 0.903294 634
car -1 -1 nan 11770.000000 nan nan nan 1.408807 2.855393 3.209737 8.235254 14.636089 -0.886798 0.000000 0.914555 631
car -1 -1 nan 11761.000000 nan nan nan 0.787282 2.203533 3.683805 -17.060383 23.554057 -1.517710 0.000000 0.913469 626
car -1 -1 nan 11767.000000 nan nan nan 1.378933 3.706206 2.842506 -10.858723 -9.959107 -1.047516 0.000000 0.950920 616
car -1 -1 nan 11774.000000 nan nan nan 2.345755 4.669560 3.600912 -18.424405 -19.359894 -0.499607 0.000000 0.767225 540
person -1 -1 nan 11766.000000 nan nan nan 0.480272 0.264775 0.265816 11.373471 31.259075 -0.515877 0.000000 0.801687 148
bicycle -1 -1 nan 11713.000000 nan nan nan 0.689645 0.320217 1.345923 -14.135945 32.806689 -1.909127 0.000000 0.852459 117
