car -1 -1 nan 13812.000000 nan nan nan 0.908531 0.722555 0.645437 -16.083092 -30.433041 -1.357874 0.000000 0.679217 803
truck -1 -1 nan 13786.000000 nan nan nan 1.086032 1.108777 0.254061 48.358407 1.802620 0.771668 0.000000 0.575727 804
other-vehicle -1 -1 nan 13801.000000 nan nan nan 0.489538 1.980605 1.728093 -4.286388 -5.306842 -1.270218 0.000000 0.499607 806
car -1 -1 nan 13814.000000 nan nan nan 0.463899 1.857972 0.718969 43.018370 4.796508 -0.367232 0.000000 0.712926 807
car -1 -1 nan 13797.000000 nan nan nan 0.351936 1.459060 0.554717 40.522959 5.008349 -0.558925 0.000000 0.827879 801
other-vehicle -1 -1 nan 13809.000000 nan nan nan 0.891927 0.787281 0.619525 -44.539602 -4.499299 -2.059866 0.000000 0.659500 798
car -1 -1 nan 13816.000000 nan nan nan 0.197020 1.483740 0.974228 43.157700 -2.714226 -0.153154 0.000000 0.719262 797
other-vehicle -1 -1 nan 13793.000000 nan nan nan 1.160372 1.011775 3.101232 15.646658 -1.969660 -0.783755 0.000000 0.863410 793
car -1 -1 nan 13808.000000 nan nan nan 1.453641 1.759547 2.034030 42.773193 2.272369 0.179524 0.000000 0.807812 795
car -1 -1 nan 13792.000000 nan nan nan 1.138873 3.155511 1.757658 -4.225779 -11.617485 -1.049272 0.000000 0.817825 791
car -1 -1 nan 13790.000000 nan nan nan 1.272879 1.674697 3.517860 29.241398 -2.505846 -0.432876 0.000000 0.854473 784
car -1 -1 nan 13799.000000 nan nan nan 1.381400 1.750270 4.209762 6.349235 2.369820 -0.882257 0.000000 0.944610 774
car -1 -1 nan 13805.000000 nan nan nan 1.418431 1.703398 3.945047 12.886953 2.342682 -0.714174 0.000000 0.931343 767
car -1 -1 nan 13803.000000 nan nan nan 1.890481 1.910705 4.616014 9.485574 -2.485072 -0.544466 0.000000 0.917102 753
car -1 -1 nan 13785.000000 nan nan nan 1.056768 1.469330 3.179045 -0.382602 2.737940 -0.603801 0.000000 0.958202 751
car -1 -1 nan 13804.000000 nan nan nan 1.376790 2.091360 4.466873 -10.024881 2.604800 -1.284471 0.000000 0.952828 739
car -1 -1 nan 13800.000000 nan nan nan 1.197339 1.443689 3.469255 -17.292806 2.645751 -1.469604 0.000000 0.940632 726
car -1 -1 nan 13794.000000 nan nan nan 1.356211 1.861680 4.318320 -12.576976 -2.317776 -1.309247 0.000000 0.928887 722
car -1 -1 nan 13802.000000 nan nan nan 0.678346 2.571234 2.238830 -38.944627 -2.562339 -2.313346 0.000000 0.713450 706
car -1 -1 nan 13789.000000 nan nan nan 1.319914 1.579581 4.366621 -24.789569 2.618977 -1.677973 0.000000 0.912548 689
car -1 -1 nan 13787.000000 nan nan nan 1.387946 1.146340 2.361461 -45.358269 -1.302453 -2.167572 0.000000 0.761404 664
car -1 -1 nan 13817.000000 nan nan nan 0.834712 0.367513 1.449462 -30.711793 2.244367 -2.009170 0.000000 0.803348 660
