other-vehicle -1 -1 nan 12553.000000 nan nan nan 0.452449 0.896210 0.756224 -13.055313 12.180859 -1.570880 0.000000 0.653672 747
car -1 -1 nan 12566.000000 nan nan nan 1.199291 1.158921 1.250359 32.510990 3.226599 -0.257397 0.000000 0.640244 739
car -1 -1 nan 12552.000000 nan nan nan 1.114271 1.450870 2.167936 25.812920 3.077920 -0.415633 0.000000 0.888048 726
car -1 -1 nan 12565.000000 nan nan nan 1.315642 1.814239 3.907224 31.271428 -1.585059 -0.337336 0.000000 0.881021 722
car -1 -1 nan 12550.000000 nan nan nan 1.398499 1.915185 4.238832 3.369527 -2.756746 -0.976372 0.000000 0.912801 706
car -1 -1 nan 12560.000000 nan nan nan 1.245418 1.589036 4.000984 19.044307 2.672599 -0.532491 0.000000 0.907358 689
car -1 -1 nan 12564.000000 nan nan nan 1.603769 1.732296 4.062579 -2.252775 -2.887425 -0.906866 0.000000 0.925585 664
car -1 -1 nan 12557.000000 nan nan nan 1.329973 1.652179 3.872910 12.249379 2.444528 -0.731059 0.000000 0.943449 660
car -1 -1 nan 12556.000000 nan nan nan 1.342788 2.042511 4.343091 -16.405819 1.753110 -1.189157 0.000000 0.936817 634
bicycle -1 -1 nan 12496.000000 nan nan nan 0.646321 0.273879 0.408839 -46.580030 10.310772 -1.683597 0.000000 0.700842 138
bicycle -1 -1 nan 12561.000000 nan nan nan 1.163979 2.684347 1.154380 -11.404743 5.123248 -1.224709 0.000000 0.858733 134
bicycle -1 -1 nan 12568.000000 nan nan nan 1.132137 1.590796 0.735743 -13.554549 10.580738 -1.432492 0.000000 0.909913 125
