car -1 -1 nan 11821.000000 nan nan nan 0.963997 0.952034 0.681210 42.643361 -19.728693 -0.780138 0.000000 0.685614 688
car -1 -1 nan 11847.000000 nan nan nan 1.112874 1.906039 1.060010 35.848344 -16.064717 -0.872750 0.000000 0.773268 689
car -1 -1 nan 11839.000000 nan nan nan 1.302145 3.385355 3.227856 -22.752641 -31.654400 -1.279232 0.000000 0.893160 679
car -1 -1 nan 11818.000000 nan nan nan 0.352331 0.777111 0.965811 12.921717 2.016396 -0.787783 0.000000 0.690190 645
car -1 -1 nan 11837.000000 nan nan nan 1.467452 1.598154 2.974257 15.438242 -8.845423 -0.844721 0.000000 0.864083 664
car -1 -1 nan 11835.000000 nan nan nan 0.950192 2.833150 2.781503 31.130943 -13.315866 -1.001266 0.000000 0.827672 660
car -1 -1 nan 11845.000000 nan nan nan 0.592579 0.679344 1.311354 10.388767 43.575078 -0.480366 0.000000 0.853903 657
car -1 -1 nan 11827.000000 nan nan nan 1.430061 2.993322 3.400366 6.301304 1.770433 -0.925494 0.000000 0.954051 634
car -1 -1 nan 11836.000000 nan nan nan 1.429235 2.898525 2.966806 4.085427 15.665018 -0.845518 0.000000 0.904289 631
car -1 -1 nan 11843.000000 nan nan nan 0.644742 2.344736 3.334567 -22.111859 20.554883 -1.209278 0.000000 0.885311 626
car -1 -1 nan 11833.000000 nan nan nan 1.308107 3.925497 2.307221 -10.959986 -11.616413 -1.080426 0.000000 0.974456 616
car -1 -1 nan 11838.000000 nan nan nan 2.274141 5.317413 2.704000 -16.925453 -22.121290 -0.505618 0.000000 0.884503 540
person -1 -1 nan 11814.000000 nan nan nan 0.679843 0.492252 0.333141 4.657912 33.082313 -0.467282 0.000000 0.743980 148
