car -1 -1 nan 13547.000000 nan nan nan 1.019375 2.074256 1.194004 3.601085 -11.039731 -0.815463 0.000000 0.855408 791
other-vehicle -1 -1 nan 13560.000000 nan nan nan 0.593886 1.952080 1.784262 3.619590 -5.251533 -1.160454 0.000000 0.814403 786
car -1 -1 nan 13553.000000 nan nan nan 1.021518 1.386012 1.008105 35.918913 -1.433721 -0.575901 0.000000 0.752287 784
car -1 -1 nan 13552.000000 nan nan nan 1.341538 1.578056 4.482653 14.232333 2.710691 -0.888240 0.000000 0.938024 774
car -1 -1 nan 13563.000000 nan nan nan 1.426542 1.496054 3.798174 20.637939 2.847238 -0.791798 0.000000 0.936738 767
car -1 -1 nan 13558.000000 nan nan nan 1.881261 1.899519 4.459857 17.255009 -2.037569 -0.568144 0.000000 0.931634 753
car -1 -1 nan 13556.000000 nan nan nan 1.517849 1.721518 3.416591 7.203255 2.599227 -0.835562 0.000000 0.971884 751
car -1 -1 nan 13540.000000 nan nan nan 1.056694 1.779944 4.271119 -2.588953 2.510649 -0.837499 0.000000 0.948593 739
car -1 -1 nan 13555.000000 nan nan nan 1.341928 1.577348 3.540396 -9.497315 2.389256 -1.178280 0.000000 0.939108 726
car -1 -1 nan 13559.000000 nan nan nan 1.409500 1.896653 4.370462 -4.680937 -2.474449 -1.077229 0.000000 0.949164 722
car -1 -1 nan 13561.000000 nan nan nan 1.220669 1.754357 3.891798 -31.898460 -2.847896 -1.515990 0.000000 0.932574 706
car -1 -1 nan 13548.000000 nan nan nan 1.366411 1.667491 4.710523 -17.016438 2.166710 -1.281541 0.000000 0.946132 689
car -1 -1 nan 13554.000000 nan nan nan 1.065896 1.438434 1.298698 -37.569879 -2.720170 -1.364266 0.000000 0.755333 664
car -1 -1 nan 13557.000000 nan nan nan 1.191459 1.357888 4.010421 -23.888098 1.954397 -1.409098 0.000000 0.944069 660
car -1 -1 nan 13519.000000 nan nan nan 0.266196 1.397096 0.341166 -50.888126 2.244018 -1.923475 0.000000 0.880488 634
motorcycle -1 -1 nan 13567.000000 nan nan nan 0.525398 0.247006 0.519225 22.287393 -1.120908 -1.057337 0.000000 0.549192 152
