car -1 -1 nan 13922.000000 nan nan nan 0.334115 0.457389 0.499579 -31.204406 -6.213417 -0.838358 0.000000 0.580880 815
truck -1 -1 nan 13977.000000 nan nan nan 1.516165 1.216485 0.488459 44.168631 1.876776 0.466311 0.000000 0.810127 804
other-vehicle -1 -1 nan 13956.000000 nan nan nan 0.460482 1.817709 1.466776 -8.417900 -5.267710 -1.320573 0.000000 0.703387 806
car -1 -1 nan 13978.000000 nan nan nan 0.841691 1.066800 1.753166 41.243526 5.438882 -0.123493 0.000000 0.677428 807
car -1 -1 nan 13958.000000 nan nan nan 0.310282 1.964242 0.531995 36.181720 5.353251 -0.728915 0.000000 0.869650 801
other-vehicle -1 -1 nan 13952.000000 nan nan nan 0.819298 1.509747 1.923578 -49.528853 -4.219231 -1.981962 0.000000 0.802810 798
car -1 -1 nan 13983.000000 nan nan nan 1.268930 1.426460 1.280816 38.746527 -2.816305 -0.314428 0.000000 0.765103 797
other-vehicle -1 -1 nan 13965.000000 nan nan nan 1.167382 1.667913 3.187007 11.411529 -2.266395 -0.885594 0.000000 0.840016 793
car -1 -1 nan 13973.000000 nan nan nan 1.718369 1.793966 2.315710 38.716060 2.336683 -0.091138 0.000000 0.837204 795
car -1 -1 nan 13955.000000 nan nan nan 1.219435 1.639712 3.903375 24.927540 -2.455260 -0.615457 0.000000 0.907442 784
car -1 -1 nan 13969.000000 nan nan nan 1.372246 1.683334 4.457857 2.252629 2.363142 -0.950395 0.000000 0.971464 774
car -1 -1 nan 13970.000000 nan nan nan 1.501150 1.784018 4.017025 8.598966 2.400955 -0.820382 0.000000 0.967830 767
car -1 -1 nan 13951.000000 nan nan nan 1.947701 1.874698 4.671205 5.297560 -2.436220 -0.662308 0.000000 0.925790 753
car -1 -1 nan 13960.000000 nan nan nan 1.496875 1.758185 3.358348 -4.435152 2.409313 -0.961787 0.000000 0.938304 751
car -1 -1 nan 13961.000000 nan nan nan 1.328090 1.783737 4.144279 -14.260374 2.527759 -1.276928 0.000000 0.953091 739
car -1 -1 nan 13954.000000 nan nan nan 1.208386 1.318438 4.020791 -21.830394 2.565007 -1.469598 0.000000 0.919096 726
car -1 -1 nan 13968.000000 nan nan nan 1.312252 1.873895 4.277490 -16.774079 -2.378683 -1.334848 0.000000 0.939219 722
car -1 -1 nan 13971.000000 nan nan nan 0.759775 1.513286 2.452158 -43.092999 -2.023076 -2.179759 0.000000 0.788571 706
car -1 -1 nan 13966.000000 nan nan nan 1.190729 1.363760 3.798612 -28.792587 2.515017 -1.623059 0.000000 0.920088 689
car -1 -1 nan 13919.000000 nan nan nan 1.331009 0.854113 0.715108 -50.541854 -3.373812 -1.799715 0.000000 0.477989 664
car -1 -1 nan 13962.000000 nan nan nan 1.237048 1.131645 2.995012 -35.496417 2.492911 -1.801944 0.000000 0.895655 660
bicycle -1 -1 nan 13964.000000 nan nan nan 1.037341 0.380347 1.305018 6.044393 -8.766181 -1.054740 0.000000 0.805151 163
bicyclist -1 -1 nan 13927.000000 nan nan nan 0.735501 0.621055 0.507101 36.019628 -4.753205 -0.273510 0.000000 0.884916 162
