truck -1 -1 nan 13914.000000 nan nan nan 0.984230 1.059072 0.398923 45.866568 1.786984 0.800062 0.000000 0.613159 804
other-vehicle -1 -1 nan 13885.000000 nan nan nan 0.485033 1.733612 1.789084 -6.774519 -5.199805 -1.296960 0.000000 0.569427 806
car -1 -1 nan 13915.000000 nan nan nan 0.763403 0.886674 0.548383 42.317387 5.346793 -0.262640 0.000000 0.762316 807
car -1 -1 nan 13858.000000 nan nan nan 0.372129 1.690074 0.329934 37.931840 5.076592 -0.561296 0.000000 0.867257 801
other-vehicle -1 -1 nan 13883.000000 nan nan nan 1.521107 2.291689 3.447247 -48.094127 -4.476941 -1.685326 0.000000 0.748193 798
car -1 -1 nan 13910.000000 nan nan nan 1.084109 0.938021 0.637697 40.521053 -2.749691 -0.215524 0.000000 0.720276 797
other-vehicle -1 -1 nan 13888.000000 nan nan nan 1.222946 1.248554 3.296752 13.073049 -2.109420 -0.870448 0.000000 0.886318 793
car -1 -1 nan 13913.000000 nan nan nan 1.735326 1.772759 2.304010 40.424555 2.277179 0.022157 0.000000 0.768924 795
car -1 -1 nan 13857.000000 nan nan nan 1.149374 2.467066 1.445300 -7.073183 -11.187578 -1.152349 0.000000 0.796939 791
car -1 -1 nan 13891.000000 nan nan nan 1.175903 1.598529 3.634938 26.755770 -2.497313 -0.566655 0.000000 0.864188 784
car -1 -1 nan 13892.000000 nan nan nan 1.373251 1.698033 4.246995 3.856279 2.362046 -0.929003 0.000000 0.963090 774
car -1 -1 nan 13904.000000 nan nan nan 1.479138 1.682380 4.061993 10.232436 2.355911 -0.783593 0.000000 0.962933 767
car -1 -1 nan 13901.000000 nan nan nan 1.914336 1.846717 4.675526 6.963154 -2.455163 -0.624026 0.000000 0.890224 753
car -1 -1 nan 13900.000000 nan nan nan 1.301093 1.666709 3.371848 -2.784618 2.548245 -0.780843 0.000000 0.944021 751
car -1 -1 nan 13906.000000 nan nan nan 1.302852 1.900441 4.458381 -12.525368 2.565364 -1.258023 0.000000 0.962895 739
car -1 -1 nan 13899.000000 nan nan nan 1.329409 1.340033 3.353127 -19.865574 2.590795 -1.484085 0.000000 0.944410 726
car -1 -1 nan 13894.000000 nan nan nan 1.384961 1.874273 4.464121 -15.120161 -2.362786 -1.334252 0.000000 0.951164 722
car -1 -1 nan 13897.000000 nan nan nan 0.889729 1.549589 2.410265 -41.547247 -1.976852 -2.178389 0.000000 0.863233 706
car -1 -1 nan 13887.000000 nan nan nan 1.121554 1.497690 4.070583 -27.054790 2.572651 -1.571374 0.000000 0.877890 689
car -1 -1 nan 13916.000000 nan nan nan 0.819632 0.619738 0.701591 -48.060329 -1.429080 -1.862902 0.000000 0.411129 664
car -1 -1 nan 13898.000000 nan nan nan 0.862497 0.429323 3.168678 -33.679264 2.298011 -1.888417 0.000000 0.659728 660
bicyclist -1 -1 nan 13882.000000 nan nan nan 0.541717 0.676262 0.331266 37.751820 -4.778676 -0.115053 0.000000 0.849140 162
