car -1 -1 nan 14356.000000 nan nan nan 0.849183 0.823833 0.889449 29.978281 4.722116 -0.202886 0.000000 0.813414 833
other-vehicle -1 -1 nan 14371.000000 nan nan nan 0.280079 0.767040 0.616874 -28.222200 7.453335 -0.818886 0.000000 0.855804 818
truck -1 -1 nan 14398.000000 nan nan nan 1.727062 1.074615 0.459015 33.159082 1.043609 0.105793 0.000000 0.526157 804
car -1 -1 nan 14401.000000 nan nan nan 0.233587 0.893645 1.439882 27.690635 3.671475 -0.963062 0.000000 0.499953 807
car -1 -1 nan 14390.000000 nan nan nan 1.240132 1.662243 3.519843 28.993500 -3.541070 -0.644769 0.000000 0.920191 797
other-vehicle -1 -1 nan 14400.000000 nan nan nan 0.412221 1.438172 2.350399 0.424355 -2.753659 -0.974475 0.000000 0.605964 793
car -1 -1 nan 14397.000000 nan nan nan 1.698946 1.843065 2.296854 28.072192 1.619140 -0.368979 0.000000 0.884610 795
car -1 -1 nan 14389.000000 nan nan nan 1.411148 1.779740 4.172887 14.208070 -2.883814 -0.806251 0.000000 0.940134 784
car -1 -1 nan 14379.000000 nan nan nan 1.422593 1.974769 4.238508 -8.404615 2.487158 -1.038290 0.000000 0.949067 774
car -1 -1 nan 14393.000000 nan nan nan 1.095165 2.086616 4.162333 -1.896529 2.553284 -0.695865 0.000000 0.927483 767
car -1 -1 nan 14395.000000 nan nan nan 1.841520 1.938457 4.984650 -5.273295 -2.642148 -0.816933 0.000000 0.940212 753
car -1 -1 nan 14392.000000 nan nan nan 1.488221 1.619046 3.216285 -15.402596 2.525571 -1.107693 0.000000 0.919748 751
car -1 -1 nan 14396.000000 nan nan nan 1.199731 1.167263 3.313079 -25.052258 2.605294 -1.348766 0.000000 0.953046 739
car -1 -1 nan 14394.000000 nan nan nan 1.280290 0.917848 2.544243 -32.641886 2.795696 -1.515121 0.000000 0.904713 726
car -1 -1 nan 14388.000000 nan nan nan 1.161697 1.604908 3.642304 -27.674138 -1.992014 -1.470410 0.000000 0.925035 722
car -1 -1 nan 14387.000000 nan nan nan 0.925536 0.943164 1.895113 -38.771933 2.736007 -1.713778 0.000000 0.864532 689
