car -1 -1 nan 12514.000000 nan nan nan 1.107453 1.174647 0.748437 34.765720 2.529244 -0.252336 0.000000 0.632198 739
car -1 -1 nan 12507.000000 nan nan nan 1.093535 1.247278 1.263133 28.343505 2.540607 -0.402547 0.000000 0.593796 726
car -1 -1 nan 12501.000000 nan nan nan 1.097049 1.638695 3.706417 33.944107 -2.218566 -0.445885 0.000000 0.914005 722
car -1 -1 nan 12508.000000 nan nan nan 1.415756 1.928818 4.203688 5.976792 -2.762480 -0.976226 0.000000 0.926075 706
car -1 -1 nan 12499.000000 nan nan nan 1.300037 1.585394 3.582460 21.608051 2.284475 -0.509972 0.000000 0.922953 689
car -1 -1 nan 12495.000000 nan nan nan 1.262472 1.653813 3.938963 0.118331 -2.787425 -0.566705 0.000000 0.958155 664
car -1 -1 nan 12505.000000 nan nan nan 1.302492 1.633595 3.492544 14.807319 2.172472 -0.753350 0.000000 0.938380 660
car -1 -1 nan 12500.000000 nan nan nan 1.408200 2.007020 4.387885 -13.776030 2.040898 -1.148790 0.000000 0.960475 634
bicycle -1 -1 nan 12496.000000 nan nan nan 0.646321 0.273879 0.408839 -43.771843 11.225709 -1.539080 0.000000 0.700842 138
bicycle -1 -1 nan 12506.000000 nan nan nan 1.109339 2.543537 1.373801 -8.663092 5.201775 -1.200193 0.000000 0.860965 134
bicycle -1 -1 nan 12509.000000 nan nan nan 1.237635 1.664965 0.670086 -10.722490 10.758138 -1.315268 0.000000 0.876707 125
