other-vehicle -1 -1 nan 13435.000000 nan nan nan 0.476401 2.214679 1.805068 7.907679 -5.514022 -1.115330 0.000000 0.659658 786
car -1 -1 nan 13438.000000 nan nan nan 0.436188 0.309384 0.333862 29.076006 -1.166659 -0.481960 0.000000 0.479242 785
car -1 -1 nan 13432.000000 nan nan nan 0.362944 0.987363 0.592612 40.192068 -1.237669 -0.859430 0.000000 0.721229 784
car -1 -1 nan 13441.000000 nan nan nan 1.268297 1.368350 4.247884 18.473474 2.605215 -0.815783 0.000000 0.937745 774
car -1 -1 nan 13444.000000 nan nan nan 1.378151 1.461108 3.186054 24.911944 2.868215 -0.678552 0.000000 0.933015 767
car -1 -1 nan 13429.000000 nan nan nan 1.779516 1.873248 4.169702 21.383832 -2.003199 -0.483917 0.000000 0.909609 753
car -1 -1 nan 13437.000000 nan nan nan 1.467047 1.692394 3.348431 11.573232 2.609055 -0.774913 0.000000 0.942502 751
car -1 -1 nan 13434.000000 nan nan nan 1.299801 1.454496 4.151483 1.599734 2.348136 -0.921380 0.000000 0.951585 739
car -1 -1 nan 13439.000000 nan nan nan 1.259390 1.880746 3.776967 -5.237528 2.472239 -1.054306 0.000000 0.947163 726
car -1 -1 nan 13442.000000 nan nan nan 0.988661 1.285171 4.092782 -0.454270 -2.630802 -0.716502 0.000000 0.960483 722
car -1 -1 nan 13433.000000 nan nan nan 1.307149 1.773610 3.679756 -27.888594 -2.833393 -1.548764 0.000000 0.902539 706
car -1 -1 nan 13431.000000 nan nan nan 1.336573 1.926552 4.442843 -12.583862 2.271690 -1.182429 0.000000 0.946935 689
car -1 -1 nan 13443.000000 nan nan nan 1.312069 1.300088 3.050757 -33.480603 -2.583152 -1.328886 0.000000 0.937030 664
car -1 -1 nan 13440.000000 nan nan nan 1.222421 1.365024 4.348170 -19.583451 1.939657 -1.353339 0.000000 0.945845 660
car -1 -1 nan 13430.000000 nan nan nan 1.304698 2.254723 1.939603 -47.494313 2.485193 -1.688859 0.000000 0.841326 634
motorcycle -1 -1 nan 13448.000000 nan nan nan 0.735498 0.407833 1.235636 27.636399 -1.072426 -0.885846 0.000000 0.783144 152
