car -1 -1 nan 13228.000000 nan nan nan 1.071597 0.817158 0.831817 47.279434 -2.208113 -0.403634 0.000000 0.667882 784
car -1 -1 nan 13247.000000 nan nan nan 1.229422 0.500496 3.771757 25.178109 1.708298 -0.760993 0.000000 0.882964 774
car -1 -1 nan 13239.000000 nan nan nan 1.227254 1.388530 1.843553 31.165712 2.172983 -0.689638 0.000000 0.735050 767
car -1 -1 nan 13241.000000 nan nan nan 1.752012 1.837179 3.867274 28.532300 -2.620314 -0.398009 0.000000 0.876913 753
car -1 -1 nan 13237.000000 nan nan nan 1.487777 1.664538 3.160549 18.513123 2.300855 -0.684479 0.000000 0.933710 751
car -1 -1 nan 13235.000000 nan nan nan 1.364939 1.841146 4.181611 8.537136 2.345238 -0.877784 0.000000 0.937481 739
car -1 -1 nan 13227.000000 nan nan nan 1.212302 1.478104 3.508832 1.611414 2.484055 -0.933956 0.000000 0.931646 726
car -1 -1 nan 13240.000000 nan nan nan 1.430304 1.798382 4.164421 6.002106 -2.475023 -0.895631 0.000000 0.938030 722
car -1 -1 nan 13231.000000 nan nan nan 1.209847 1.785802 4.593194 -20.747507 -2.232157 -1.366643 0.000000 0.926635 706
car -1 -1 nan 13236.000000 nan nan nan 1.374243 1.894146 4.280741 -5.417789 2.460983 -1.106190 0.000000 0.946973 689
car -1 -1 nan 13238.000000 nan nan nan 1.493401 1.559437 3.764140 -26.973060 -1.932657 -1.255341 0.000000 0.903813 664
car -1 -1 nan 13234.000000 nan nan nan 1.333925 1.705453 3.858473 -12.087368 2.532175 -1.247030 0.000000 0.937170 660
car -1 -1 nan 13229.000000 nan nan nan 1.165730 1.743683 2.413191 -40.541408 3.382134 -1.475446 0.000000 0.870761 634
motorcycle -1 -1 nan 13244.000000 nan nan nan 0.520996 0.370300 1.344944 34.150525 -1.745140 -0.927364 0.000000 0.874531 152
