car -1 -1 nan 12738.000000 nan nan nan 0.534310 1.100165 0.841426 33.357239 -3.778078 -1.006516 0.000000 0.720059 752
truck -1 -1 nan 12730.000000 nan nan nan 1.217701 1.680320 0.456290 45.686646 0.139806 -0.346137 0.000000 0.803122 753
car -1 -1 nan 12732.000000 nan nan nan 1.255615 1.327086 1.082697 36.461459 4.170590 -0.532050 0.000000 0.839053 751
car -1 -1 nan 12733.000000 nan nan nan 1.151010 1.360609 3.853298 27.133987 3.653067 -0.744384 0.000000 0.880284 739
car -1 -1 nan 12724.000000 nan nan nan 1.247756 1.290616 3.083448 20.051524 3.298863 -0.835882 0.000000 0.908972 726
car -1 -1 nan 12736.000000 nan nan nan 1.244064 1.840824 3.810396 24.888641 -1.235097 -0.760213 0.000000 0.925267 722
car -1 -1 nan 12735.000000 nan nan nan 1.414546 1.628234 4.388538 -2.534726 -2.690240 -0.956088 0.000000 0.928152 706
car -1 -1 nan 12734.000000 nan nan nan 1.375624 1.571633 4.099444 12.668662 2.910320 -0.863475 0.000000 0.947545 689
car -1 -1 nan 12721.000000 nan nan nan 1.662043 1.791277 4.061976 -8.384209 -2.928268 -0.913044 0.000000 0.922399 664
car -1 -1 nan 12727.000000 nan nan nan 1.334704 1.650331 3.993269 5.878164 2.442860 -0.942342 0.000000 0.927587 660
car -1 -1 nan 12731.000000 nan nan nan 1.287947 1.968740 4.300292 -22.861741 1.530523 -1.046868 0.000000 0.940857 634
bicycle -1 -1 nan 12710.000000 nan nan nan 0.847312 0.897958 0.650492 -18.086047 3.732523 -1.230641 0.000000 0.764464 134
bicycle -1 -1 nan 12725.000000 nan nan nan 1.029348 1.323102 0.692191 -20.168554 10.408842 -1.433873 0.000000 0.624365 125
