other-vehicle -1 -1 nan 14084.000000 nan nan nan 0.213157 0.444195 0.385545 -24.627155 7.620360 -1.044161 0.000000 0.670360 822
other-vehicle -1 -1 nan 14117.000000 nan nan nan 0.547405 1.107027 0.892235 -20.423189 7.168214 -0.664506 0.000000 0.837172 818
car -1 -1 nan 14137.000000 nan nan nan 0.655884 2.127930 1.437806 35.826369 5.027725 -0.399598 0.000000 0.783554 819
truck -1 -1 nan 14110.000000 nan nan nan 1.241925 1.202445 0.465976 40.727314 1.787153 0.484782 0.000000 0.493917 804
other-vehicle -1 -1 nan 14111.000000 nan nan nan 0.558613 1.747979 1.735967 -12.002745 -5.446405 -1.493918 0.000000 0.790191 806
car -1 -1 nan 14123.000000 nan nan nan 0.638225 0.740955 0.482101 37.382357 5.326273 -0.013032 0.000000 0.558929 807
car -1 -1 nan 14116.000000 nan nan nan 1.198921 1.330101 1.165301 35.790329 -2.904604 -0.309279 0.000000 0.731594 797
other-vehicle -1 -1 nan 14132.000000 nan nan nan 1.274098 1.877250 3.220579 8.061524 -2.407162 -0.904213 0.000000 0.423644 793
car -1 -1 nan 14124.000000 nan nan nan 1.566485 1.690529 2.168602 35.400480 2.248946 -0.058841 0.000000 0.817752 795
car -1 -1 nan 14112.000000 nan nan nan 1.290394 1.678353 3.713186 21.715534 -2.562524 -0.612154 0.000000 0.874132 784
car -1 -1 nan 14129.000000 nan nan nan 1.065416 1.668110 4.277724 -1.055356 2.606078 -0.674071 0.000000 0.945694 774
car -1 -1 nan 14120.000000 nan nan nan 1.486134 1.755334 3.971665 5.284916 2.371505 -0.851916 0.000000 0.967360 767
car -1 -1 nan 14118.000000 nan nan nan 1.875390 1.443828 4.649396 1.971867 -2.295728 -0.678221 0.000000 0.624696 753
car -1 -1 nan 14101.000000 nan nan nan 1.522129 1.848114 3.300867 -7.778572 2.441327 -1.078841 0.000000 0.943897 751
car -1 -1 nan 14113.000000 nan nan nan 1.304350 1.842559 4.597103 -17.783748 2.564909 -1.356569 0.000000 0.943300 739
car -1 -1 nan 14105.000000 nan nan nan 1.217625 1.240195 3.873502 -25.358067 2.569360 -1.557164 0.000000 0.915237 726
car -1 -1 nan 14121.000000 nan nan nan 1.322944 1.795897 4.497092 -19.923778 -2.367103 -1.435722 0.000000 0.936307 722
car -1 -1 nan 14122.000000 nan nan nan 0.489091 1.620537 1.257832 -46.119973 -2.086193 -2.422234 0.000000 0.783949 706
car -1 -1 nan 14119.000000 nan nan nan 1.097172 0.692698 2.429064 -31.546032 2.316040 -1.744447 0.000000 0.887145 689
motorcycle -1 -1 nan 14053.000000 nan nan nan 0.618914 1.354398 1.702002 -18.328026 6.905790 -0.564986 0.000000 0.796740 165
bicycle -1 -1 nan 14046.000000 nan nan nan 0.787941 0.375747 0.840998 1.371802 -8.796781 -1.315581 0.000000 0.858888 163
bicyclist -1 -1 nan 14072.000000 nan nan nan 0.536138 0.372436 0.424624 32.622023 -4.952140 -0.132026 0.000000 0.782710 162
