car -1 -1 nan 13111.000000 nan nan nan 0.472368 0.270217 0.286407 30.197347 8.380825 -0.750130 0.000000 0.677696 781
car -1 -1 nan 13147.000000 nan nan nan 0.562587 0.220488 1.212855 37.683138 -1.699952 -0.851589 0.000000 0.685732 779
car -1 -1 nan 13140.000000 nan nan nan 1.100407 0.553062 3.367388 28.718145 1.690600 -0.724728 0.000000 0.912038 774
car -1 -1 nan 13132.000000 nan nan nan 1.138885 0.879863 1.794728 34.740091 1.994386 -0.607570 0.000000 0.583636 767
car -1 -1 nan 13144.000000 nan nan nan 1.747807 1.878124 2.871127 31.512806 -2.655423 -0.347215 0.000000 0.868904 753
car -1 -1 nan 13128.000000 nan nan nan 1.412772 1.549244 3.101975 21.899412 2.252686 -0.675765 0.000000 0.906875 751
car -1 -1 nan 13137.000000 nan nan nan 1.376853 1.772002 4.602775 12.078248 2.338431 -0.867860 0.000000 0.904999 739
car -1 -1 nan 13131.000000 nan nan nan 1.356099 1.579499 3.360172 5.001536 2.490663 -0.961238 0.000000 0.956965 726
car -1 -1 nan 13148.000000 nan nan nan 1.432355 1.828900 4.224701 9.715912 -2.522283 -0.843440 0.000000 0.927919 722
car -1 -1 nan 13142.000000 nan nan nan 1.352530 1.827859 4.426149 -17.565019 -2.208186 -1.274100 0.000000 0.963830 706
car -1 -1 nan 13138.000000 nan nan nan 1.097375 1.762275 4.286868 -2.057758 2.595644 -0.780029 0.000000 0.966859 689
car -1 -1 nan 13130.000000 nan nan nan 1.510020 1.530161 4.095798 -23.392222 -1.913031 -1.179476 0.000000 0.930817 664
car -1 -1 nan 13126.000000 nan nan nan 1.380249 1.647238 3.852026 -8.556767 2.532683 -1.118602 0.000000 0.959217 660
car -1 -1 nan 13129.000000 nan nan nan 1.175616 1.780367 2.502777 -37.203703 3.571349 -1.349043 0.000000 0.896762 634
