car -1 -1 nan 11990.000000 nan nan nan 1.306731 0.966881 3.151293 19.761230 -7.006040 -0.993734 0.000000 0.853615 706
car -1 -1 nan 11995.000000 nan nan nan 1.135997 1.187967 3.552438 -3.342463 43.939650 -0.204465 0.000000 0.949878 701
car -1 -1 nan 11993.000000 nan nan nan 1.092230 1.903351 3.138070 35.692439 -7.536367 -0.656705 0.000000 0.824142 689
car -1 -1 nan 11991.000000 nan nan nan 0.190676 0.225941 0.273418 42.294720 -9.641657 -0.264630 0.000000 0.601034 688
car -1 -1 nan 11999.000000 nan nan nan 0.668052 1.308722 1.618503 -17.713661 -35.470634 -2.143663 0.000000 0.742757 679
car -1 -1 nan 11985.000000 nan nan nan 1.555959 1.772889 3.938012 13.740711 -5.456167 -0.882849 0.000000 0.954350 664
car -1 -1 nan 11998.000000 nan nan nan 1.184239 1.870357 1.845979 29.193185 -5.427870 -0.853379 0.000000 0.889422 660
car -1 -1 nan 11996.000000 nan nan nan 1.429255 2.136683 3.821933 2.201480 2.889354 -0.892496 0.000000 0.959608 634
car -1 -1 nan 11970.000000 nan nan nan 1.368574 3.298107 2.393315 -3.652738 16.030636 -0.686397 0.000000 0.895608 631
car -1 -1 nan 11988.000000 nan nan nan 0.325558 2.085916 2.177790 -29.665329 14.444903 -1.187100 0.000000 0.867463 626
car -1 -1 nan 11977.000000 nan nan nan 1.337460 3.986100 2.253501 -11.738273 -14.254332 -1.391793 0.000000 0.960940 616
car -1 -1 nan 11983.000000 nan nan nan 2.322993 5.817035 2.188998 -14.992190 -25.862413 -1.049883 0.000000 0.886183 540
