car -1 -1 nan 12404.000000 nan nan nan 1.034776 1.108703 0.782790 39.015866 1.234132 -0.244056 0.000000 0.589244 739
other-vehicle -1 -1 nan 12407.000000 nan nan nan 0.390301 1.093741 0.589093 -6.174106 19.617593 -0.876221 0.000000 0.332174 735
other-vehicle -1 -1 nan 12391.000000 nan nan nan 1.190352 1.963815 2.334351 -5.446117 22.605164 -0.689376 0.000000 0.679010 733
car -1 -1 nan 12401.000000 nan nan nan 0.304797 0.608418 0.376617 32.204653 1.199700 0.033847 0.000000 0.646103 726
car -1 -1 nan 12395.000000 nan nan nan 0.811314 1.517515 1.005798 36.562630 -3.543573 -0.478853 0.000000 0.752340 722
car -1 -1 nan 12410.000000 nan nan nan 1.417984 1.624565 4.178041 10.174710 -3.029066 -0.925914 0.000000 0.951807 706
car -1 -1 nan 12403.000000 nan nan nan 1.389473 1.757512 3.275391 25.767445 1.391783 -0.503396 0.000000 0.945573 689
car -1 -1 nan 12396.000000 nan nan nan 1.720912 1.716907 4.031347 4.010770 -2.852412 -0.843565 0.000000 0.943366 664
car -1 -1 nan 12389.000000 nan nan nan 1.227176 1.700043 3.408749 19.023792 1.611073 -0.669492 0.000000 0.956633 660
car -1 -1 nan 12394.000000 nan nan nan 1.451585 1.945334 3.843469 -9.173819 2.518475 -1.097415 0.000000 0.954965 634
bicycle -1 -1 nan 12405.000000 nan nan nan 1.103659 1.829137 0.832867 -4.062267 5.687377 -1.062289 0.000000 0.449760 134
bicycle -1 -1 nan 12345.000000 nan nan nan 0.879041 1.226145 1.352931 -46.759546 12.720160 -2.509465 0.000000 0.831925 126
bicycle -1 -1 nan 12399.000000 nan nan nan 1.248072 1.466302 0.672563 -6.085241 11.028649 -1.181680 0.000000 0.791161 125
