other-vehicle -1 -1 nan 12277.000000 nan nan nan 0.627499 1.344642 1.648070 -0.820619 19.958251 -0.844604 0.000000 0.376907 735
other-vehicle -1 -1 nan 12291.000000 nan nan nan 1.116654 1.637154 2.680394 -0.319743 22.559109 -0.643626 0.000000 0.607022 733
car -1 -1 nan 12284.000000 nan nan nan 0.363426 1.016748 0.776286 36.323724 -0.317992 -0.140638 0.000000 0.746094 726
car -1 -1 nan 12289.000000 nan nan nan 0.906810 1.456778 0.906402 40.387488 -5.180261 -0.531618 0.000000 0.761876 722
car -1 -1 nan 12285.000000 nan nan nan 1.311443 1.350769 4.065095 13.916249 -3.348489 -0.973236 0.000000 0.937643 706
car -1 -1 nan 12276.000000 nan nan nan 1.132107 1.746677 2.678406 29.306743 0.304725 -0.579552 0.000000 0.862050 689
car -1 -1 nan 12271.000000 nan nan nan 1.615693 1.772835 3.984722 7.846302 -3.070256 -0.884228 0.000000 0.957909 664
car -1 -1 nan 12288.000000 nan nan nan 1.247112 1.840466 3.294484 23.115148 0.671842 -0.738405 0.000000 0.919710 660
car -1 -1 nan 12278.000000 nan nan nan 1.564289 1.943387 3.841761 -5.114251 2.830544 -0.997806 0.000000 0.956887 634
car -1 -1 nan 12275.000000 nan nan nan 1.315051 2.461112 1.883315 -14.289511 13.883172 -0.875865 0.000000 0.924144 631
bicycle -1 -1 nan 12287.000000 nan nan nan 1.153935 2.317324 1.590188 -0.167683 5.700080 -1.012294 0.000000 0.351725 134
bicycle -1 -1 nan 12272.000000 nan nan nan 0.847734 1.249560 1.167290 -42.254723 14.916920 -1.986652 0.000000 0.858436 126
bicycle -1 -1 nan 12283.000000 nan nan nan 1.119238 1.311037 0.505751 -1.632247 11.707768 -1.116618 0.000000 0.485873 125
