car -1 -1 nan 15472.000000 nan nan nan 0.828708 1.396512 0.583763 -50.389738 -6.157125 -1.332149 0.000000 0.856127 880
car -1 -1 nan 15494.000000 nan nan nan 0.726815 0.858744 1.726578 -44.779169 3.454959 -1.883389 0.000000 0.822543 875
car -1 -1 nan 15485.000000 nan nan nan 1.676368 1.760619 4.244606 6.759809 3.124673 -0.813906 0.000000 0.956476 863
car -1 -1 nan 15477.000000 nan nan nan 1.413962 1.603370 3.100284 23.851869 -1.483434 -0.687667 0.000000 0.893295 855
car -1 -1 nan 15481.000000 nan nan nan 1.343502 3.876412 1.964341 13.677906 -4.840131 -0.773790 0.000000 0.923388 851
car -1 -1 nan 15474.000000 nan nan nan 1.462316 1.521489 4.107777 0.311975 2.767658 -0.634960 0.000000 0.945452 848
car -1 -1 nan 15482.000000 nan nan nan 1.411066 1.746373 3.889735 -7.573591 -2.406227 -1.150236 0.000000 0.940577 797
other-vehicle -1 -1 nan 15484.000000 nan nan nan 0.990526 1.692846 1.719900 -35.689970 -3.122761 -1.594248 0.000000 0.792887 793
car -1 -1 nan 15488.000000 nan nan nan 1.864082 1.867591 4.431760 -8.450606 2.642744 -0.964639 0.000000 0.958613 795
car -1 -1 nan 15478.000000 nan nan nan 1.244750 1.749011 4.990006 -22.492188 -2.636147 -1.413459 0.000000 0.942445 784
car -1 -1 nan 15493.000000 nan nan nan 1.280589 2.716202 3.830186 -39.470503 2.109896 -1.690658 0.000000 0.919659 767
car -1 -1 nan 15486.000000 nan nan nan 0.423818 0.709873 0.717133 -42.115508 -3.639731 -0.908422 0.000000 0.659252 753
bicyclist -1 -1 nan 15480.000000 nan nan nan 0.945067 0.778213 0.456827 37.302401 6.568784 -0.159169 0.000000 0.798449 195
