other-vehicle -1 -1 nan 16013.000000 nan nan nan 1.400881 1.405677 1.832229 -24.734818 2.092208 -0.518580 0.000000 0.364620 904
car -1 -1 nan 16015.000000 nan nan nan 1.657678 1.821115 4.182321 -13.112582 2.461469 -0.964679 0.000000 0.967206 863
car -1 -1 nan 16014.000000 nan nan nan 1.445267 1.628585 3.730908 3.535143 -3.045478 -0.943890 0.000000 0.946188 855
car -1 -1 nan 16009.000000 nan nan nan 1.348418 3.544914 1.720649 -6.970183 -6.462841 -1.180918 0.000000 0.936379 851
car -1 -1 nan 16021.000000 nan nan nan 1.679147 1.731061 4.403419 -20.180217 2.102661 -1.048724 0.000000 0.967664 848
car -1 -1 nan 16018.000000 nan nan nan 1.203037 1.776549 2.966262 -27.736798 -2.268411 -1.525590 0.000000 0.921644 797
car -1 -1 nan 16020.000000 nan nan nan 0.941943 0.334994 2.643681 -29.720549 1.877983 -1.373707 0.000000 0.711511 795
car -1 -1 nan 16024.000000 nan nan nan 0.255385 1.026347 0.641542 -41.494651 -1.544970 -2.006162 0.000000 0.603373 784
person -1 -1 nan 16022.000000 nan nan nan 0.874086 0.488728 0.420171 -7.646850 -4.042950 -1.315154 0.000000 0.740636 175
person -1 -1 nan 16001.000000 nan nan nan 0.845878 0.320302 0.218845 -16.476420 8.386239 -0.379547 0.000000 0.857755 173
bicycle -1 -1 nan 16019.000000 nan nan nan 0.922158 0.447285 1.139118 -11.426944 -4.720318 -1.331166 0.000000 0.902623 199
bicycle -1 -1 nan 15997.000000 nan nan nan 0.850755 0.459164 0.779739 -4.947948 4.043158 -1.124592 0.000000 0.464167 198
bicycle -1 -1 nan 16017.000000 nan nan nan 1.164048 1.419830 0.806640 -0.635486 -6.604862 -1.424452 0.000000 0.910829 197
