other-vehicle -1 -1 nan 16107.000000 nan nan nan 0.771575 1.505296 1.782882 -29.216195 0.716861 -0.180695 0.000000 0.520619 904
car -1 -1 nan 16109.000000 nan nan nan 1.622312 2.094783 4.983664 -18.104853 1.619462 -0.984119 0.000000 0.958754 863
car -1 -1 nan 16116.000000 nan nan nan 1.133601 1.849296 3.548017 -0.552397 -2.969402 -0.828748 0.000000 0.942032 855
car -1 -1 nan 16103.000000 nan nan nan 1.330936 3.610752 1.724201 -11.083677 -6.905696 -1.229105 0.000000 0.907369 851
car -1 -1 nan 16117.000000 nan nan nan 1.584135 1.528333 4.243453 -24.745536 0.764731 -1.075020 0.000000 0.961214 848
car -1 -1 nan 16115.000000 nan nan nan 0.922459 1.681426 1.575531 -31.770047 -3.836272 -1.553606 0.000000 0.795996 797
car -1 -1 nan 16092.000000 nan nan nan 0.181674 0.390293 1.706264 -34.858621 0.166137 -1.296072 0.000000 0.597295 795
car -1 -1 nan 16105.000000 nan nan nan 0.340926 1.201776 0.855044 -46.227701 -3.769152 -2.016736 0.000000 0.727565 784
person -1 -1 nan 16118.000000 nan nan nan 0.722721 0.396058 0.378531 -12.093708 -4.362544 -1.312592 0.000000 0.335204 175
bicycle -1 -1 nan 16106.000000 nan nan nan 0.554065 0.882141 0.425054 7.221340 -5.927339 -1.108739 0.000000 0.714191 206
bicycle -1 -1 nan 16114.000000 nan nan nan 0.841086 0.354956 0.812280 -15.405909 -5.377499 -1.339189 0.000000 0.848454 199
bicycle -1 -1 nan 16095.000000 nan nan nan 0.631266 0.455582 0.350219 -4.707764 -6.502069 -1.669618 0.000000 0.613833 197
