car -1 -1 nan 15953.000000 nan nan nan 1.712035 1.801473 4.238386 -10.420050 2.711613 -0.962486 0.000000 0.941995 863
car -1 -1 nan 15957.000000 nan nan nan 1.449052 1.749506 3.553505 6.119728 -3.200572 -0.907722 0.000000 0.949625 855
car -1 -1 nan 15972.000000 nan nan nan 1.361378 3.411452 1.788247 -4.404476 -6.258351 -1.123840 0.000000 0.943969 851
car -1 -1 nan 15963.000000 nan nan nan 1.665119 1.599231 4.261482 -17.214652 2.612436 -1.042332 0.000000 0.968174 848
car -1 -1 nan 15959.000000 nan nan nan 1.130930 1.840469 3.646317 -25.186540 -1.677413 -1.533532 0.000000 0.916918 797
car -1 -1 nan 15967.000000 nan nan nan 1.382274 0.292751 2.628606 -26.562487 2.619106 -1.315732 0.000000 0.873657 795
car -1 -1 nan 15960.000000 nan nan nan 0.526945 1.309020 1.647809 -38.915816 -0.608710 -2.121153 0.000000 0.608993 784
person -1 -1 nan 15965.000000 nan nan nan 0.927276 0.487003 0.704860 -4.841241 -3.954939 -1.295974 0.000000 0.783112 175
person -1 -1 nan 15964.000000 nan nan nan 0.879985 0.460699 0.316520 -13.597066 8.745272 -0.501704 0.000000 0.886816 173
bicycle -1 -1 nan 15948.000000 nan nan nan 0.805572 0.356731 0.685281 -8.529302 -4.444625 -1.279898 0.000000 0.830045 199
bicycle -1 -1 nan 15925.000000 nan nan nan 0.980132 1.366842 0.676634 -2.721604 5.627214 -1.094296 0.000000 0.687756 198
bicycle -1 -1 nan 15966.000000 nan nan nan 1.164894 1.830069 0.839187 1.889095 -6.831888 -1.364698 0.000000 0.916243 197
