car -1 -1 nan 15068.000000 nan nan nan 1.521911 0.830472 3.695331 20.001220 2.569467 -0.560432 0.000000 0.887052 863
car -1 -1 nan 15074.000000 nan nan nan 1.072330 1.635958 0.791744 36.325679 -1.373389 -0.542302 0.000000 0.786332 855
car -1 -1 nan 15075.000000 nan nan nan 1.232031 3.333698 2.009545 26.873733 -5.347150 -0.566811 0.000000 0.901877 851
car -1 -1 nan 15076.000000 nan nan nan 1.638611 0.641109 3.359499 13.244046 1.931344 -0.577252 0.000000 0.958188 848
car -1 -1 nan 15055.000000 nan nan nan 1.423364 1.892499 3.728988 5.010020 -2.647788 -0.949433 0.000000 0.939579 797
other-vehicle -1 -1 nan 15066.000000 nan nan nan 1.159434 2.004570 3.688929 -23.050942 -3.655178 -1.522229 0.000000 0.914805 793
car -1 -1 nan 15070.000000 nan nan nan 1.933964 1.993220 4.201494 4.406378 2.450972 -0.664981 0.000000 0.846008 795
car -1 -1 nan 15061.000000 nan nan nan 1.338195 1.870373 4.486511 -9.269259 -2.943804 -1.223907 0.000000 0.922979 784
car -1 -1 nan 15069.000000 nan nan nan 0.982813 0.359651 3.563964 -32.445895 0.089536 -1.699528 0.000000 0.913688 774
car -1 -1 nan 15067.000000 nan nan nan 1.296843 2.772455 4.870957 -26.366008 1.575790 -1.425613 0.000000 0.884858 767
car -1 -1 nan 15062.000000 nan nan nan 1.592969 1.947572 3.841327 -28.978605 -3.949169 -1.227960 0.000000 0.878424 753
car -1 -1 nan 15064.000000 nan nan nan 1.166843 1.377246 2.975245 -38.816480 0.413104 -1.438842 0.000000 0.748491 751
bicycle -1 -1 nan 15071.000000 nan nan nan 0.916505 0.461610 0.860867 20.260237 -8.228589 -0.955668 0.000000 0.806163 186
motorcycle -1 -1 nan 15027.000000 nan nan nan 0.951927 0.449489 0.301954 27.829827 -2.810018 -0.935174 0.000000 0.860697 184
bicycle -1 -1 nan 14996.000000 nan nan nan 0.571708 0.829777 1.083495 16.661424 -6.324204 -0.950416 0.000000 0.798342 178
