car -1 -1 nan 15667.000000 nan nan nan 0.379051 1.120574 1.045362 -40.721354 7.253520 -0.306367 0.000000 0.613229 893
car -1 -1 nan 15686.000000 nan nan nan 1.018224 2.011161 1.521247 45.308008 2.433980 -0.163246 0.000000 0.740632 886
car -1 -1 nan 15684.000000 nan nan nan 1.432330 1.754554 4.300949 0.144486 2.863465 -0.618788 0.000000 0.928031 863
car -1 -1 nan 15688.000000 nan nan nan 1.384371 1.596865 3.309483 16.727092 -2.855499 -0.683327 0.000000 0.947637 855
car -1 -1 nan 15693.000000 nan nan nan 1.374403 3.888016 1.905461 6.206646 -5.672306 -0.792294 0.000000 0.937172 851
car -1 -1 nan 15694.000000 nan nan nan 1.714838 2.537846 4.386050 -6.422654 3.203706 -0.932058 0.000000 0.943758 848
car -1 -1 nan 15689.000000 nan nan nan 1.269608 1.695374 3.864921 -14.633692 -1.827508 -1.220768 0.000000 0.929506 797
other-vehicle -1 -1 nan 15697.000000 nan nan nan 1.002007 1.840336 1.747017 -42.925855 -0.538774 -1.929017 0.000000 0.843103 793
car -1 -1 nan 15699.000000 nan nan nan 1.838768 0.789605 4.131564 -15.359954 2.738352 -1.118052 0.000000 0.960408 795
car -1 -1 nan 15687.000000 nan nan nan 1.152266 1.770034 5.201261 -29.252949 -1.137091 -1.684444 0.000000 0.905303 784
car -1 -1 nan 15700.000000 nan nan nan 1.180655 1.716700 2.677331 -45.505429 4.532353 -1.861684 0.000000 0.903631 767
person -1 -1 nan 15695.000000 nan nan nan 0.361579 0.269758 0.272227 -2.973919 8.758401 -0.267074 0.000000 0.857916 173
motorcycle -1 -1 nan 15692.000000 nan nan nan 0.930062 1.550055 0.816453 8.170093 5.125490 -1.121736 0.000000 0.791248 198
bicycle -1 -1 nan 15698.000000 nan nan nan 0.656325 1.085923 0.657016 12.962969 -6.224326 -0.982261 0.000000 0.919481 197
