car -1 -1 nan 15878.000000 nan nan nan 1.703198 1.714989 4.339132 -6.683943 2.795057 -0.950169 0.000000 0.967409 863
car -1 -1 nan 15881.000000 nan nan nan 1.463464 1.618776 3.554391 9.700066 -3.227951 -0.821544 0.000000 0.946849 855
car -1 -1 nan 15898.000000 nan nan nan 1.682188 2.675259 1.927353 -0.943157 -5.569235 -0.880572 0.000000 0.939843 851
car -1 -1 nan 15888.000000 nan nan nan 1.705782 1.798747 4.061036 -13.436672 2.866756 -1.008341 0.000000 0.971128 848
car -1 -1 nan 15892.000000 nan nan nan 1.302049 1.687131 4.302491 -21.455916 -1.415887 -1.436344 0.000000 0.953792 797
other-vehicle -1 -1 nan 15875.000000 nan nan nan 0.518240 0.346198 1.001895 -50.617540 1.207662 -1.940922 0.000000 0.535849 793
car -1 -1 nan 15882.000000 nan nan nan 1.645791 0.455520 3.434268 -22.699717 3.000140 -1.220307 0.000000 0.843396 795
car -1 -1 nan 15883.000000 nan nan nan 1.052330 1.759640 3.328590 -35.697426 -0.291390 -1.892081 0.000000 0.933693 784
person -1 -1 nan 15854.000000 nan nan nan 0.946086 0.554246 0.507894 -1.502563 -3.972829 -1.045485 0.000000 0.860395 175
person -1 -1 nan 15889.000000 nan nan nan 0.959732 0.518915 0.301953 -9.851054 8.913585 -0.504112 0.000000 0.522640 173
bicycle -1 -1 nan 15894.000000 nan nan nan 0.631022 0.260258 1.079225 -5.209446 -4.340842 -1.087493 0.000000 0.810208 199
bicycle -1 -1 nan 15895.000000 nan nan nan 0.824491 1.878820 0.594630 0.980556 5.821845 -1.174336 0.000000 0.452418 198
bicycle -1 -1 nan 15891.000000 nan nan nan 1.166314 1.533702 1.029796 5.468966 -6.739843 -1.227741 0.000000 0.944736 197
