car -1 -1 nan 15578.000000 nan nan nan 0.501478 0.745748 0.244695 -48.611504 4.906565 -1.932408 0.000000 0.677251 875
car -1 -1 nan 15567.000000 nan nan nan 0.957771 0.479548 0.852462 10.041474 -3.498592 -0.958772 0.000000 0.688783 891
car -1 -1 nan 15596.000000 nan nan nan 1.087584 3.890403 1.875538 48.041899 3.064007 -0.183056 0.000000 0.927991 886
car -1 -1 nan 15577.000000 nan nan nan 1.707769 1.793562 4.302480 3.434313 2.906475 -0.789119 0.000000 0.961270 863
car -1 -1 nan 15576.000000 nan nan nan 1.415277 1.693748 3.208408 20.282809 -2.207785 -0.624186 0.000000 0.945356 855
car -1 -1 nan 15569.000000 nan nan nan 1.328659 3.654233 1.976729 9.902457 -5.403474 -0.721827 0.000000 0.946470 851
car -1 -1 nan 15592.000000 nan nan nan 1.670947 1.910453 4.242336 -2.982123 2.678754 -0.801329 0.000000 0.960590 848
car -1 -1 nan 15581.000000 nan nan nan 1.379889 1.695252 3.900120 -11.198402 -2.190267 -1.215177 0.000000 0.941838 797
other-vehicle -1 -1 nan 15579.000000 nan nan nan 1.095861 1.564294 0.934179 -39.113045 -1.933134 -1.956898 0.000000 0.808468 793
car -1 -1 nan 15583.000000 nan nan nan 1.856842 1.660466 4.437820 -11.994455 2.807764 -1.070474 0.000000 0.950626 795
car -1 -1 nan 15572.000000 nan nan nan 1.155715 1.674311 3.975491 -25.557996 -1.933256 -1.604990 0.000000 0.927366 784
car -1 -1 nan 15593.000000 nan nan nan 1.203638 1.676656 1.929205 -41.903040 2.884066 -2.037508 0.000000 0.825310 767
car -1 -1 nan 15584.000000 nan nan nan 0.652520 1.623209 1.100553 -44.594455 -1.798348 -1.574757 0.000000 0.766943 753
bicyclist -1 -1 nan 15574.000000 nan nan nan 1.066810 0.861872 0.601479 33.949454 5.451282 -0.209222 0.000000 0.775459 195
