other-vehicle -1 -1 nan 16128.000000 nan nan nan 0.798085 1.302068 1.058953 -29.917933 0.477360 -0.219060 0.000000 0.723877 904
car -1 -1 nan 16127.000000 nan nan nan 1.612381 2.117880 4.979626 -19.015288 1.412115 -1.053904 0.000000 0.954245 863
car -1 -1 nan 16120.000000 nan nan nan 1.288649 1.699510 3.700495 -1.378042 -2.972279 -0.896180 0.000000 0.971276 855
car -1 -1 nan 16134.000000 nan nan nan 1.282507 3.554908 1.703357 -11.902251 -7.009303 -1.248007 0.000000 0.925837 851
car -1 -1 nan 16123.000000 nan nan nan 1.617698 1.350163 3.852449 -25.508797 0.515688 -1.145197 0.000000 0.944931 848
car -1 -1 nan 16129.000000 nan nan nan 0.855285 1.616385 2.989501 -32.845999 -4.188319 -1.644467 0.000000 0.899164 797
car -1 -1 nan 16105.000000 nan nan nan 0.340926 1.201776 0.855044 -47.135313 -4.234297 -2.038431 0.000000 0.727565 784
person -1 -1 nan 16121.000000 nan nan nan 0.971325 0.398159 0.310212 44.947468 -1.968594 -0.384905 0.000000 0.867421 178
person -1 -1 nan 16131.000000 nan nan nan 0.819677 0.568025 0.419202 -12.983394 -4.371075 -1.379040 0.000000 0.486793 175
bicycle -1 -1 nan 16106.000000 nan nan nan 0.554065 0.882141 0.425054 6.379557 -5.883609 -1.034743 0.000000 0.714191 206
bicycle -1 -1 nan 16114.000000 nan nan nan 0.841086 0.354956 0.812280 -16.192581 -5.513497 -1.343017 0.000000 0.848454 199
bicycle -1 -1 nan 16095.000000 nan nan nan 0.631266 0.455582 0.350219 -5.535558 -6.496085 -1.721759 0.000000 0.613833 197
