truck -1 -1 nan 16516.000000 nan nan nan 1.308020 1.811825 0.863652 48.593811 -1.347646 0.338910 0.000000 0.820228 922
car -1 -1 nan 16519.000000 nan nan nan 1.705674 2.604681 1.810886 13.101250 -10.648384 -0.174464 0.000000 0.866346 923
car -1 -1 nan 16502.000000 nan nan nan 0.527600 0.771934 1.486836 51.502611 4.448335 -0.220309 0.000000 0.496036 924
car -1 -1 nan 16524.000000 nan nan nan 0.461267 1.780816 0.650112 -43.918822 -10.056064 -1.456158 0.000000 0.704572 925
car -1 -1 nan 16515.000000 nan nan nan 1.717731 3.688197 2.404751 -0.000012 10.099367 -1.047661 0.000000 0.868583 909
car -1 -1 nan 16533.000000 nan nan nan 0.420034 1.195645 0.856652 -43.309268 -1.011346 -0.911598 0.000000 0.843580 904
car -1 -1 nan 16536.000000 nan nan nan 1.563570 1.994550 4.260530 -32.421449 0.397369 -1.617928 0.000000 0.922621 863
car -1 -1 nan 16526.000000 nan nan nan 1.498027 1.765221 3.560060 -15.179431 -3.227783 -1.261969 0.000000 0.939950 855
car -1 -1 nan 16538.000000 nan nan nan 0.867791 2.318207 1.389019 -25.475892 -7.460554 -1.253216 0.000000 0.869771 851
car -1 -1 nan 16529.000000 nan nan nan 1.302546 1.228420 4.142187 -38.966454 -0.880886 -1.603156 0.000000 0.916228 848
car -1 -1 nan 16532.000000 nan nan nan 0.488493 1.403342 0.862138 -46.230975 -6.120396 -2.354692 0.000000 0.780883 797
person -1 -1 nan 16520.000000 nan nan nan 1.200441 0.300611 0.385047 30.810645 0.115155 -0.330551 0.000000 0.933969 178
