car -1 -1 nan 14624.000000 nan nan nan 0.116988 0.951117 1.115018 -44.411597 -4.379524 -0.840111 0.000000 0.777325 844
car -1 -1 nan 14605.000000 nan nan nan 1.660484 3.299630 1.266586 20.339875 5.340692 -0.017739 0.000000 0.698653 807
car -1 -1 nan 14613.000000 nan nan nan 0.929614 1.371682 0.508722 -42.270967 -4.283566 -1.464725 0.000000 0.709955 842
truck -1 -1 nan 14621.000000 nan nan nan 1.248417 1.237050 0.926528 25.313169 1.023319 0.209393 0.000000 0.607892 804
car -1 -1 nan 14611.000000 nan nan nan 1.258103 1.719471 3.506787 20.916490 -3.642378 -0.825198 0.000000 0.904693 797
other-vehicle -1 -1 nan 14602.000000 nan nan nan 1.203977 2.038684 3.746669 -7.174056 -2.684075 -1.180712 0.000000 0.799275 793
car -1 -1 nan 14626.000000 nan nan nan 1.786470 1.801780 4.072138 20.539200 1.565617 -0.502040 0.000000 0.882073 795
car -1 -1 nan 14607.000000 nan nan nan 1.700636 1.656517 4.200624 6.193762 -2.886548 -0.856538 0.000000 0.925350 784
car -1 -1 nan 14614.000000 nan nan nan 1.346289 1.485748 4.441491 -16.496784 2.191678 -1.126562 0.000000 0.916253 774
car -1 -1 nan 14617.000000 nan nan nan 1.508690 1.836180 4.324168 -9.797856 2.214599 -1.020596 0.000000 0.954728 767
car -1 -1 nan 14616.000000 nan nan nan 1.803464 1.962780 4.510591 -13.300253 -2.688584 -0.907154 0.000000 0.960699 753
car -1 -1 nan 14606.000000 nan nan nan 1.377838 1.459887 3.001947 -23.333183 2.361536 -1.060484 0.000000 0.926032 751
car -1 -1 nan 14620.000000 nan nan nan 0.836013 0.436543 1.654567 -32.569527 2.142874 -1.457038 0.000000 0.748871 739
car -1 -1 nan 14615.000000 nan nan nan 0.371135 0.827633 1.013616 -40.581732 2.822098 -0.977340 0.000000 0.766455 726
car -1 -1 nan 14609.000000 nan nan nan 0.867677 1.738190 2.451372 -34.300058 -2.155012 -1.502794 0.000000 0.865506 722
