car -1 -1 nan 17064.000000 nan nan nan 1.145487 3.391689 1.544044 -1.917645 -23.743194 -0.699256 0.000000 0.881419 964
car -1 -1 nan 17049.000000 nan nan nan 0.475096 0.957239 1.113840 22.891488 44.128742 -1.415678 0.000000 0.689363 954
car -1 -1 nan 17060.000000 nan nan nan 1.571852 2.016688 4.283739 34.860853 -21.770481 -0.423032 0.000000 0.806296 922
car -1 -1 nan 17048.000000 nan nan nan 1.851999 3.918197 3.325240 -2.788236 -13.236788 -0.693371 0.000000 0.925842 923
car -1 -1 nan 17044.000000 nan nan nan 1.601798 1.789030 3.490263 -37.403202 18.668224 -1.770137 0.000000 0.794379 863
car -1 -1 nan 17054.000000 nan nan nan 1.357805 2.682798 3.292751 -23.758126 7.428165 -1.480325 0.000000 0.904753 855
car -1 -1 nan 17061.000000 nan nan nan 0.943691 1.761219 0.746685 -34.482241 8.729305 -1.455461 0.000000 0.865169 851
car -1 -1 nan 17050.000000 nan nan nan 1.237268 1.924856 2.201956 -43.759093 21.198764 -1.554836 0.000000 0.889876 848
person -1 -1 nan 17058.000000 nan nan nan 0.981895 0.628007 0.706344 34.860794 -10.565674 -0.376702 0.000000 0.888333 189
person -1 -1 nan 17053.000000 nan nan nan 1.349985 0.486813 0.446592 18.396237 -11.740521 -0.770289 0.000000 0.830620 178
