car -1 -1 nan 18821.000000 nan nan nan 0.701065 2.810716 1.149340 25.199311 13.118090 -0.158892 0.000000 0.685807 1088
car -1 -1 nan 18815.000000 nan nan nan 0.498170 1.638066 1.115213 -42.625483 27.484039 -2.030313 0.000000 0.840722 1083
car -1 -1 nan 18858.000000 nan nan nan 1.201430 2.844962 2.304458 -22.552776 -31.095478 -2.089215 0.000000 0.657786 1075
car -1 -1 nan 18866.000000 nan nan nan 1.020576 1.458142 1.250324 26.652838 26.801710 -0.167498 0.000000 0.735604 1076
car -1 -1 nan 18851.000000 nan nan nan 1.425929 2.226972 3.152353 17.954705 -22.808357 -0.946166 0.000000 0.930004 1067
car -1 -1 nan 18863.000000 nan nan nan 1.099130 2.734710 2.513231 17.429704 17.091424 -0.378182 0.000000 0.856277 1065
car -1 -1 nan 18859.000000 nan nan nan 1.263391 4.006978 2.511080 13.127668 12.533213 -0.651386 0.000000 0.934591 1059
car -1 -1 nan 18847.000000 nan nan nan 1.424815 3.125407 2.768866 -14.814603 -14.367426 -1.484017 0.000000 0.924100 1060
car -1 -1 nan 18864.000000 nan nan nan 1.558202 2.908547 3.895394 25.594673 -29.318393 -0.698079 0.000000 0.928209 1051
car -1 -1 nan 18860.000000 nan nan nan 1.305179 3.226637 2.022246 15.691720 7.513998 -0.669577 0.000000 0.925748 1048
car -1 -1 nan 18840.000000 nan nan nan 1.528435 2.399309 3.607013 8.671169 -13.865660 -0.996521 0.000000 0.933784 1026
car -1 -1 nan 18846.000000 nan nan nan 1.368589 3.199102 3.123175 -7.602840 6.694192 -1.142716 0.000000 0.925324 954
bicycle -1 -1 nan 18822.000000 nan nan nan 0.972798 0.721167 0.805813 -17.441290 2.614347 -1.437860 0.000000 0.774808 247
