car -1 -1 nan 18746.000000 nan nan nan 0.538018 0.817492 1.055935 21.864351 15.857131 -0.771664 0.000000 0.821547 1088
car -1 -1 nan 18733.000000 nan nan nan 0.697481 2.399263 1.356089 -11.185268 -34.375460 -1.902655 0.000000 0.563556 1087
car -1 -1 nan 18710.000000 nan nan nan 0.806541 1.747175 2.121108 -45.371186 20.934999 -1.768733 0.000000 0.791022 1083
car -1 -1 nan 18737.000000 nan nan nan 1.235498 4.026054 3.043906 -14.791592 -34.278405 -1.912113 0.000000 0.495112 1075
car -1 -1 nan 18717.000000 nan nan nan 1.087505 1.346481 1.554805 23.607282 31.426820 -0.272821 0.000000 0.830251 1076
car -1 -1 nan 18727.000000 nan nan nan 1.334703 1.891185 3.155406 23.938745 -18.938281 -0.876457 0.000000 0.879769 1067
car -1 -1 nan 18726.000000 nan nan nan 1.261698 3.024764 1.569139 15.903419 20.385656 -0.562366 0.000000 0.881156 1065
car -1 -1 nan 18741.000000 nan nan nan 1.269402 3.938785 1.811316 12.566832 14.861801 -0.736748 0.000000 0.949223 1059
car -1 -1 nan 18716.000000 nan nan nan 1.453352 2.884402 2.574641 -9.984945 -16.321588 -1.341716 0.000000 0.866552 1060
car -1 -1 nan 18739.000000 nan nan nan 1.692387 2.578695 3.957922 32.491783 -23.880936 -0.540739 0.000000 0.902627 1051
car -1 -1 nan 18738.000000 nan nan nan 1.251211 3.403108 1.725203 16.173420 10.624654 -0.729528 0.000000 0.943256 1048
car -1 -1 nan 18723.000000 nan nan nan 1.556498 2.494069 3.682561 13.165451 -11.918470 -0.935501 0.000000 0.967719 1026
car -1 -1 nan 18734.000000 nan nan nan 1.352084 2.249500 4.133095 -7.033393 5.179637 -1.138421 0.000000 0.888362 954
bicycle -1 -1 nan 18725.000000 nan nan nan 0.947364 0.889644 0.651291 -15.575382 -0.784962 -1.442156 0.000000 0.726310 247
