car -1 -1 nan 17248.000000 nan nan nan 0.383541 2.133520 2.376032 -2.411904 12.201836 -0.357054 0.000000 0.849799 966
car -1 -1 nan 17244.000000 nan nan nan 1.307945 3.090649 3.505882 -12.593919 -21.706225 -0.788300 0.000000 0.951343 964
car -1 -1 nan 17245.000000 nan nan nan 0.537618 1.559117 1.027881 32.604090 35.603452 -1.638982 0.000000 0.745340 954
car -1 -1 nan 17258.000000 nan nan nan 1.581412 2.698010 4.296762 24.007316 -31.181377 -0.738895 0.000000 0.890332 922
car -1 -1 nan 17257.000000 nan nan nan 1.901525 3.405910 3.926859 -9.368721 -11.500601 -0.678498 0.000000 0.813191 923
car -1 -1 nan 17260.000000 nan nan nan 1.257581 1.420244 2.044334 -31.636115 28.975805 -1.430372 0.000000 0.656012 863
car -1 -1 nan 17252.000000 nan nan nan 1.309504 3.258087 2.599387 -22.925446 14.591016 -1.287783 0.000000 0.952605 855
car -1 -1 nan 17263.000000 nan nan nan 0.812654 1.640751 1.186480 -33.124905 18.877999 -1.150752 0.000000 0.845188 851
car -1 -1 nan 17265.000000 nan nan nan 0.297931 0.371489 0.658737 -37.555775 32.922482 -1.306138 0.000000 0.616843 848
person -1 -1 nan 17251.000000 nan nan nan 1.320333 0.536450 0.461446 11.232901 -16.560580 -0.925680 0.000000 0.911318 178
bicycle -1 -1 nan 17198.000000 nan nan nan 0.672425 0.707658 0.959132 -8.192804 -25.474419 -0.636572 0.000000 0.864026 228
