car -1 -1 nan 17080.000000 nan nan nan 0.302147 1.257630 0.727120 -3.286129 11.845575 -0.407918 0.000000 0.849417 966
car -1 -1 nan 17097.000000 nan nan nan 1.240808 1.059396 1.451644 -31.368794 9.573663 -1.461166 0.000000 0.804789 967
car -1 -1 nan 17095.000000 nan nan nan 1.146993 3.400710 1.999252 -3.544132 -23.627232 -0.709998 0.000000 0.863759 964
car -1 -1 nan 17077.000000 nan nan nan 0.517007 0.890093 1.525275 24.279326 43.085888 -1.472926 0.000000 0.766530 954
car -1 -1 nan 17089.000000 nan nan nan 1.355972 2.233302 2.766999 33.187711 -23.297444 -0.396438 0.000000 0.907853 922
car -1 -1 nan 17076.000000 nan nan nan 1.867036 3.872966 3.447939 -3.755449 -13.107250 -0.715903 0.000000 0.926248 923
car -1 -1 nan 17101.000000 nan nan nan 0.948839 1.565347 1.146924 -36.012798 20.143679 -1.805257 0.000000 0.768788 863
car -1 -1 nan 17083.000000 nan nan nan 1.352578 2.675660 2.949466 -23.686175 8.416372 -1.468543 0.000000 0.940696 855
car -1 -1 nan 17090.000000 nan nan nan 0.952570 1.713747 0.746734 -34.407958 10.178974 -1.436139 0.000000 0.869895 851
car -1 -1 nan 17078.000000 nan nan nan 1.229425 1.826124 2.089929 -43.088128 23.076934 -1.472907 0.000000 0.816984 848
person -1 -1 nan 17058.000000 nan nan nan 0.981895 0.628007 0.706344 34.303873 -12.005741 -0.479008 0.000000 0.888333 189
person -1 -1 nan 17084.000000 nan nan nan 1.328468 0.434087 0.429895 17.486164 -12.554682 -0.795203 0.000000 0.823840 178
