car -1 -1 nan 17114.000000 nan nan nan 0.801585 2.097933 1.291754 -28.977490 23.928273 -0.812192 0.000000 0.863712 972
car -1 -1 nan 17134.000000 nan nan nan 0.271098 1.520325 1.038291 -3.162918 12.036321 -0.291016 0.000000 0.835130 966
car -1 -1 nan 17149.000000 nan nan nan 1.231212 3.267684 2.991483 -6.741881 -23.246999 -0.926397 0.000000 0.903803 964
car -1 -1 nan 17147.000000 nan nan nan 0.477457 1.824112 1.239792 27.410023 41.195017 -1.103758 0.000000 0.865292 954
car -1 -1 nan 17130.000000 nan nan nan 1.565304 1.858099 4.174791 30.772454 -25.975997 -0.557956 0.000000 0.881975 922
car -1 -1 nan 17141.000000 nan nan nan 1.871408 3.865391 3.691656 -5.644260 -12.875982 -0.759038 0.000000 0.932637 923
car -1 -1 nan 17148.000000 nan nan nan 0.991785 1.265636 2.037694 -34.723902 23.031059 -1.679338 0.000000 0.627750 863
car -1 -1 nan 17136.000000 nan nan nan 1.333262 3.065070 3.075210 -23.685745 10.484119 -1.447546 0.000000 0.947352 855
car -1 -1 nan 17144.000000 nan nan nan 0.797081 1.400897 0.894868 -34.206692 12.948963 -1.337575 0.000000 0.824498 851
car -1 -1 nan 17152.000000 nan nan nan 1.480504 1.825431 1.763154 -41.684443 26.606208 -1.532083 0.000000 0.756656 848
person -1 -1 nan 17058.000000 nan nan nan 0.981895 0.628007 0.706344 33.190033 -14.885875 -0.683621 0.000000 0.888333 189
person -1 -1 nan 17137.000000 nan nan nan 1.391541 0.349297 0.427618 15.605508 -14.070666 -0.812562 0.000000 0.847552 178
motorcycle -1 -1 nan 17119.000000 nan nan nan 0.364448 0.678368 0.665108 33.288912 28.493413 -0.931433 0.000000 0.637419 227
