car -1 -1 nan 20275.000000 nan nan nan 0.688836 1.898653 1.321180 -37.744097 -3.703649 -0.445962 0.000000 0.651566 1164
car -1 -1 nan 20284.000000 nan nan nan 1.093369 0.675095 2.221473 35.074459 0.760678 -0.669533 0.000000 0.783380 1163
car -1 -1 nan 20279.000000 nan nan nan 1.493471 1.591933 3.465397 27.529507 1.470946 -0.582992 0.000000 0.921472 1160
car -1 -1 nan 20273.000000 nan nan nan 1.294390 0.670086 1.580606 21.222447 -2.182063 -0.559788 0.000000 0.834323 1159
car -1 -1 nan 20285.000000 nan nan nan 1.272264 1.008028 3.411562 21.301880 1.593963 -0.702737 0.000000 0.964851 1153
car -1 -1 nan 20250.000000 nan nan nan 1.113279 0.478515 0.963965 -15.672231 -8.853893 -0.709701 0.000000 0.839348 1146
car -1 -1 nan 20278.000000 nan nan nan 1.830257 1.987902 4.309325 13.678213 2.277013 -0.564393 0.000000 0.943299 1140
car -1 -1 nan 20282.000000 nan nan nan 1.404231 1.826847 3.644509 7.885232 2.673511 -0.890726 0.000000 0.933177 1133
car -1 -1 nan 20281.000000 nan nan nan 1.685562 1.838666 4.502227 14.206940 -2.473422 -0.549197 0.000000 0.944677 1125
other-vehicle -1 -1 nan 20270.000000 nan nan nan 1.663384 1.519174 2.374166 2.830545 2.945938 -0.781909 0.000000 0.885010 1119
car -1 -1 nan 20276.000000 nan nan nan 1.523129 1.859462 4.460469 -9.284053 3.405262 -1.131989 0.000000 0.960829 1076
car -1 -1 nan 20274.000000 nan nan nan 1.347972 1.593556 3.359071 -23.691932 4.303225 -1.374861 0.000000 0.933690 1065
car -1 -1 nan 20283.000000 nan nan nan 1.099509 0.492693 3.781406 -29.674094 4.105793 -1.491703 0.000000 0.918225 1059
car -1 -1 nan 20280.000000 nan nan nan 1.147227 1.662722 4.139440 -31.793824 -0.337731 -1.478315 0.000000 0.936548 1048
