car -1 -1 nan 21266.000000 nan nan nan 0.213150 2.069691 0.615339 48.530596 -5.163097 0.025991 0.000000 0.818421 1201
car -1 -1 nan 21241.000000 nan nan nan 0.561580 0.625401 0.954790 34.235977 -3.990726 -0.550044 0.000000 0.828609 1197
car -1 -1 nan 21286.000000 nan nan nan 1.563379 1.536486 0.894697 39.721514 2.814492 0.035133 0.000000 0.716100 1186
car -1 -1 nan 21238.000000 nan nan nan 0.777992 2.573540 1.403768 38.940097 6.545634 0.003858 0.000000 0.727602 1180
car -1 -1 nan 21297.000000 nan nan nan 1.320887 1.607784 1.700482 34.279915 -2.071130 -0.319075 0.000000 0.776694 1181
car -1 -1 nan 21288.000000 nan nan nan 1.074312 4.310616 1.715119 23.825137 -6.175272 -0.346771 0.000000 0.952548 1179
car -1 -1 nan 21292.000000 nan nan nan 1.166811 3.628584 1.084277 25.937784 6.624605 -0.276893 0.000000 0.953375 1177
car -1 -1 nan 21279.000000 nan nan nan 1.425477 1.823129 3.193497 7.392234 -2.361529 -0.850063 0.000000 0.967141 1166
car -1 -1 nan 21265.000000 nan nan nan 1.397056 1.718922 3.435548 5.373027 2.483147 -0.891883 0.000000 0.941723 1163
car -1 -1 nan 21276.000000 nan nan nan 1.301121 2.039516 4.085437 -1.962333 2.614150 -0.691800 0.000000 0.938382 1160
car -1 -1 nan 21274.000000 nan nan nan 1.536001 1.811753 3.953013 -7.447174 -2.264960 -1.120590 0.000000 0.899717 1159
car -1 -1 nan 21282.000000 nan nan nan 1.537665 1.818148 3.890202 -8.313618 2.416275 -1.100731 0.000000 0.960327 1153
car -1 -1 nan 21269.000000 nan nan nan 1.784620 2.115280 5.314830 -16.317805 2.319969 -1.110803 0.000000 0.958940 1140
car -1 -1 nan 21281.000000 nan nan nan 1.236956 0.283791 3.968785 -22.681931 1.568512 -1.541956 0.000000 0.884701 1133
car -1 -1 nan 21291.000000 nan nan nan 1.718240 1.676195 4.165744 -15.125971 -2.460389 -1.151898 0.000000 0.948402 1125
other-vehicle -1 -1 nan 21273.000000 nan nan nan 1.555662 0.966110 2.421083 -27.367859 1.910387 -1.467129 0.000000 0.936409 1119
car -1 -1 nan 21267.000000 nan nan nan 0.702380 1.047548 2.080033 -38.766732 1.575348 -2.028638 0.000000 0.829819 1076
person -1 -1 nan 21284.000000 nan nan nan 0.653045 0.562023 0.318617 23.287713 4.996234 -0.563936 0.000000 0.896813 243
person -1 -1 nan 21272.000000 nan nan nan 0.655086 0.489271 0.354638 41.472221 6.120986 0.302603 0.000000 0.877472 242
bicyclist -1 -1 nan 21277.000000 nan nan nan 0.684340 0.560734 0.394302 42.956851 -3.889296 -0.437694 0.000000 0.783088 300
bicycle -1 -1 nan 21211.000000 nan nan nan 0.672351 0.524709 1.006439 -8.939671 8.785039 -0.612661 0.000000 0.831647 299
