car -1 -1 nan 19224.000000 nan nan nan 0.171136 0.997301 0.206268 42.522219 10.178987 -0.149359 0.000000 0.790428 1108
car -1 -1 nan 19218.000000 nan nan nan 1.232875 1.421043 2.173400 30.609594 7.246451 -0.776327 0.000000 0.851692 1076
car -1 -1 nan 19226.000000 nan nan nan 0.551810 1.671834 0.911757 -43.104147 -9.342783 -1.828169 0.000000 0.762199 1075
car -1 -1 nan 19212.000000 nan nan nan 1.414661 3.018505 2.137495 -7.097290 -27.517770 -1.507137 0.000000 0.899611 1067
car -1 -1 nan 19216.000000 nan nan nan 1.380093 1.591485 3.374103 17.087949 4.673306 -0.915612 0.000000 0.946785 1065
car -1 -1 nan 19223.000000 nan nan nan 1.350973 1.959574 4.202736 10.741970 3.493918 -0.904701 0.000000 0.939343 1059
car -1 -1 nan 19211.000000 nan nan nan 1.329185 2.379525 3.613352 -27.963811 -1.284745 -1.172288 0.000000 0.898356 1060
car -1 -1 nan 19221.000000 nan nan nan 1.688746 3.909712 2.530759 -4.942453 -36.992366 -1.522612 0.000000 0.928945 1051
car -1 -1 nan 19203.000000 nan nan nan 1.347299 2.152613 3.023221 9.657641 -1.784610 -0.997589 0.000000 0.936463 1048
car -1 -1 nan 19209.000000 nan nan nan 1.549355 3.492740 2.438963 -9.367168 -14.727461 -1.258508 0.000000 0.961346 1026
car -1 -1 nan 19214.000000 nan nan nan 1.346849 4.476155 1.964244 -9.702241 12.356368 -0.969087 0.000000 0.960733 954
bicycle -1 -1 nan 19208.000000 nan nan nan 0.994026 0.968376 1.348914 -20.421665 14.086055 -1.101913 0.000000 0.866791 247
