car -1 -1 nan 20799.000000 nan nan nan 0.725737 1.164199 1.749368 48.089139 5.555804 0.325406 0.000000 0.642687 1180
car -1 -1 nan 20847.000000 nan nan nan 1.012553 1.447070 0.641184 45.485679 -2.567030 -0.150728 0.000000 0.785596 1181
car -1 -1 nan 20852.000000 nan nan nan 0.513634 0.436265 1.671020 46.493952 -4.424870 -0.410312 0.000000 0.745752 1182
car -1 -1 nan 20821.000000 nan nan nan 0.107714 0.217894 2.103819 -25.801189 5.413596 -1.636680 0.000000 0.497250 1183
car -1 -1 nan 20851.000000 nan nan nan 0.991047 3.394290 0.568356 35.020331 -6.318024 -0.335745 0.000000 0.888644 1179
car -1 -1 nan 20848.000000 nan nan nan 0.556726 1.981396 0.922536 37.650985 5.369311 -0.002050 0.000000 0.752011 1177
car -1 -1 nan 20827.000000 nan nan nan 1.310074 1.690486 2.913888 18.901990 -2.523789 -0.720549 0.000000 0.954372 1166
car -1 -1 nan 20842.000000 nan nan nan 1.351986 1.498510 3.088175 17.044757 2.157464 -0.717353 0.000000 0.937021 1163
car -1 -1 nan 20833.000000 nan nan nan 1.661996 1.839230 3.893413 9.283691 2.346462 -0.705039 0.000000 0.939821 1160
car -1 -1 nan 20838.000000 nan nan nan 1.522875 1.731597 3.886161 3.651460 -2.303813 -0.893933 0.000000 0.940734 1159
car -1 -1 nan 20844.000000 nan nan nan 1.406420 1.681661 3.813658 3.021215 2.295073 -0.896419 0.000000 0.959835 1153
car -1 -1 nan 20824.000000 nan nan nan 1.773499 2.047193 4.703524 -4.314444 2.335994 -0.787838 0.000000 0.969995 1140
car -1 -1 nan 20840.000000 nan nan nan 1.377988 1.273655 3.453314 -10.389020 2.160628 -1.227258 0.000000 0.945432 1133
car -1 -1 nan 20841.000000 nan nan nan 1.476818 2.115932 4.542592 -3.541877 -2.710506 -0.900988 0.000000 0.916197 1125
other-vehicle -1 -1 nan 20832.000000 nan nan nan 1.624622 1.229568 2.229399 -15.552837 2.252765 -1.226455 0.000000 0.840677 1119
car -1 -1 nan 20828.000000 nan nan nan 1.400346 1.504792 4.938285 -28.150888 2.072593 -1.674864 0.000000 0.949275 1076
car -1 -1 nan 20834.000000 nan nan nan 1.170703 0.912296 2.180794 -41.710603 1.849969 -2.142183 0.000000 0.699436 1065
car -1 -1 nan 20854.000000 nan nan nan 0.464131 1.364719 0.889359 -49.138827 -2.906806 -2.370590 0.000000 0.780009 1048
