car -1 -1 nan 20162.000000 nan nan nan 1.345601 1.487116 2.925693 33.845371 2.354747 -0.515622 0.000000 0.840556 1160
car -1 -1 nan 20154.000000 nan nan nan 1.012450 0.406631 0.526364 26.948236 -1.345245 -0.472407 0.000000 0.838059 1159
car -1 -1 nan 20158.000000 nan nan nan 1.185131 0.714293 3.047262 27.597473 2.224046 -0.817358 0.000000 0.896069 1153
car -1 -1 nan 20149.000000 nan nan nan 1.892300 1.678303 2.123470 -9.236712 -9.667355 -0.334897 0.000000 0.823388 1146
car -1 -1 nan 20148.000000 nan nan nan 1.705576 1.822797 4.176891 19.945961 2.771535 -0.615393 0.000000 0.945904 1140
car -1 -1 nan 20155.000000 nan nan nan 1.328894 1.331973 3.397111 14.034253 2.940058 -0.900217 0.000000 0.929108 1133
car -1 -1 nan 20156.000000 nan nan nan 1.633899 1.866595 4.315951 20.521923 -1.978121 -0.563437 0.000000 0.930196 1125
other-vehicle -1 -1 nan 20151.000000 nan nan nan 1.686425 1.516152 2.483500 9.109993 3.197643 -0.786099 0.000000 0.852593 1119
car -1 -1 nan 20145.000000 nan nan nan 1.536694 2.010143 4.394556 -3.027792 3.431790 -0.946663 0.000000 0.956742 1076
car -1 -1 nan 20150.000000 nan nan nan 1.388644 1.703332 3.564234 -17.462631 3.842477 -1.163374 0.000000 0.936821 1065
car -1 -1 nan 20157.000000 nan nan nan 1.174728 1.127521 3.913266 -23.404164 3.725727 -1.256687 0.000000 0.931346 1059
car -1 -1 nan 20153.000000 nan nan nan 1.276390 1.691811 3.740283 -25.233993 -1.102914 -1.197605 0.000000 0.912784 1048
bicycle -1 -1 nan 20147.000000 nan nan nan 0.441515 0.466382 0.762630 -31.471963 -3.760021 -1.261350 0.000000 0.744527 278
bicyclist -1 -1 nan 20091.000000 nan nan nan 1.157205 0.489966 0.633496 32.949099 1.810512 -1.154371 0.000000 0.860901 288
