car -1 -1 nan 19245.000000 nan nan nan 0.402867 1.050909 0.207387 42.169702 8.655722 -0.319283 0.000000 0.765824 1108
car -1 -1 nan 19241.000000 nan nan nan 1.322332 1.388170 3.004033 30.262166 6.193182 -0.853642 0.000000 0.945159 1076
car -1 -1 nan 19235.000000 nan nan nan 0.469650 1.671659 0.678559 -44.043601 -7.841500 -1.815251 0.000000 0.646666 1075
car -1 -1 nan 19242.000000 nan nan nan 1.518929 2.977004 2.098517 -8.773348 -27.200433 -1.502204 0.000000 0.907834 1067
car -1 -1 nan 19248.000000 nan nan nan 1.409961 1.532989 3.375714 16.502006 4.113689 -0.949393 0.000000 0.939131 1065
car -1 -1 nan 19244.000000 nan nan nan 1.362671 1.868467 4.260518 10.199401 3.147958 -0.928556 0.000000 0.940401 1059
car -1 -1 nan 19239.000000 nan nan nan 1.254667 3.629458 3.691241 -28.564910 -0.159011 -1.081728 0.000000 0.885080 1060
car -1 -1 nan 19249.000000 nan nan nan 1.531749 3.700061 2.344666 -6.965574 -36.761131 -1.538453 0.000000 0.902708 1051
car -1 -1 nan 19250.000000 nan nan nan 1.339041 2.024884 3.051134 8.898458 -2.102939 -1.024323 0.000000 0.934979 1048
car -1 -1 nan 19238.000000 nan nan nan 1.593112 3.522638 2.376397 -10.623439 -14.435091 -1.274511 0.000000 0.968517 1026
car -1 -1 nan 19232.000000 nan nan nan 1.328153 4.319711 1.884937 -9.971425 12.662001 -0.935951 0.000000 0.910787 954
bicycle -1 -1 nan 19243.000000 nan nan nan 0.876376 0.888807 1.503930 -20.619291 14.822993 -1.027366 0.000000 0.849055 247
