car -1 -1 nan 20080.000000 nan nan nan 0.755565 1.799293 2.286822 25.041010 -4.118152 -0.759804 0.000000 0.822159 1129
car -1 -1 nan 20095.000000 nan nan nan 1.181270 0.579159 2.957166 30.873365 2.834737 -0.875776 0.000000 0.886094 1153
car -1 -1 nan 20086.000000 nan nan nan 1.740030 2.377145 2.319436 -5.597715 -10.399101 -0.357902 0.000000 0.872228 1146
car -1 -1 nan 20090.000000 nan nan nan 1.733372 1.770860 3.937126 23.154785 3.247397 -0.556672 0.000000 0.951460 1140
car -1 -1 nan 20093.000000 nan nan nan 1.303884 1.201743 3.230109 17.128886 3.223397 -0.863239 0.000000 0.930210 1133
car -1 -1 nan 20094.000000 nan nan nan 1.674724 1.814157 3.191921 23.357338 -1.487535 -0.530628 0.000000 0.841407 1125
other-vehicle -1 -1 nan 20083.000000 nan nan nan 1.672377 1.531729 2.396972 12.248998 3.433008 -0.765606 0.000000 0.903279 1119
car -1 -1 nan 20099.000000 nan nan nan 1.533451 2.764165 4.206153 -0.034765 3.527763 -0.710016 0.000000 0.944194 1076
car -1 -1 nan 20089.000000 nan nan nan 1.427920 1.710493 3.710116 -14.340402 3.514274 -1.087913 0.000000 0.944053 1065
car -1 -1 nan 20092.000000 nan nan nan 1.245121 1.204720 4.010670 -20.287758 3.300504 -1.195344 0.000000 0.932232 1059
car -1 -1 nan 20084.000000 nan nan nan 1.246784 1.551043 3.547071 -21.993988 -1.556666 -1.162433 0.000000 0.888562 1048
bicyclist -1 -1 nan 20091.000000 nan nan nan 1.157205 0.489966 0.633496 35.914098 2.744572 -0.710075 0.000000 0.860901 288
bicycle -1 -1 nan 20046.000000 nan nan nan 0.854772 0.281945 0.763370 -28.398626 -4.188065 -1.428882 0.000000 0.574524 278
