other-vehicle -1 -1 nan 20434.000000 nan nan nan 1.796512 2.197074 1.317401 -48.143683 -4.095325 -1.502567 0.000000 0.894749 1168
car -1 -1 nan 20471.000000 nan nan nan 0.181035 0.973201 0.364437 -46.677475 7.693943 -1.666771 0.000000 0.697768 1167
car -1 -1 nan 20459.000000 nan nan nan 1.125418 1.251391 2.763654 29.627072 -3.647826 -0.594830 0.000000 0.870051 1166
car -1 -1 nan 20469.000000 nan nan nan 1.235692 0.744350 3.001129 27.821547 0.736656 -0.642374 0.000000 0.907223 1163
car -1 -1 nan 20463.000000 nan nan nan 1.591839 1.831248 3.902966 20.212419 1.571668 -0.556965 0.000000 0.921146 1160
car -1 -1 nan 20456.000000 nan nan nan 1.445695 1.622728 3.516203 14.064412 -2.589558 -0.680920 0.000000 0.931625 1159
car -1 -1 nan 20470.000000 nan nan nan 1.277497 1.589112 3.704458 13.835939 1.848320 -0.734188 0.000000 0.967099 1153
car -1 -1 nan 20462.000000 nan nan nan 1.871527 2.090405 4.428471 6.143245 2.302051 -0.642129 0.000000 0.920362 1140
car -1 -1 nan 20468.000000 nan nan nan 1.127222 1.484135 3.557991 0.381552 2.755955 -0.733317 0.000000 0.964855 1133
car -1 -1 nan 20467.000000 nan nan nan 1.755702 1.951303 4.602365 6.693599 -2.486331 -0.681272 0.000000 0.902705 1125
other-vehicle -1 -1 nan 20465.000000 nan nan nan 1.707564 1.387128 2.636555 -4.478454 2.774673 -0.914851 0.000000 0.843008 1119
car -1 -1 nan 20453.000000 nan nan nan 1.574100 1.927548 4.397098 -16.851453 3.362795 -1.314662 0.000000 0.960350 1076
car -1 -1 nan 20464.000000 nan nan nan 1.277943 1.297021 3.100866 -31.153799 4.062089 -1.593034 0.000000 0.861739 1065
car -1 -1 nan 20479.000000 nan nan nan 1.121709 0.325060 1.958786 -36.669269 3.977017 -1.743143 0.000000 0.802612 1059
car -1 -1 nan 20474.000000 nan nan nan 0.767696 1.748491 2.306865 -38.833891 -0.578645 -2.088769 0.000000 0.906210 1048
