car -1 -1 nan 20765.000000 nan nan nan 0.816007 2.542895 0.247764 36.642138 -6.333660 -0.583905 0.000000 0.852400 1179
car -1 -1 nan 20781.000000 nan nan nan 0.615516 1.762037 0.883376 39.315920 4.848003 -0.301083 0.000000 0.728498 1177
car -1 -1 nan 20761.000000 nan nan nan 1.399012 1.667910 2.788486 20.484887 -2.718232 -0.867091 0.000000 0.942813 1166
car -1 -1 nan 20775.000000 nan nan nan 1.294678 1.104007 3.359744 18.700313 1.892849 -0.852908 0.000000 0.946424 1163
car -1 -1 nan 20767.000000 nan nan nan 1.615372 1.777856 3.851564 10.890782 2.235860 -0.758706 0.000000 0.956865 1160
car -1 -1 nan 20769.000000 nan nan nan 1.526520 1.752978 3.771246 5.233826 -2.323265 -0.914618 0.000000 0.946305 1159
car -1 -1 nan 20778.000000 nan nan nan 1.458052 1.631926 3.727107 4.599983 2.293295 -0.915311 0.000000 0.964532 1153
car -1 -1 nan 20758.000000 nan nan nan 1.602910 1.801216 4.575651 -2.728843 2.427803 -0.604662 0.000000 0.950995 1140
car -1 -1 nan 20773.000000 nan nan nan 1.403753 1.465591 3.496980 -8.701766 2.354351 -1.124048 0.000000 0.946610 1133
car -1 -1 nan 20774.000000 nan nan nan 1.145668 2.487463 4.376016 -1.862993 -2.905947 -0.700895 0.000000 0.947324 1125
other-vehicle -1 -1 nan 20766.000000 nan nan nan 1.591804 1.221653 2.331645 -13.889824 2.400346 -1.039373 0.000000 0.930841 1119
car -1 -1 nan 20762.000000 nan nan nan 1.502216 1.698174 4.512852 -26.238469 2.402913 -1.368744 0.000000 0.937538 1076
car -1 -1 nan 20779.000000 nan nan nan 0.804516 0.873638 3.011498 -40.393863 2.209216 -1.633415 0.000000 0.746686 1065
car -1 -1 nan 20756.000000 nan nan nan 1.013952 1.405104 0.733734 -47.911102 -2.304096 -1.457220 0.000000 0.880411 1048
