car -1 -1 nan 19143.000000 nan nan nan 0.187324 1.076081 0.301486 42.953846 13.751939 0.048049 0.000000 0.721281 1108
car -1 -1 nan 19151.000000 nan nan nan 1.252978 1.520780 1.950785 31.128024 9.789227 -0.702125 0.000000 0.854006 1076
car -1 -1 nan 19161.000000 nan nan nan 0.835487 1.556336 1.374941 -41.077360 -12.719927 -1.788590 0.000000 0.879328 1075
car -1 -1 nan 19150.000000 nan nan nan 1.522565 3.820709 2.334118 -3.469593 -28.006891 -1.400648 0.000000 0.921240 1067
car -1 -1 nan 19160.000000 nan nan nan 1.402572 1.609685 3.168710 17.702427 6.065348 -0.780018 0.000000 0.949872 1065
car -1 -1 nan 19155.000000 nan nan nan 1.318899 1.996381 3.871593 11.606973 4.392271 -0.877194 0.000000 0.917328 1059
car -1 -1 nan 19146.000000 nan nan nan 1.410861 2.384639 3.285731 -26.840053 -3.010224 -1.211778 0.000000 0.734269 1060
car -1 -1 nan 19165.000000 nan nan nan 1.717783 3.675444 2.776587 -0.517666 -37.123149 -1.301207 0.000000 0.941550 1051
car -1 -1 nan 19164.000000 nan nan nan 1.337173 2.283029 3.017176 11.084154 -0.868268 -0.952001 0.000000 0.962211 1048
car -1 -1 nan 19148.000000 nan nan nan 1.599918 3.491723 2.470161 -6.691691 -15.263077 -1.196853 0.000000 0.945004 1026
car -1 -1 nan 19154.000000 nan nan nan 1.348891 4.322204 2.274983 -9.269245 11.626316 -1.062663 0.000000 0.903909 954
bicycle -1 -1 nan 19149.000000 nan nan nan 0.915845 1.026043 1.262902 -20.124708 12.533510 -1.273422 0.000000 0.880580 247
