car -1 -1 nan 21423.000000 nan nan nan 0.338392 1.664816 0.282094 41.878555 -9.007002 -1.020750 0.000000 0.476420 1209
car -1 -1 nan 21434.000000 nan nan nan 0.344183 0.402620 0.445374 37.901176 -4.357360 -0.846494 0.000000 0.754000 1205
car -1 -1 nan 21455.000000 nan nan nan 1.523729 1.581545 2.701811 35.336917 2.320136 -0.446552 0.000000 0.836803 1186
car -1 -1 nan 21460.000000 nan nan nan 1.309815 1.735677 3.131772 30.039808 -2.461434 -0.715151 0.000000 0.942284 1181
car -1 -1 nan 21459.000000 nan nan nan 1.240814 4.455669 1.866151 18.860511 -6.529111 -0.809338 0.000000 0.957939 1179
car -1 -1 nan 21452.000000 nan nan nan 1.301268 4.352871 1.695376 21.254432 6.652066 -0.624382 0.000000 0.935442 1177
car -1 -1 nan 21474.000000 nan nan nan 1.433101 1.672253 3.200784 2.408767 -2.379780 -0.979772 0.000000 0.941883 1166
car -1 -1 nan 21466.000000 nan nan nan 1.087963 1.189670 3.488254 0.575571 2.503232 -0.836924 0.000000 0.927999 1163
car -1 -1 nan 21449.000000 nan nan nan 1.665188 1.705071 4.046523 -6.804730 2.383221 -0.929316 0.000000 0.922434 1160
car -1 -1 nan 21462.000000 nan nan nan 1.502388 1.845896 4.092974 -12.426792 -2.266080 -1.075981 0.000000 0.919064 1159
car -1 -1 nan 21465.000000 nan nan nan 1.327496 1.482615 3.855520 -13.413893 2.314084 -1.106948 0.000000 0.945444 1153
car -1 -1 nan 21464.000000 nan nan nan 1.731793 2.081231 4.848621 -21.202853 2.479721 -0.978526 0.000000 0.952336 1140
car -1 -1 nan 21458.000000 nan nan nan 1.623568 1.609489 4.615711 -19.903760 -2.303186 -1.044355 0.000000 0.912953 1125
other-vehicle -1 -1 nan 21463.000000 nan nan nan 1.550715 0.650923 2.820293 -32.577907 2.056327 -1.226952 0.000000 0.821678 1119
car -1 -1 nan 21451.000000 nan nan nan 0.459071 0.783074 1.218983 -43.034705 2.003079 -1.958556 0.000000 0.669825 1076
bicyclist -1 -1 nan 21435.000000 nan nan nan 1.053152 0.266713 0.622356 41.181021 -1.486095 -0.707875 0.000000 0.707753 300
bicycle -1 -1 nan 21457.000000 nan nan nan 1.039558 1.300873 1.190815 -14.207670 8.602731 -1.219685 0.000000 0.845570 299
