car -1 -1 nan 21333.000000 nan nan nan 0.511229 0.296543 1.151231 32.830257 -4.037732 -0.710073 0.000000 0.681586 1197
car -1 -1 nan 21342.000000 nan nan nan 0.772088 0.368123 0.304828 43.810315 -1.423720 -0.228724 0.000000 0.655903 1201
car -1 -1 nan 21347.000000 nan nan nan 1.482533 1.591536 1.044033 38.068402 2.618907 -0.095936 0.000000 0.758628 1186
car -1 -1 nan 21322.000000 nan nan nan 0.253356 0.516982 0.462256 37.591642 5.005692 -0.459017 0.000000 0.472763 1180
car -1 -1 nan 21346.000000 nan nan nan 1.269126 1.668095 2.746089 33.104403 -2.230068 -0.445802 0.000000 0.860180 1181
car -1 -1 nan 21326.000000 nan nan nan 1.170561 4.832484 2.314541 22.046926 -6.563407 -0.521929 0.000000 0.967356 1179
car -1 -1 nan 21330.000000 nan nan nan 1.136767 4.148277 1.705987 24.500055 6.689929 -0.358624 0.000000 0.951881 1177
car -1 -1 nan 21332.000000 nan nan nan 1.403208 1.664358 3.221921 5.707235 -2.396361 -0.891712 0.000000 0.953261 1166
car -1 -1 nan 21336.000000 nan nan nan 1.375010 1.633450 3.471815 3.755814 2.401010 -0.918533 0.000000 0.937545 1163
car -1 -1 nan 21323.000000 nan nan nan 1.561033 2.019741 4.106028 -3.576374 2.486917 -0.863902 0.000000 0.919256 1160
car -1 -1 nan 21335.000000 nan nan nan 1.521635 1.945328 3.945700 -9.098909 -2.289892 -1.105167 0.000000 0.941182 1159
car -1 -1 nan 21340.000000 nan nan nan 1.367020 1.773709 3.899181 -9.965138 2.400666 -1.154421 0.000000 0.953829 1153
car -1 -1 nan 21329.000000 nan nan nan 1.810217 2.114913 4.968597 -17.952475 2.380635 -1.107643 0.000000 0.958039 1140
car -1 -1 nan 21350.000000 nan nan nan 1.251468 0.356216 3.710645 -24.245990 1.659780 -1.520013 0.000000 0.820764 1133
car -1 -1 nan 21344.000000 nan nan nan 1.709154 1.648314 4.046356 -16.821104 -2.389514 -1.155197 0.000000 0.938370 1125
other-vehicle -1 -1 nan 21331.000000 nan nan nan 1.306505 0.842390 2.094819 -28.928277 1.969602 -1.394096 0.000000 0.822869 1119
car -1 -1 nan 21325.000000 nan nan nan 1.249383 0.944680 2.580198 -40.214077 1.798691 -1.889087 0.000000 0.772450 1076
person -1 -1 nan 21317.000000 nan nan nan 0.938009 0.541118 0.376164 21.612721 4.887918 -0.613527 0.000000 0.901600 243
person -1 -1 nan 21345.000000 nan nan nan 0.355443 0.492400 0.405272 39.846412 5.853515 0.160416 0.000000 0.758683 242
bicyclist -1 -1 nan 21277.000000 nan nan nan 0.684340 0.560734 0.394302 41.388145 -4.146009 -0.676732 0.000000 0.783088 300
