other-vehicle -1 -1 nan 20495.000000 nan nan nan 0.567238 0.828282 1.594066 -33.412336 -2.728906 -1.805371 0.000000 0.742505 1172
car -1 -1 nan 20471.000000 nan nan nan 0.181035 0.973201 0.364437 -47.646927 7.418506 -1.651351 0.000000 0.697768 1167
car -1 -1 nan 20488.000000 nan nan nan 1.234586 1.432359 2.609792 28.756730 -3.582753 -0.637058 0.000000 0.903195 1166
car -1 -1 nan 20496.000000 nan nan nan 1.185179 0.749976 3.000488 27.027900 0.847155 -0.619693 0.000000 0.879586 1163
car -1 -1 nan 20485.000000 nan nan nan 1.561009 1.826634 3.810581 19.373491 1.651791 -0.583734 0.000000 0.944833 1160
car -1 -1 nan 20491.000000 nan nan nan 1.485859 1.607412 3.366421 13.269083 -2.579032 -0.714980 0.000000 0.950500 1159
car -1 -1 nan 20497.000000 nan nan nan 1.325978 1.592702 3.759089 12.970016 1.913304 -0.763244 0.000000 0.960830 1153
car -1 -1 nan 20494.000000 nan nan nan 1.877386 2.446865 4.398942 5.302454 2.204609 -0.656974 0.000000 0.939696 1140
car -1 -1 nan 20481.000000 nan nan nan 1.039323 1.488166 3.567124 -0.390939 2.749240 -0.738150 0.000000 0.945383 1133
car -1 -1 nan 20490.000000 nan nan nan 1.779440 1.894419 4.618786 5.855692 -2.462399 -0.715315 0.000000 0.938906 1125
other-vehicle -1 -1 nan 20493.000000 nan nan nan 1.699123 1.280794 3.155126 -5.271396 2.768900 -0.953553 0.000000 0.865501 1119
car -1 -1 nan 20486.000000 nan nan nan 1.608580 1.890583 4.155545 -17.631419 3.297538 -1.321467 0.000000 0.925687 1076
car -1 -1 nan 20489.000000 nan nan nan 1.176676 1.442710 3.098343 -32.016895 3.948281 -1.608067 0.000000 0.883587 1065
car -1 -1 nan 20505.000000 nan nan nan 1.148522 0.211030 2.554463 -37.474401 3.729017 -1.802645 0.000000 0.840124 1059
car -1 -1 nan 20498.000000 nan nan nan 0.634336 1.468951 1.313269 -39.271299 -0.670026 -2.135983 0.000000 0.902038 1048
