car -1 -1 nan 21234.000000 nan nan nan 0.218168 1.754395 0.444166 49.280705 -5.037476 0.020976 0.000000 0.764155 1201
car -1 -1 nan 21241.000000 nan nan nan 0.561580 0.625401 0.954790 35.265158 -3.902667 -0.566213 0.000000 0.828609 1197
car -1 -1 nan 21249.000000 nan nan nan 1.587481 1.535911 0.945555 40.534537 2.929752 0.012294 0.000000 0.800652 1186
car -1 -1 nan 21238.000000 nan nan nan 0.777992 2.573540 1.403768 39.824334 6.633880 0.050085 0.000000 0.727602 1180
car -1 -1 nan 21258.000000 nan nan nan 1.293818 1.632572 1.751921 35.069607 -1.996068 -0.298755 0.000000 0.774156 1181
car -1 -1 nan 21259.000000 nan nan nan 1.082729 4.385375 1.769130 24.717738 -6.034916 -0.341964 0.000000 0.952401 1179
car -1 -1 nan 21251.000000 nan nan nan 1.169734 3.548080 1.025276 26.759604 6.647887 -0.269826 0.000000 0.927989 1177
car -1 -1 nan 21247.000000 nan nan nan 1.430442 1.689121 3.174138 8.236643 -2.288553 -0.840673 0.000000 0.958616 1166
car -1 -1 nan 21237.000000 nan nan nan 1.390907 1.778555 3.401225 6.184924 2.507172 -0.879971 0.000000 0.956743 1163
car -1 -1 nan 21243.000000 nan nan nan 1.230328 1.636936 3.991254 -1.154331 2.616055 -0.639150 0.000000 0.934112 1160
car -1 -1 nan 21242.000000 nan nan nan 1.532715 1.802708 4.079486 -6.609495 -2.273135 -1.106867 0.000000 0.911221 1159
car -1 -1 nan 21248.000000 nan nan nan 1.721996 1.790926 3.936911 -7.447941 2.429101 -1.061705 0.000000 0.952930 1153
car -1 -1 nan 21233.000000 nan nan nan 1.747056 2.143615 5.256008 -15.473938 2.298555 -1.079090 0.000000 0.927701 1140
car -1 -1 nan 21260.000000 nan nan nan 1.304307 0.294382 3.964692 -21.795214 1.536885 -1.532599 0.000000 0.908088 1133
car -1 -1 nan 21252.000000 nan nan nan 1.707662 1.693967 4.305264 -14.261591 -2.504904 -1.117664 0.000000 0.938569 1125
other-vehicle -1 -1 nan 21240.000000 nan nan nan 1.516855 0.972625 2.221215 -26.475213 1.873016 -1.432600 0.000000 0.881863 1119
car -1 -1 nan 21264.000000 nan nan nan 0.630630 0.936392 1.778803 -38.320790 1.486886 -1.824751 0.000000 0.639494 1076
person -1 -1 nan 21235.000000 nan nan nan 0.899479 0.529118 0.436476 24.193456 5.065980 -0.486592 0.000000 0.910530 243
person -1 -1 nan 21230.000000 nan nan nan 0.637916 0.413477 0.330279 42.266881 6.250658 0.434489 0.000000 0.818737 242
bicycle -1 -1 nan 21211.000000 nan nan nan 0.672351 0.524709 1.006439 -7.920090 8.760359 -0.794858 0.000000 0.831647 299
