car -1 -1 nan 20306.000000 nan nan nan 1.186975 0.669192 0.993715 35.449257 -3.297478 -0.666522 0.000000 0.811396 1166
car -1 -1 nan 20275.000000 nan nan nan 0.688836 1.898653 1.321180 -41.228372 -3.956595 0.277328 0.000000 0.651566 1164
car -1 -1 nan 20301.000000 nan nan nan 1.121548 0.728130 2.186126 34.176655 0.758759 -0.646411 0.000000 0.823884 1163
car -1 -1 nan 20294.000000 nan nan nan 1.460574 1.753189 3.493053 26.590284 1.471537 -0.573648 0.000000 0.904926 1160
car -1 -1 nan 20295.000000 nan nan nan 1.321900 0.810114 2.844037 20.280376 -2.232628 -0.593248 0.000000 0.869574 1159
car -1 -1 nan 20302.000000 nan nan nan 1.268062 0.936506 3.479395 20.350884 1.580313 -0.773736 0.000000 0.969118 1153
car -1 -1 nan 20299.000000 nan nan nan 1.823608 2.028266 4.262346 12.661990 2.299085 -0.575164 0.000000 0.926714 1140
car -1 -1 nan 20298.000000 nan nan nan 1.419919 1.796879 3.383656 6.787167 2.701312 -0.900910 0.000000 0.908773 1133
car -1 -1 nan 20291.000000 nan nan nan 1.712445 1.867437 4.522925 13.176401 -2.491444 -0.585739 0.000000 0.948055 1125
other-vehicle -1 -1 nan 20293.000000 nan nan nan 1.631031 1.472299 2.338352 1.838976 2.906428 -0.769596 0.000000 0.904740 1119
car -1 -1 nan 20288.000000 nan nan nan 1.586755 1.905661 4.401911 -10.298983 3.417884 -1.121891 0.000000 0.962789 1076
car -1 -1 nan 20292.000000 nan nan nan 1.323092 1.641068 3.581354 -24.762259 4.314792 -1.326208 0.000000 0.959861 1065
car -1 -1 nan 20300.000000 nan nan nan 1.238772 1.193560 3.796562 -30.702200 4.267020 -1.466838 0.000000 0.920852 1059
car -1 -1 nan 20296.000000 nan nan nan 1.197696 1.662425 3.238113 -32.557242 -0.313436 -1.476694 0.000000 0.830184 1048
