car -1 -1 nan 19659.000000 nan nan nan 0.897162 1.196694 1.216182 40.191860 -1.594125 -0.574529 0.000000 0.814316 1129
car -1 -1 nan 19683.000000 nan nan nan 1.094370 0.396531 2.301968 33.725417 4.693463 -0.589740 0.000000 0.759099 1133
car -1 -1 nan 19689.000000 nan nan nan 0.904828 1.640165 1.229360 39.943950 0.889644 -0.565293 0.000000 0.727818 1125
other-vehicle -1 -1 nan 19672.000000 nan nan nan 1.632764 1.275619 2.236369 29.493102 4.870966 -0.504293 0.000000 0.855917 1119
car -1 -1 nan 19673.000000 nan nan nan 1.541157 1.617639 3.995838 16.968024 3.803198 -0.797682 0.000000 0.875352 1076
car -1 -1 nan 19668.000000 nan nan nan 1.501287 1.665977 3.638304 2.618084 2.857804 -0.924431 0.000000 0.932877 1065
car -1 -1 nan 19682.000000 nan nan nan 1.130282 2.038837 4.499369 -3.228625 2.585736 -0.878856 0.000000 0.973891 1059
car -1 -1 nan 19686.000000 nan nan nan 1.316626 2.765063 3.472701 -42.771311 3.211747 -1.755530 0.000000 0.831400 1060
car -1 -1 nan 19678.000000 nan nan nan 1.351248 1.721011 3.446388 -4.969113 -2.656095 -1.065178 0.000000 0.933084 1048
motorcyclist -1 -1 nan 19643.000000 nan nan nan 1.329148 0.989778 0.503405 38.620361 5.540696 0.065883 0.000000 0.879070 281
motorcycle -1 -1 nan 19671.000000 nan nan nan 0.620390 0.658768 0.664587 -27.672337 -4.223556 -1.867823 0.000000 0.645157 275
