car -1 -1 nan 19122.000000 nan nan nan 0.191169 1.081116 0.352040 42.982169 15.714338 0.047453 0.000000 0.694468 1108
car -1 -1 nan 19131.000000 nan nan nan 1.172509 1.623094 2.045542 31.311879 11.201671 -0.694184 0.000000 0.804122 1076
car -1 -1 nan 19123.000000 nan nan nan 1.395014 1.535073 2.099781 -40.048446 -14.509836 -1.523230 0.000000 0.580870 1075
car -1 -1 nan 19130.000000 nan nan nan 1.496757 2.786399 2.375898 -1.527296 -27.764337 -1.348746 0.000000 0.900174 1067
car -1 -1 nan 19133.000000 nan nan nan 1.070093 1.671383 2.976344 18.041633 6.892747 -0.679528 0.000000 0.940794 1065
car -1 -1 nan 19136.000000 nan nan nan 1.341269 2.082047 3.785489 12.026169 5.004445 -0.929314 0.000000 0.942177 1059
car -1 -1 nan 19128.000000 nan nan nan 1.317568 2.457645 3.018274 -25.930594 -4.145797 -1.195724 0.000000 0.903281 1060
car -1 -1 nan 19135.000000 nan nan nan 1.615863 3.584024 2.855441 1.806778 -36.995322 -1.154454 0.000000 0.896421 1051
car -1 -1 nan 19137.000000 nan nan nan 1.311180 2.383726 2.933006 11.736382 -0.310287 -0.970962 0.000000 0.953187 1048
car -1 -1 nan 19125.000000 nan nan nan 1.541283 3.492074 2.610695 -5.347762 -15.451835 -1.132213 0.000000 0.963735 1026
car -1 -1 nan 19120.000000 nan nan nan 1.349632 4.245211 2.284284 -8.999379 11.229070 -1.046982 0.000000 0.925215 954
bicycle -1 -1 nan 19132.000000 nan nan nan 0.870122 1.131681 1.259869 -19.971032 11.658297 -1.244509 0.000000 0.864246 247
