car -1 -1 nan 22846.000000 nan nan nan 0.813750 1.087475 0.699262 -49.339700 -4.841982 -1.848639 0.000000 0.521769 1253
car -1 -1 nan 22848.000000 nan nan nan 0.880304 1.712388 0.377157 -27.141913 -7.576550 -1.379612 0.000000 0.737645 1252
car -1 -1 nan 22862.000000 nan nan nan 1.323462 1.753889 3.485208 3.857068 -2.300744 -0.965538 0.000000 0.909909 1230
car -1 -1 nan 22856.000000 nan nan nan 1.284834 1.854840 3.899354 -5.288528 2.488313 -1.110220 0.000000 0.950041 1226
car -1 -1 nan 22844.000000 nan nan nan 0.981348 1.241806 4.176669 0.316914 2.506717 -0.870055 0.000000 0.933584 1221
car -1 -1 nan 22855.000000 nan nan nan 1.334967 1.682329 4.287556 -4.211483 -2.344043 -1.074171 0.000000 0.947149 1211
car -1 -1 nan 22854.000000 nan nan nan 1.710577 2.831423 3.951748 -10.514744 2.683335 -1.071772 0.000000 0.944931 1186
car -1 -1 nan 22850.000000 nan nan nan 1.384917 1.855115 3.693790 -16.077862 -2.401028 -1.385587 0.000000 0.949708 1181
car -1 -1 nan 22860.000000 nan nan nan 0.936080 1.426977 1.579648 -43.197931 -2.623351 -1.955452 0.000000 0.866570 1166
car -1 -1 nan 22866.000000 nan nan nan 0.457833 1.495450 1.005751 -45.131288 2.245025 -2.350782 0.000000 0.778350 1163
