car -1 -1 nan 22006.000000 nan nan nan 1.134150 0.352632 2.485775 23.798982 1.713887 -0.687501 0.000000 0.795543 1226
car -1 -1 nan 22003.000000 nan nan nan 0.826138 0.520433 2.569782 33.272724 -1.954203 -0.896942 0.000000 0.825616 1225
car -1 -1 nan 21993.000000 nan nan nan 1.113904 0.853618 3.636046 29.366636 1.767130 -0.789449 0.000000 0.888310 1221
car -1 -1 nan 22002.000000 nan nan nan 1.212610 1.638039 3.834111 24.710895 -2.472280 -0.759966 0.000000 0.922395 1211
car -1 -1 nan 21986.000000 nan nan nan 1.689127 1.754340 3.570114 18.558432 2.151031 -0.595448 0.000000 0.912091 1186
car -1 -1 nan 21997.000000 nan nan nan 1.355659 1.866000 3.639155 12.682000 -2.486734 -0.872556 0.000000 0.956437 1181
car -1 -1 nan 21988.000000 nan nan nan 1.486693 3.890144 1.742160 1.488668 -6.192015 -0.857056 0.000000 0.950217 1179
car -1 -1 nan 21991.000000 nan nan nan 1.364244 4.191916 1.702421 3.773781 6.396175 -0.758913 0.000000 0.938040 1177
car -1 -1 nan 22004.000000 nan nan nan 1.355562 1.768033 3.233698 -14.636065 -2.562646 -1.133844 0.000000 0.903459 1166
car -1 -1 nan 21982.000000 nan nan nan 1.322252 1.759251 4.164594 -16.924248 2.296723 -1.117935 0.000000 0.940014 1163
car -1 -1 nan 22001.000000 nan nan nan 1.429910 1.588082 3.515890 -24.158116 2.195634 -1.031715 0.000000 0.907043 1160
car -1 -1 nan 21994.000000 nan nan nan 1.300129 1.833781 4.544594 -29.387776 -2.405327 -1.183204 0.000000 0.903254 1159
car -1 -1 nan 22005.000000 nan nan nan 1.098373 0.344213 2.795112 -30.559103 1.691451 -1.284960 0.000000 0.886287 1153
car -1 -1 nan 21990.000000 nan nan nan 1.485665 1.585764 3.250532 -37.871598 1.973088 -1.054188 0.000000 0.942559 1140
car -1 -1 nan 22008.000000 nan nan nan 0.231297 0.670701 0.835868 -38.526992 -2.620456 -0.395136 0.000000 0.644512 1125
