car -1 -1 nan 23404.000000 nan nan nan 0.797673 1.433279 1.424317 27.834291 -13.178683 -0.837703 0.000000 0.843117 1268
car -1 -1 nan 23413.000000 nan nan nan 1.214899 1.870022 3.449417 26.863842 5.243334 -0.425553 0.000000 0.902200 1261
truck -1 -1 nan 23399.000000 nan nan nan 0.654593 1.973367 3.716307 27.052439 -2.788886 -0.795189 0.000000 0.898035 1258
car -1 -1 nan 23400.000000 nan nan nan 0.791610 2.031726 0.458071 -49.203421 5.817808 -1.454626 0.000000 0.731844 1255
car -1 -1 nan 23407.000000 nan nan nan 1.196555 1.628813 3.350779 -20.048523 -2.716977 -1.440040 0.000000 0.930667 1230
car -1 -1 nan 23414.000000 nan nan nan 0.299588 0.491645 1.020535 -29.905581 1.642227 -1.016258 0.000000 0.563650 1226
car -1 -1 nan 23411.000000 nan nan nan 1.286032 1.828512 4.316232 -23.906838 1.941209 -1.358117 0.000000 0.955300 1221
car -1 -1 nan 23402.000000 nan nan nan 1.231294 1.236544 3.651457 -28.480664 -2.550155 -1.529337 0.000000 0.858711 1211
car -1 -1 nan 23410.000000 nan nan nan 1.592476 1.635701 3.355959 -34.883096 1.851561 -1.317638 0.000000 0.907681 1186
car -1 -1 nan 23412.000000 nan nan nan 0.983258 0.619078 2.239866 -39.118937 -2.318205 -1.640609 0.000000 0.716370 1181
bicycle -1 -1 nan 23401.000000 nan nan nan 0.957427 0.415897 1.584348 -6.765595 -4.368071 -1.229175 0.000000 0.930004 323
