car -1 -1 nan 23385.000000 nan nan nan 0.830461 1.525962 1.327921 28.597618 -13.295054 -0.795506 0.000000 0.843463 1268
car -1 -1 nan 23383.000000 nan nan nan 1.243831 1.802736 3.509920 27.777213 5.075313 -0.394173 0.000000 0.918948 1261
truck -1 -1 nan 23389.000000 nan nan nan 0.775770 1.897844 3.479915 27.810897 -2.925009 -0.757441 0.000000 0.823965 1258
car -1 -1 nan 23380.000000 nan nan nan 0.773325 2.192765 0.537178 -48.307752 6.077173 -1.518314 0.000000 0.867060 1255
car -1 -1 nan 23393.000000 nan nan nan 1.241911 1.627024 3.445915 -19.216898 -2.645799 -1.434453 0.000000 0.924063 1230
car -1 -1 nan 23378.000000 nan nan nan 0.503611 1.374673 1.463570 -28.647193 2.223031 -1.034539 0.000000 0.668420 1226
car -1 -1 nan 23390.000000 nan nan nan 1.162018 1.831878 4.467256 -23.138745 2.041010 -1.364929 0.000000 0.887411 1221
car -1 -1 nan 23396.000000 nan nan nan 1.177645 1.285100 3.577233 -27.650178 -2.432955 -1.501757 0.000000 0.862624 1211
car -1 -1 nan 23388.000000 nan nan nan 1.550371 1.547529 3.394704 -33.901758 1.999846 -1.338228 0.000000 0.931803 1186
car -1 -1 nan 23394.000000 nan nan nan 0.919509 1.358871 3.168157 -38.248907 -2.204862 -1.732950 0.000000 0.853243 1181
bicycle -1 -1 nan 23326.000000 nan nan nan 0.540037 0.488478 0.321902 -9.963992 5.105667 -0.698256 0.000000 0.602493 324
bicycle -1 -1 nan 23392.000000 nan nan nan 0.673246 0.261912 0.940505 -5.926729 -4.371869 -1.220823 0.000000 0.855320 323
