car -1 -1 nan 21754.000000 nan nan nan 0.520259 0.724824 0.451867 24.533219 7.219313 -0.389735 0.000000 0.465425 1216
car -1 -1 nan 21781.000000 nan nan nan 1.095705 1.425797 2.745892 31.540320 -2.467108 -0.537505 0.000000 0.778957 1211
car -1 -1 nan 21765.000000 nan nan nan 1.604060 1.644800 3.477586 26.236997 2.120366 -0.343148 0.000000 0.918686 1186
car -1 -1 nan 21772.000000 nan nan nan 1.296838 1.724590 3.762833 20.243364 -2.553373 -0.683559 0.000000 0.946994 1181
car -1 -1 nan 21767.000000 nan nan nan 1.361824 4.181905 1.749031 9.062677 -6.398914 -0.814955 0.000000 0.941037 1179
car -1 -1 nan 21764.000000 nan nan nan 1.350873 4.364463 1.839582 11.435017 6.548268 -0.569273 0.000000 0.963480 1177
car -1 -1 nan 21774.000000 nan nan nan 1.421698 1.827462 3.403112 -7.099418 -2.501491 -1.117604 0.000000 0.930977 1166
car -1 -1 nan 21761.000000 nan nan nan 1.384383 1.823979 3.773313 -9.075144 2.373456 -1.068721 0.000000 0.950047 1163
car -1 -1 nan 21771.000000 nan nan nan 1.605739 1.770443 4.721367 -16.880836 2.383641 -1.066862 0.000000 0.950834 1160
car -1 -1 nan 21766.000000 nan nan nan 1.395255 1.778290 4.052575 -22.018577 -2.280103 -1.236450 0.000000 0.918272 1159
car -1 -1 nan 21777.000000 nan nan nan 1.282636 0.599295 2.995213 -22.876659 1.891128 -1.307735 0.000000 0.872043 1153
car -1 -1 nan 21769.000000 nan nan nan 1.646713 1.703725 4.864072 -31.034552 2.319529 -1.244531 0.000000 0.899702 1140
car -1 -1 nan 21776.000000 nan nan nan 1.420667 0.593245 3.361516 -29.615276 -1.930488 -1.180848 0.000000 0.838154 1125
other-vehicle -1 -1 nan 21763.000000 nan nan nan 1.472090 0.232869 2.812664 -42.306414 1.930713 -1.409720 0.000000 0.639113 1119
