car -1 -1 nan 22708.000000 nan nan nan 1.081610 0.737654 0.351922 37.964770 4.927102 -0.444852 0.000000 0.654634 1238
truck -1 -1 nan 22736.000000 nan nan nan 1.110653 0.540155 1.291500 -47.706958 2.072325 -1.803832 0.000000 0.512375 1249
car -1 -1 nan 22730.000000 nan nan nan 1.307604 1.773115 3.513337 8.849413 -2.227289 -0.941393 0.000000 0.932420 1230
car -1 -1 nan 22734.000000 nan nan nan 0.965363 1.292077 3.653160 -0.442770 2.666494 -0.735355 0.000000 0.954985 1226
car -1 -1 nan 22737.000000 nan nan nan 1.315489 1.539218 4.162788 5.115816 2.304665 -0.985793 0.000000 0.965834 1221
car -1 -1 nan 22739.000000 nan nan nan 1.076290 1.205706 4.032191 0.564495 -2.482285 -0.840347 0.000000 0.884487 1211
car -1 -1 nan 22740.000000 nan nan nan 1.729404 1.972319 3.837803 -5.379734 2.259476 -0.917700 0.000000 0.956921 1186
car -1 -1 nan 22728.000000 nan nan nan 1.398189 1.864801 3.785229 -11.035148 -2.504287 -1.219114 0.000000 0.915082 1181
car -1 -1 nan 22709.000000 nan nan nan 0.225155 0.459544 0.963991 -22.539857 -4.894314 -0.747938 0.000000 0.749057 1179
car -1 -1 nan 22742.000000 nan nan nan 0.968934 1.523234 1.232978 -20.511682 4.977553 -1.097935 0.000000 0.814123 1177
car -1 -1 nan 22738.000000 nan nan nan 1.301582 1.537476 2.900582 -38.323409 -3.056718 -1.773333 0.000000 0.916089 1166
car -1 -1 nan 22733.000000 nan nan nan 1.236847 1.581822 2.247871 -40.644967 1.887244 -1.728329 0.000000 0.859779 1163
car -1 -1 nan 22707.000000 nan nan nan 0.404344 0.289299 1.026299 -49.731902 3.517294 -2.312996 0.000000 0.495593 1160
