car -1 -1 nan 23301.000000 nan nan nan 0.960821 1.377785 1.792008 32.170404 -13.573780 -0.760328 0.000000 0.846681 1268
car -1 -1 nan 23286.000000 nan nan nan 1.258694 4.989875 0.505294 36.772071 5.610676 0.028152 0.000000 0.877849 1262
car -1 -1 nan 23305.000000 nan nan nan 1.033580 1.774929 3.411203 31.114689 4.685756 -0.434682 0.000000 0.930921 1261
truck -1 -1 nan 23317.000000 nan nan nan 0.552684 1.922675 2.909530 30.872520 -3.331621 -0.620863 0.000000 0.863460 1258
car -1 -1 nan 23302.000000 nan nan nan 0.743387 2.285513 0.517872 -44.722697 6.710371 -1.627615 0.000000 0.905090 1255
car -1 -1 nan 23306.000000 nan nan nan 0.762954 1.236380 0.467320 -47.328512 -6.343715 -1.826081 0.000000 0.827282 1252
car -1 -1 nan 23310.000000 nan nan nan 1.253872 1.660614 3.449924 -15.789547 -2.411605 -1.374597 0.000000 0.965000 1230
car -1 -1 nan 23314.000000 nan nan nan 1.023197 1.469702 1.614684 -25.386458 2.497973 -1.366672 0.000000 0.919950 1226
car -1 -1 nan 23312.000000 nan nan nan 1.231837 1.806817 4.502856 -19.365631 2.370579 -1.383927 0.000000 0.936450 1221
car -1 -1 nan 23304.000000 nan nan nan 1.111921 1.293768 4.224291 -23.899340 -2.101374 -1.502553 0.000000 0.934909 1211
car -1 -1 nan 23313.000000 nan nan nan 1.581635 1.658502 2.911693 -30.199819 2.465596 -1.375001 0.000000 0.879357 1186
car -1 -1 nan 23309.000000 nan nan nan 0.406470 0.575605 1.243435 -34.572439 -1.722255 -1.952880 0.000000 0.650850 1181
bicycle -1 -1 nan 23307.000000 nan nan nan 0.849798 0.343961 0.637322 -2.218544 -4.245321 -1.190193 0.000000 0.631690 323
