car -1 -1 nan 23846.000000 nan nan nan 0.738184 0.311113 0.791986 24.597270 -39.717644 -0.813215 0.000000 0.750505 1291
car -1 -1 nan 23848.000000 nan nan nan 1.404633 3.608569 2.299635 3.762177 15.775594 -0.963670 0.000000 0.893637 1278
car -1 -1 nan 23861.000000 nan nan nan 1.121534 2.053758 3.176409 8.476810 24.465764 -0.875375 0.000000 0.939596 1275
car -1 -1 nan 23859.000000 nan nan nan 0.388637 0.690622 0.493686 -37.559011 -14.649207 -1.713297 0.000000 0.588241 1274
car -1 -1 nan 23843.000000 nan nan nan 0.947746 1.394489 1.692855 17.896170 -7.341887 -0.729656 0.000000 0.778973 1268
car -1 -1 nan 23854.000000 nan nan nan 1.349511 1.894498 3.948893 12.011609 9.846422 -0.813006 0.000000 0.937993 1261
other-vehicle -1 -1 nan 23856.000000 nan nan nan 0.849750 2.202102 4.262140 14.431105 2.500579 -0.964980 0.000000 0.805466 1258
car -1 -1 nan 23868.000000 nan nan nan 0.953529 1.614627 3.370881 -31.238895 -10.253412 -1.711190 0.000000 0.823047 1230
car -1 -1 nan 23864.000000 nan nan nan 1.156923 2.077853 2.707277 -35.501056 -6.734486 -1.774335 0.000000 0.859868 1221
car -1 -1 nan 23860.000000 nan nan nan 0.917512 0.983992 1.775000 -45.848619 -10.022708 -1.468438 0.000000 0.609740 1186
person -1 -1 nan 23853.000000 nan nan nan 0.188651 0.297595 0.269909 34.968371 -23.782733 -0.103931 0.000000 0.841959 258
bicycle -1 -1 nan 23866.000000 nan nan nan 0.666790 0.954710 0.417113 -45.705201 -6.847565 -1.947768 0.000000 0.838538 330
motorcycle -1 -1 nan 23857.000000 nan nan nan 1.195986 1.069762 1.839893 9.246310 21.664932 -1.004755 0.000000 0.937908 327
bicycle -1 -1 nan 23821.000000 nan nan nan 0.837668 0.373751 1.157130 -18.115245 -8.274218 -1.421765 0.000000 0.871686 323
