car -1 -1 nan 22880.000000 nan nan nan 0.833062 1.589552 0.790025 -25.739099 7.673973 -1.179073 0.000000 0.840730 1255
car -1 -1 nan 22846.000000 nan nan nan 0.813750 1.087475 0.699262 -50.385881 -4.700969 -1.716214 0.000000 0.521769 1253
car -1 -1 nan 22871.000000 nan nan nan 0.816235 1.637701 0.507091 -28.000750 -7.602729 -1.372001 0.000000 0.713009 1252
car -1 -1 nan 22867.000000 nan nan nan 1.307454 1.657086 3.227954 3.019879 -2.268188 -0.986680 0.000000 0.908705 1230
car -1 -1 nan 22877.000000 nan nan nan 1.602309 1.789205 3.876003 -6.074841 2.475890 -1.008776 0.000000 0.949416 1226
car -1 -1 nan 22876.000000 nan nan nan 0.906227 1.327130 4.149230 -0.492193 2.626434 -0.831062 0.000000 0.965475 1221
car -1 -1 nan 22875.000000 nan nan nan 1.389113 1.726704 4.193714 -5.033562 -2.331476 -1.109356 0.000000 0.961310 1211
car -1 -1 nan 22872.000000 nan nan nan 1.705380 2.178314 3.874009 -11.397639 2.590326 -1.039272 0.000000 0.962278 1186
car -1 -1 nan 22874.000000 nan nan nan 1.350259 1.779575 3.805618 -16.919757 -2.345149 -1.348259 0.000000 0.935094 1181
car -1 -1 nan 22881.000000 nan nan nan 1.194961 2.494931 2.066790 -44.274063 -2.824186 -1.931855 0.000000 0.740984 1166
car -1 -1 nan 22878.000000 nan nan nan 1.066046 1.401081 2.125932 -46.197963 2.561111 -2.090543 0.000000 0.833751 1163
