car -1 -1 nan 22951.000000 nan nan nan 0.193979 1.462568 0.315381 46.539093 -2.683407 -0.255109 0.000000 0.860216 1258
car -1 -1 nan 22948.000000 nan nan nan 0.775370 2.547321 0.736652 -28.766537 7.437921 -1.315473 0.000000 0.834396 1255
car -1 -1 nan 22949.000000 nan nan nan 0.725982 1.756782 0.559384 -31.427223 -7.159941 -1.401890 0.000000 0.842485 1252
car -1 -1 nan 22954.000000 nan nan nan 0.919837 1.111194 2.232952 -0.386021 -2.576491 -0.787447 0.000000 0.901090 1230
car -1 -1 nan 22956.000000 nan nan nan 1.353186 1.828438 3.768759 -9.470015 2.571142 -1.180929 0.000000 0.960042 1226
car -1 -1 nan 22947.000000 nan nan nan 0.939840 1.891571 4.193298 -3.779038 2.352529 -0.906732 0.000000 0.949661 1221
car -1 -1 nan 22955.000000 nan nan nan 1.397021 1.820099 4.207289 -8.381290 -2.345079 -1.126311 0.000000 0.936553 1211
car -1 -1 nan 22950.000000 nan nan nan 1.705082 1.695858 3.864327 -14.740455 2.343982 -1.096150 0.000000 0.963148 1186
car -1 -1 nan 22943.000000 nan nan nan 1.293200 1.713658 4.088710 -19.941049 -2.163015 -1.394184 0.000000 0.942736 1181
car -1 -1 nan 22958.000000 nan nan nan 0.856210 1.427029 0.568483 -47.323256 -1.997603 -2.073698 0.000000 0.850410 1166
car -1 -1 nan 22946.000000 nan nan nan 0.579285 1.272789 1.134443 -49.397685 2.996808 -2.369046 0.000000 0.761854 1163
bicycle -1 -1 nan 22927.000000 nan nan nan 0.589744 0.458497 1.021112 -26.449208 7.908842 -1.405592 0.000000 0.719391 320
