car -1 -1 nan 21607.000000 nan nan nan 1.218047 1.319949 1.110944 36.482798 -2.415957 -0.350456 0.000000 0.572737 1211
car -1 -1 nan 21593.000000 nan nan nan 1.560024 1.539404 1.101625 31.009287 2.213575 -0.216282 0.000000 0.788885 1186
car -1 -1 nan 21597.000000 nan nan nan 1.231245 1.691611 3.403940 25.729545 -2.498468 -0.556875 0.000000 0.893113 1181
car -1 -1 nan 21596.000000 nan nan nan 1.254544 4.149599 1.974374 14.498875 -6.299172 -0.696553 0.000000 0.960232 1179
car -1 -1 nan 21590.000000 nan nan nan 1.263019 4.314333 1.767295 16.978546 6.554862 -0.517100 0.000000 0.931318 1177
car -1 -1 nan 21594.000000 nan nan nan 1.165850 1.592213 3.256863 -1.660340 -2.583765 -0.742892 0.000000 0.948943 1166
car -1 -1 nan 21603.000000 nan nan nan 1.196336 1.767441 3.676395 -3.643656 2.376555 -0.903324 0.000000 0.952082 1163
car -1 -1 nan 21587.000000 nan nan nan 1.621324 1.819440 4.068493 -11.183772 2.410770 -1.050248 0.000000 0.951520 1160
car -1 -1 nan 21599.000000 nan nan nan 1.454599 1.859368 3.929014 -16.705374 -2.289822 -1.231292 0.000000 0.912175 1159
car -1 -1 nan 21612.000000 nan nan nan 1.315308 1.051106 3.389152 -17.634212 2.171702 -1.261278 0.000000 0.937200 1153
car -1 -1 nan 21605.000000 nan nan nan 1.653535 2.016935 4.374858 -25.460568 2.473749 -1.159034 0.000000 0.948890 1140
car -1 -1 nan 21595.000000 nan nan nan 1.566339 1.395052 4.387922 -24.195466 -2.212060 -1.215605 0.000000 0.915881 1125
other-vehicle -1 -1 nan 21602.000000 nan nan nan 1.418138 0.540239 2.191857 -36.477119 2.018991 -1.546060 0.000000 0.703293 1119
car -1 -1 nan 21589.000000 nan nan nan 0.698803 0.558670 0.903384 -47.938197 1.988453 -1.854932 0.000000 0.568738 1076
