car -1 -1 nan 24568.000000 nan nan nan 0.642242 0.386521 0.533786 37.842042 0.863823 -0.172130 0.000000 0.651174 1336
car -1 -1 nan 24564.000000 nan nan nan 1.126119 1.931684 0.300263 42.576519 0.957652 -0.218112 0.000000 0.775036 1333
car -1 -1 nan 24560.000000 nan nan nan 1.123929 4.050864 0.962642 32.905284 2.972834 -0.487836 0.000000 0.910355 1311
car -1 -1 nan 24570.000000 nan nan nan 1.193008 1.283711 1.606432 -35.923602 7.736024 -1.618967 0.000000 0.624087 1293
car -1 -1 nan 24561.000000 nan nan nan 1.299473 2.771532 3.744209 -19.929818 0.656667 -1.221310 0.000000 0.933046 1278
car -1 -1 nan 24557.000000 nan nan nan 1.360248 3.154271 1.613067 -33.413796 9.363043 -1.559504 0.000000 0.942942 1275
other-vehicle -1 -1 nan 24552.000000 nan nan nan 1.012835 1.703999 1.617945 -0.045051 6.867750 -1.059985 0.000000 0.781999 1268
car -1 -1 nan 24567.000000 nan nan nan 1.193863 4.042791 1.780563 -18.365691 7.629304 -1.246410 0.000000 0.944137 1261
other-vehicle -1 -1 nan 24563.000000 nan nan nan 0.815000 4.295885 2.060652 -10.385333 7.098281 -1.339139 0.000000 0.909639 1258
motorcycle -1 -1 nan 24571.000000 nan nan nan 1.118588 1.936297 0.501360 -30.230157 9.098056 -1.582910 0.000000 0.944131 327
