car -1 -1 nan 24568.000000 nan nan nan 0.642242 0.386521 0.533786 36.779105 1.118712 -0.011137 0.000000 0.651174 1336
car -1 -1 nan 24574.000000 nan nan nan 1.124364 1.016183 0.604297 41.842608 1.669998 -0.175147 0.000000 0.623216 1333
car -1 -1 nan 24581.000000 nan nan nan 1.098969 3.770829 0.977463 32.037697 3.623305 -0.389080 0.000000 0.927417 1311
car -1 -1 nan 24588.000000 nan nan nan 1.219769 1.374185 1.598823 -36.932968 6.931099 -1.644645 0.000000 0.882322 1293
car -1 -1 nan 24573.000000 nan nan nan 1.298593 3.207218 3.854365 -20.263359 -0.005820 -1.278029 0.000000 0.900009 1278
car -1 -1 nan 24587.000000 nan nan nan 1.406323 3.157634 1.695760 -34.386591 8.551054 -1.641959 0.000000 0.927078 1275
other-vehicle -1 -1 nan 24576.000000 nan nan nan 0.981964 1.618599 1.599139 -0.974104 6.851076 -1.052969 0.000000 0.629331 1268
car -1 -1 nan 24583.000000 nan nan nan 1.192472 3.582241 1.809497 -19.298287 7.125319 -1.291923 0.000000 0.946972 1261
other-vehicle -1 -1 nan 24582.000000 nan nan nan 0.835662 4.287290 2.012728 -11.318020 6.836185 -1.382078 0.000000 0.887976 1258
motorcycle -1 -1 nan 24584.000000 nan nan nan 1.173901 1.968762 0.545608 -31.169317 8.368176 -1.645571 0.000000 0.898337 327
