truck -1 -1 nan 24455.000000 nan nan nan 2.663558 5.916552 5.551543 17.412202 18.431668 -0.461663 0.000000 0.475417 1327
car -1 -1 nan 24448.000000 nan nan nan 0.837686 3.471366 1.134715 37.019875 -4.506118 -0.919805 0.000000 0.926131 1311
car -1 -1 nan 24456.000000 nan nan nan 1.244346 1.560432 1.804305 -29.411534 14.672444 -1.241211 0.000000 0.819622 1293
car -1 -1 nan 24446.000000 nan nan nan 1.317635 2.217998 3.376135 -16.128433 4.918220 -1.002371 0.000000 0.892309 1278
car -1 -1 nan 24453.000000 nan nan nan 1.291964 3.279982 2.180330 -26.450970 15.635930 -1.190420 0.000000 0.919457 1275
other-vehicle -1 -1 nan 24447.000000 nan nan nan 1.001985 1.420590 1.732417 5.620244 6.261145 -1.083125 0.000000 0.851031 1268
car -1 -1 nan 24450.000000 nan nan nan 1.221654 3.493039 2.487590 -12.063618 10.593610 -1.067006 0.000000 0.945702 1261
other-vehicle -1 -1 nan 24439.000000 nan nan nan 0.821844 4.302749 2.402482 -4.300947 8.650084 -1.234078 0.000000 0.835776 1258
car -1 -1 nan 24421.000000 nan nan nan 0.481928 0.873673 0.876052 -23.799271 -37.685413 -1.361246 0.000000 0.508691 1221
person -1 -1 nan 24442.000000 nan nan nan 0.483437 0.330714 0.307737 -43.098067 20.496575 -0.690851 0.000000 0.853009 272
person -1 -1 nan 24411.000000 nan nan nan 0.691166 0.399209 0.423941 -26.127822 -33.195072 -1.010732 0.000000 0.857112 273
motorcycle -1 -1 nan 24445.000000 nan nan nan 1.205522 2.060160 0.803603 -23.514002 14.687388 -1.241543 0.000000 0.942904 327
