car -1 -1 nan 24131.000000 nan nan nan 0.480111 1.617676 0.807222 33.204824 -29.238459 -0.372521 0.000000 0.875066 1291
car -1 -1 nan 24132.000000 nan nan nan 1.154864 2.224806 1.824720 -7.677505 26.850334 -1.731865 0.000000 0.848507 1293
car -1 -1 nan 24122.000000 nan nan nan 1.425825 3.223592 3.140477 -5.035552 13.675784 -1.374773 0.000000 0.870758 1278
car -1 -1 nan 24129.000000 nan nan nan 1.349812 2.683969 2.893733 -5.171525 25.116201 -1.715961 0.000000 0.930294 1275
other-vehicle -1 -1 nan 24121.000000 nan nan nan 0.962817 1.426558 2.030991 15.371098 -1.015202 -0.978287 0.000000 0.790577 1268
car -1 -1 nan 24109.000000 nan nan nan 1.285913 2.794902 3.925133 3.623714 12.986043 -1.299824 0.000000 0.927705 1261
other-vehicle -1 -1 nan 24123.000000 nan nan nan 0.824598 3.154985 3.859072 8.664228 7.105482 -1.317171 0.000000 0.903346 1258
car -1 -1 nan 24125.000000 nan nan nan 0.921853 2.145657 1.812476 -28.987282 -21.281787 -0.874419 0.000000 0.764962 1230
car -1 -1 nan 24126.000000 nan nan nan 1.054269 3.239950 2.661258 -34.960812 -19.913561 -0.836519 0.000000 0.856082 1221
person -1 -1 nan 24027.000000 nan nan nan 1.141067 0.683514 0.538227 -15.320585 40.368030 -1.890578 0.000000 0.791066 262
motorcycle -1 -1 nan 24124.000000 nan nan nan 1.166465 1.342450 1.697620 -3.217225 22.937617 -1.667054 0.000000 0.951787 327
bicycle -1 -1 nan 24114.000000 nan nan nan 0.726524 0.610312 0.860759 -17.726927 -14.675101 -0.919591 0.000000 0.782112 323
