car -1 -1 nan 24674.000000 nan nan nan 0.722841 1.764694 0.527151 32.711357 5.031160 -0.258138 0.000000 0.728096 1339
car -1 -1 nan 24669.000000 nan nan nan 1.223896 0.954436 0.857280 37.642294 4.487826 -0.265504 0.000000 0.792804 1333
car -1 -1 nan 24665.000000 nan nan nan 1.100047 3.927705 1.606600 27.811676 5.773447 -0.569272 0.000000 0.943627 1311
car -1 -1 nan 24667.000000 nan nan nan 1.085524 1.256510 0.497450 -40.965871 4.151307 -1.697874 0.000000 0.879988 1293
car -1 -1 nan 24661.000000 nan nan nan 1.334355 2.066655 3.765117 -22.752505 -1.218384 -1.232546 0.000000 0.859480 1278
car -1 -1 nan 24675.000000 nan nan nan 1.126306 3.023718 1.641551 -38.949528 5.941829 -1.597973 0.000000 0.933730 1275
other-vehicle -1 -1 nan 24668.000000 nan nan nan 1.028319 1.755173 1.579894 -5.628244 6.491177 -1.128609 0.000000 0.787193 1268
car -1 -1 nan 24672.000000 nan nan nan 1.143910 3.457322 1.556135 -23.866874 5.477863 -1.288837 0.000000 0.939647 1261
other-vehicle -1 -1 nan 24670.000000 nan nan nan 0.755799 4.281396 1.907668 -15.902987 5.891156 -1.399551 0.000000 0.847601 1258
motorcycle -1 -1 nan 24621.000000 nan nan nan 1.064765 1.752168 0.504378 -36.119100 5.346355 -1.807075 0.000000 0.918256 327
