car -1 -1 nan 24206.000000 nan nan nan 1.206268 1.848467 1.905762 -12.386195 25.400354 -1.435435 0.000000 0.831051 1293
car -1 -1 nan 24208.000000 nan nan nan 1.425753 3.051798 3.330201 -7.602316 12.312268 -1.158621 0.000000 0.885081 1278
car -1 -1 nan 24185.000000 nan nan nan 1.360314 2.661436 2.727757 -9.741545 24.484441 -1.390236 0.000000 0.948773 1275
other-vehicle -1 -1 nan 24190.000000 nan nan nan 0.940420 1.420742 1.567208 13.721183 0.903300 -1.040235 0.000000 0.856608 1268
car -1 -1 nan 24193.000000 nan nan nan 1.248690 3.084055 3.732489 0.584151 13.336138 -1.143355 0.000000 0.937456 1261
other-vehicle -1 -1 nan 24197.000000 nan nan nan 0.818359 3.555554 3.553226 6.393793 8.119723 -1.277760 0.000000 0.869544 1258
car -1 -1 nan 24194.000000 nan nan nan 1.008105 2.844026 1.857428 -27.646340 -25.155058 -1.045036 0.000000 0.806556 1230
car -1 -1 nan 24200.000000 nan nan nan 1.006113 2.259971 2.283507 -33.216687 -23.566883 -0.963566 0.000000 0.896918 1221
motorcycle -1 -1 nan 24207.000000 nan nan nan 0.600045 1.235436 0.927358 35.151630 -24.407502 -0.931823 0.000000 0.564880 339
motorcycle -1 -1 nan 24204.000000 nan nan nan 1.270945 1.611696 1.591591 -7.495118 22.411139 -1.409320 0.000000 0.942331 327
bicycle -1 -1 nan 24191.000000 nan nan nan 0.478376 1.025235 0.986708 -17.199549 -16.881810 -0.921856 0.000000 0.471470 323
