truck -1 -1 nan 24455.000000 nan nan nan 2.663558 5.916552 5.551543 7.313978 15.394399 0.543841 0.000000 0.475417 1327
car -1 -1 nan 24466.000000 nan nan nan 0.975747 3.338835 0.883170 36.470095 -2.844242 -0.862756 0.000000 0.922981 1311
car -1 -1 nan 24470.000000 nan nan nan 1.092986 1.529746 1.748077 -30.721375 13.280571 -1.334574 0.000000 0.848004 1293
car -1 -1 nan 24465.000000 nan nan nan 1.293517 2.359917 3.315298 -16.782722 4.180667 -1.014825 0.000000 0.867661 1278
car -1 -1 nan 24471.000000 nan nan nan 1.319704 3.349227 2.039176 -27.826784 14.425441 -1.222975 0.000000 0.924428 1275
other-vehicle -1 -1 nan 24467.000000 nan nan nan 0.957661 1.489985 1.692264 4.676967 6.477820 -1.084871 0.000000 0.744462 1268
car -1 -1 nan 24469.000000 nan nan nan 1.230735 3.577402 2.259298 -13.195784 10.027382 -1.063854 0.000000 0.942792 1261
other-vehicle -1 -1 nan 24458.000000 nan nan nan 0.852126 4.429435 2.277508 -5.393302 8.396417 -1.253254 0.000000 0.910717 1258
person -1 -1 nan 24442.000000 nan nan nan 0.483437 0.330714 0.307737 -44.932509 18.632402 -0.670001 0.000000 0.853009 272
person -1 -1 nan 24411.000000 nan nan nan 0.691166 0.399209 0.423941 -25.414285 -34.611263 -1.097596 0.000000 0.857112 273
motorcycle -1 -1 nan 24464.000000 nan nan nan 1.212651 1.999349 0.798140 -24.815035 13.595963 -1.265298 0.000000 0.944383 327
