car -1 -1 nan 25955.000000 nan nan nan 0.653366 0.444684 0.344111 24.584415 4.470150 -0.919423 0.000000 0.509060 1409
car -1 -1 nan 25951.000000 nan nan nan 1.203470 2.921609 2.113524 24.481058 1.924167 -0.814371 0.000000 0.799337 1398
other-vehicle -1 -1 nan 25947.000000 nan nan nan 0.392787 0.772137 1.818938 -39.153038 2.437955 -0.978222 0.000000 0.727035 1368
car -1 -1 nan 25948.000000 nan nan nan 1.321026 1.421535 3.369385 18.118719 -5.106150 -1.009092 0.000000 0.916743 1384
car -1 -1 nan 25935.000000 nan nan nan 1.388061 1.885932 3.536586 12.124693 -4.173926 -1.013913 0.000000 0.964591 1380
other-vehicle -1 -1 nan 25936.000000 nan nan nan 2.324303 6.239150 6.191934 -42.259788 -1.439982 -0.240324 0.000000 0.787316 1374
car -1 -1 nan 25944.000000 nan nan nan 1.398795 2.148827 1.778901 12.630707 4.554550 -0.839050 0.000000 0.754144 1371
car -1 -1 nan 25950.000000 nan nan nan 1.324907 2.163818 3.223659 -21.431023 -10.600506 -0.957228 0.000000 0.924952 1339
car -1 -1 nan 25943.000000 nan nan nan 1.400167 2.179309 3.448818 -20.013138 -5.649726 -0.869384 0.000000 0.926776 1333
car -1 -1 nan 25939.000000 nan nan nan 1.248538 1.921618 3.192997 -22.073286 -15.509587 -1.000314 0.000000 0.832034 1311
bicyclist -1 -1 nan 25909.000000 nan nan nan 0.932633 0.229223 0.264834 -35.707290 -4.542071 -0.516500 0.000000 0.708750 362
