car -1 -1 nan 28192.000000 nan nan nan 0.192349 0.945360 0.951015 47.116930 -5.041563 0.438428 0.000000 0.509974 1513
car -1 -1 nan 28249.000000 nan nan nan 0.520838 0.610535 0.565537 46.208939 -3.097001 -0.104677 0.000000 0.769186 1514
car -1 -1 nan 28239.000000 nan nan nan 1.462600 1.432518 2.906819 20.600389 2.299384 -0.596096 0.000000 0.923082 1504
car -1 -1 nan 28246.000000 nan nan nan 1.173070 1.543216 1.954926 36.170590 2.447925 -0.261584 0.000000 0.880317 1499
car -1 -1 nan 28244.000000 nan nan nan 0.880101 0.505452 2.880926 25.242154 1.966878 -0.807822 0.000000 0.830118 1496
car -1 -1 nan 28230.000000 nan nan nan 1.175023 0.998636 3.516174 24.495429 -2.328474 -0.743762 0.000000 0.926115 1492
car -1 -1 nan 28243.000000 nan nan nan 1.325779 1.754329 3.265603 19.786849 -2.714541 -0.761575 0.000000 0.933771 1480
car -1 -1 nan 28233.000000 nan nan nan 1.753599 1.804017 4.408140 14.339147 2.450655 -0.547244 0.000000 0.932599 1471
car -1 -1 nan 28240.000000 nan nan nan 1.439609 1.731451 3.408008 4.334937 2.532477 -0.876677 0.000000 0.944601 1465
car -1 -1 nan 28226.000000 nan nan nan 1.184233 1.531447 4.338116 -1.407821 -2.624198 -0.872131 0.000000 0.899877 1457
car -1 -1 nan 28241.000000 nan nan nan 1.520326 1.517008 3.578508 -1.885550 2.617960 -0.675805 0.000000 0.926996 1455
car -1 -1 nan 28229.000000 nan nan nan 1.203135 3.829120 1.588653 -27.256340 -7.188828 -1.441027 0.000000 0.963928 1445
car -1 -1 nan 28242.000000 nan nan nan 1.568102 1.651081 3.155177 -32.204557 2.385984 -1.359228 0.000000 0.837565 1440
bicyclist -1 -1 nan 28235.000000 nan nan nan 0.767588 0.793948 0.887788 38.312526 -4.578343 0.224140 0.000000 0.804680 397
bicycle -1 -1 nan 28234.000000 nan nan nan 0.925091 0.720260 1.107094 -11.736843 -4.944951 -1.470406 0.000000 0.859368 392
bicyclist -1 -1 nan 28247.000000 nan nan nan 1.491032 0.635635 1.515981 18.141869 -0.906945 -0.582491 0.000000 0.902661 374
