car -1 -1 nan 27539.000000 nan nan nan 0.260086 0.654986 0.359241 46.093057 -2.845604 -0.830392 0.000000 0.682690 1480
car -1 -1 nan 27559.000000 nan nan nan 0.761569 2.093912 1.395660 -47.499096 -4.197557 -1.237360 0.000000 0.861669 1473
car -1 -1 nan 27551.000000 nan nan nan 0.615378 0.699000 0.674354 40.689273 1.782326 -0.868758 0.000000 0.704523 1471
car -1 -1 nan 27556.000000 nan nan nan 0.903283 1.120517 2.223115 31.448627 2.099450 -0.850844 0.000000 0.805909 1465
car -1 -1 nan 27549.000000 nan nan nan 1.276756 1.686344 3.916890 25.892187 -2.581713 -0.772651 0.000000 0.890264 1457
car -1 -1 nan 27555.000000 nan nan nan 1.231429 1.681528 3.302190 25.333872 2.688577 -0.874529 0.000000 0.896258 1455
car -1 -1 nan 27546.000000 nan nan nan 1.376256 2.783671 1.886718 0.099082 -5.953329 -0.858781 0.000000 0.962017 1445
car -1 -1 nan 27538.000000 nan nan nan 1.763351 1.773286 3.681289 -4.781204 3.152730 -0.945760 0.000000 0.927292 1440
car -1 -1 nan 27542.000000 nan nan nan 1.404752 1.723166 3.970535 -24.991717 -1.403757 -1.313049 0.000000 0.880183 1427
car -1 -1 nan 27548.000000 nan nan nan 1.358318 1.848713 4.483660 -16.845208 3.843656 -1.350228 0.000000 0.943106 1414
car -1 -1 nan 27553.000000 nan nan nan 0.756008 0.375442 1.689306 -31.120595 -0.557174 -1.573091 0.000000 0.769236 1411
motorcycle -1 -1 nan 27543.000000 nan nan nan 0.958592 0.703264 0.526122 30.072287 4.898577 -0.936119 0.000000 0.707040 385
bicyclist -1 -1 nan 27554.000000 nan nan nan 1.410381 1.580417 0.924115 31.335023 -1.061249 -0.641051 0.000000 0.879729 374
