truck -1 -1 nan 27427.000000 nan nan nan 0.912501 2.160769 2.099887 -43.122692 -5.001320 -1.108254 0.000000 0.778543 1473
car -1 -1 nan 27402.000000 nan nan nan 0.656990 0.833008 1.399397 45.871392 2.664422 -0.881939 0.000000 0.814271 1471
other-vehicle -1 -1 nan 27374.000000 nan nan nan 0.750595 1.290821 1.284087 -49.555444 -4.013609 -0.829568 0.000000 0.730942 1462
car -1 -1 nan 27413.000000 nan nan nan 0.338671 0.429539 0.777824 35.797302 2.528747 -1.140485 0.000000 0.421519 1465
car -1 -1 nan 27405.000000 nan nan nan 1.278014 1.764547 4.648410 30.780337 -1.982565 -0.750582 0.000000 0.931290 1457
car -1 -1 nan 27417.000000 nan nan nan 1.320465 1.619701 3.370739 30.431749 3.250088 -0.895496 0.000000 0.883092 1455
car -1 -1 nan 27409.000000 nan nan nan 1.322722 4.082619 1.735479 5.299795 -6.399071 -0.725945 0.000000 0.954541 1445
car -1 -1 nan 27400.000000 nan nan nan 1.705502 1.977685 3.904853 0.051878 3.114068 -0.787669 0.000000 0.957597 1440
car -1 -1 nan 27404.000000 nan nan nan 1.339884 1.713428 4.170857 -19.687125 -1.836565 -1.214380 0.000000 0.874877 1427
car -1 -1 nan 27410.000000 nan nan nan 1.374051 1.837514 4.540226 -11.962979 3.610753 -1.293956 0.000000 0.943378 1414
car -1 -1 nan 27425.000000 nan nan nan 0.847244 0.616019 1.786310 -26.347640 -1.139834 -1.438134 0.000000 0.806049 1411
car -1 -1 nan 27419.000000 nan nan nan 1.180320 0.738059 0.819789 -42.744626 -1.130752 -1.544032 0.000000 0.451969 1384
motorcycle -1 -1 nan 27422.000000 nan nan nan 0.905969 1.513332 0.861691 34.897349 6.158464 -1.109984 0.000000 0.885532 385
motorcycle -1 -1 nan 27367.000000 nan nan nan 0.609339 0.402375 0.374901 -45.400232 -3.971194 -1.105250 0.000000 0.715382 382
bicyclist -1 -1 nan 27420.000000 nan nan nan 1.486026 0.588700 1.077637 33.781882 0.108361 -0.667865 0.000000 0.871649 374
