car -1 -1 nan 26849.000000 nan nan nan 0.548449 1.615770 0.591082 49.132416 6.315426 -0.461682 0.000000 0.771712 1455
other-vehicle -1 -1 nan 26864.000000 nan nan nan 0.337828 1.042542 0.322531 -33.806169 5.516346 -0.826849 0.000000 0.486717 1456
car -1 -1 nan 26858.000000 nan nan nan 0.857366 2.964898 1.687277 26.114482 -5.090772 -0.430049 0.000000 0.960183 1445
car -1 -1 nan 26851.000000 nan nan nan 1.690310 1.866419 3.451914 19.738313 3.707599 -0.403520 0.000000 0.944077 1440
car -1 -1 nan 26870.000000 nan nan nan 1.090918 1.704304 4.032843 -0.297759 -2.827215 -0.717977 0.000000 0.928653 1427
car -1 -1 nan 26854.000000 nan nan nan 1.485780 1.938450 4.727637 7.414577 2.754180 -0.762768 0.000000 0.921300 1414
car -1 -1 nan 26848.000000 nan nan nan 1.553373 1.676401 4.841625 -7.834577 -3.246497 -1.161662 0.000000 0.914194 1411
car -1 -1 nan 26857.000000 nan nan nan 0.452336 0.406399 1.370146 -19.270145 3.304653 -1.197446 0.000000 0.861732 1398
car -1 -1 nan 26853.000000 nan nan nan 1.237730 1.789397 3.796648 -23.056342 -4.627540 -1.538514 0.000000 0.958121 1384
car -1 -1 nan 26867.000000 nan nan nan 1.133567 1.416644 2.882836 -29.332472 -4.975278 -1.594499 0.000000 0.886330 1380
car -1 -1 nan 26872.000000 nan nan nan 1.082143 3.121595 1.568174 -31.690665 3.933193 -1.371347 0.000000 0.832541 1371
bicyclist -1 -1 nan 26866.000000 nan nan nan 1.135986 0.581541 0.792011 43.607362 2.528458 -0.210897 0.000000 0.873941 374
