car -1 -1 nan 27987.000000 nan nan nan 0.686336 0.681551 0.550584 44.002185 1.418783 -0.494049 0.000000 0.751733 1499
car -1 -1 nan 27981.000000 nan nan nan 0.895138 0.253833 1.696390 33.285294 1.375598 -0.627384 0.000000 0.723630 1496
car -1 -1 nan 28004.000000 nan nan nan 1.076720 0.569619 3.068473 32.762816 -2.417447 -0.500191 0.000000 0.777849 1492
car -1 -1 nan 27991.000000 nan nan nan 1.175132 1.721225 3.158855 28.173744 -3.131034 -0.424481 0.000000 0.934777 1480
car -1 -1 nan 27997.000000 nan nan nan 1.750329 1.845226 3.846730 22.911068 2.133976 -0.270996 0.000000 0.884691 1471
car -1 -1 nan 27988.000000 nan nan nan 1.355562 1.849231 3.582258 12.791550 2.365327 -0.724079 0.000000 0.923249 1465
car -1 -1 nan 27996.000000 nan nan nan 1.426106 1.677583 4.150216 6.713670 -2.598669 -0.852419 0.000000 0.955224 1457
car -1 -1 nan 28002.000000 nan nan nan 1.448396 1.683262 3.697933 6.243400 2.613993 -0.849263 0.000000 0.940099 1455
car -1 -1 nan 27986.000000 nan nan nan 1.290294 4.005888 1.834296 -18.882571 -6.733248 -1.340021 0.000000 0.942371 1445
car -1 -1 nan 27993.000000 nan nan nan 1.572489 1.770443 3.879961 -24.049021 2.928590 -1.301088 0.000000 0.921170 1440
car -1 -1 nan 27998.000000 nan nan nan 0.606765 1.536245 1.346608 -42.886377 -1.749973 -2.005780 0.000000 0.810951 1427
car -1 -1 nan 28009.000000 nan nan nan 1.308016 0.706119 1.840974 -35.355902 2.972955 -1.805114 0.000000 0.763442 1414
bicycle -1 -1 nan 27992.000000 nan nan nan 1.258643 3.829709 1.162592 -3.455793 -6.218990 -1.175661 0.000000 0.886419 392
motorcycle -1 -1 nan 27974.000000 nan nan nan 0.872946 1.480386 0.506150 9.787652 6.347399 -0.827248 0.000000 0.941045 385
bicyclist -1 -1 nan 28005.000000 nan nan nan 1.483065 0.658880 1.406462 21.947729 -0.990204 -0.460211 0.000000 0.906778 374
