car -1 -1 nan 28372.000000 nan nan nan 0.623942 0.839800 1.379101 -49.525800 4.783277 -1.081521 0.000000 0.580517 1526
car -1 -1 nan 28346.000000 nan nan nan 1.183244 2.060917 2.410144 26.272319 8.378289 0.446605 0.000000 0.828342 1521
car -1 -1 nan 28371.000000 nan nan nan 0.661191 1.375714 1.473981 42.096508 -2.054256 -0.485733 0.000000 0.614584 1514
car -1 -1 nan 28384.000000 nan nan nan 1.494869 1.420410 3.470928 15.973790 2.576123 -0.785087 0.000000 0.943705 1504
car -1 -1 nan 28380.000000 nan nan nan 1.392381 1.710989 1.917746 32.924260 3.064699 -0.560676 0.000000 0.886266 1499
car -1 -1 nan 28387.000000 nan nan nan 0.980110 0.600800 3.252363 20.908713 2.315039 -0.983029 0.000000 0.871507 1496
car -1 -1 nan 28375.000000 nan nan nan 1.229380 1.332242 3.467538 20.100447 -2.147925 -0.870160 0.000000 0.923916 1492
car -1 -1 nan 28389.000000 nan nan nan 1.337593 1.883903 3.488145 15.414077 -2.503608 -0.903168 0.000000 0.927080 1480
car -1 -1 nan 28378.000000 nan nan nan 1.729817 1.739146 4.050870 9.855083 2.553910 -0.678764 0.000000 0.954835 1471
car -1 -1 nan 28385.000000 nan nan nan 1.047749 1.366458 3.203247 0.033815 2.706560 -0.810265 0.000000 0.945060 1465
car -1 -1 nan 28370.000000 nan nan nan 1.423969 1.707722 4.380288 -5.562836 -2.599669 -1.118507 0.000000 0.941215 1457
car -1 -1 nan 28386.000000 nan nan nan 1.437329 1.752386 3.526233 -6.162906 2.534884 -1.093394 0.000000 0.948937 1455
car -1 -1 nan 28374.000000 nan nan nan 1.215155 3.910023 1.647018 -31.597961 -7.677403 -1.410254 0.000000 0.926890 1445
car -1 -1 nan 28377.000000 nan nan nan 1.511942 1.637558 3.156591 -36.882912 1.900465 -1.315128 0.000000 0.870032 1440
bicyclist -1 -1 nan 28393.000000 nan nan nan 1.482852 1.116928 1.436696 -40.930609 4.646762 -1.098466 0.000000 0.855077 400
motorcycle -1 -1 nan 28379.000000 nan nan nan 1.354921 1.681127 0.569086 -3.170893 6.048893 -1.132597 0.000000 0.876856 398
bicyclist -1 -1 nan 28382.000000 nan nan nan 1.032202 1.043224 0.792712 33.826047 -4.112460 -0.009539 0.000000 0.873210 397
bicycle -1 -1 nan 28317.000000 nan nan nan 0.577573 0.374876 0.862864 -16.199425 -4.996124 -1.694023 0.000000 0.624156 392
bicyclist -1 -1 nan 28394.000000 nan nan nan 1.604786 0.623593 1.309522 16.437331 -0.775457 -0.748687 0.000000 0.889257 374
