other-vehicle -1 -1 nan 27023.000000 nan nan nan 0.586074 2.085049 1.209309 -35.544860 -8.109416 -0.903128 0.000000 0.819809 1462
car -1 -1 nan 26981.000000 nan nan nan 0.821201 0.445866 1.954736 -25.430794 3.231297 -1.862124 0.000000 0.763875 1460
car -1 -1 nan 27025.000000 nan nan nan 0.993205 0.602407 1.091797 -37.758463 4.274794 -1.910619 0.000000 0.618425 1461
car -1 -1 nan 27021.000000 nan nan nan 0.938381 1.704934 1.390538 44.037766 1.512459 -0.167156 0.000000 0.764570 1457
car -1 -1 nan 27019.000000 nan nan nan 0.714861 1.633385 1.359143 43.338018 6.729162 -0.418365 0.000000 0.864743 1455
car -1 -1 nan 27007.000000 nan nan nan 0.984674 3.460464 1.671276 19.986404 -5.060814 -0.408386 0.000000 0.945626 1445
car -1 -1 nan 27016.000000 nan nan nan 1.669309 1.960321 3.958793 13.712296 3.827381 -0.540475 0.000000 0.946743 1440
car -1 -1 nan 27004.000000 nan nan nan 1.459473 1.734623 3.939100 -6.084078 -2.857165 -1.120412 0.000000 0.904855 1427
car -1 -1 nan 27012.000000 nan nan nan 1.366159 1.978311 4.851324 1.548784 3.084599 -0.958595 0.000000 0.963414 1414
car -1 -1 nan 27015.000000 nan nan nan 1.523667 1.703962 4.008455 -13.654550 -3.362058 -1.235213 0.000000 0.933784 1411
car -1 -1 nan 27011.000000 nan nan nan 1.222739 1.504463 3.366474 -29.063772 -4.760230 -1.654029 0.000000 0.921511 1384
car -1 -1 nan 27018.000000 nan nan nan 1.102285 0.287710 1.438682 -34.590412 -4.770450 -1.772535 0.000000 0.570401 1380
bicyclist -1 -1 nan 27013.000000 nan nan nan 1.281653 0.632632 0.935917 40.663637 3.297721 -0.156839 0.000000 0.904084 374
