car -1 -1 nan 26550.000000 nan nan nan 0.348376 0.566074 0.352935 39.103010 -5.309468 -0.781786 0.000000 0.681931 1446
car -1 -1 nan 26544.000000 nan nan nan 0.682230 1.955018 0.428106 40.577048 -6.814754 -0.161444 0.000000 0.819010 1445
car -1 -1 nan 26542.000000 nan nan nan 1.504800 1.441266 2.722837 35.086941 1.870597 -0.235368 0.000000 0.864101 1440
car -1 -1 nan 26545.000000 nan nan nan 1.420381 1.725706 3.852794 14.560610 -3.337689 -0.701405 0.000000 0.945049 1427
car -1 -1 nan 26549.000000 nan nan nan 1.318369 1.789962 4.224166 22.868114 2.167891 -0.613160 0.000000 0.930538 1414
car -1 -1 nan 26532.000000 nan nan nan 1.572528 1.721713 3.910508 7.262171 -3.128641 -0.802480 0.000000 0.931105 1411
car -1 -1 nan 26543.000000 nan nan nan 1.200214 1.264383 1.835023 -3.635850 4.944612 -0.992003 0.000000 0.763490 1398
car -1 -1 nan 26540.000000 nan nan nan 1.451041 1.808643 4.070791 -8.003938 -3.333571 -1.160713 0.000000 0.959872 1384
car -1 -1 nan 26546.000000 nan nan nan 1.393126 1.364806 3.612664 -14.081248 -3.276127 -1.266980 0.000000 0.944760 1380
car -1 -1 nan 26551.000000 nan nan nan 1.368313 4.259612 1.651957 -15.922948 6.366384 -1.129979 0.000000 0.953374 1371
