other-vehicle -1 -1 nan 26928.000000 nan nan nan 0.707271 0.942829 0.428102 -32.000491 -7.923735 -1.352836 0.000000 0.505160 1458
car -1 -1 nan 26940.000000 nan nan nan 0.716554 1.529005 1.141348 46.956598 1.540766 -0.573583 0.000000 0.835344 1457
car -1 -1 nan 26936.000000 nan nan nan 0.759486 1.713363 2.169794 46.847720 6.762509 -0.665580 0.000000 0.686332 1455
car -1 -1 nan 26924.000000 nan nan nan 0.879022 3.162457 3.055149 22.702075 -4.888401 -0.564644 0.000000 0.955987 1445
car -1 -1 nan 26929.000000 nan nan nan 1.662222 1.906441 3.746243 16.732545 3.896330 -0.596817 0.000000 0.964815 1440
car -1 -1 nan 26921.000000 nan nan nan 1.483047 1.642545 3.873705 -3.081784 -2.815478 -1.030782 0.000000 0.943551 1427
car -1 -1 nan 26930.000000 nan nan nan 1.453903 1.845081 4.797366 4.439434 3.047635 -0.927189 0.000000 0.963906 1414
car -1 -1 nan 26931.000000 nan nan nan 1.513141 1.739594 4.127161 -10.579655 -3.380542 -1.157428 0.000000 0.906141 1411
car -1 -1 nan 26905.000000 nan nan nan 0.456545 0.778696 0.335627 -21.343208 3.504482 0.020890 0.000000 0.396468 1398
car -1 -1 nan 26932.000000 nan nan nan 1.211732 1.533881 3.798150 -26.017998 -4.847520 -1.511656 0.000000 0.881546 1384
car -1 -1 nan 26938.000000 nan nan nan 1.215742 1.333175 1.340895 -31.777435 -5.246394 -1.533548 0.000000 0.738231 1380
car -1 -1 nan 26943.000000 nan nan nan 1.087625 2.867232 2.697080 -35.044868 3.375813 -1.197622 0.000000 0.783551 1371
bicyclist -1 -1 nan 26934.000000 nan nan nan 1.136406 0.578592 0.734200 42.133608 3.194091 -0.326498 0.000000 0.867218 374
