truck -1 -1 nan 27395.000000 nan nan nan 0.858080 2.246478 2.334409 -41.530382 -5.397682 -1.114053 0.000000 0.766763 1473
car -1 -1 nan 27375.000000 nan nan nan 0.425773 0.516460 0.543684 46.573894 3.093738 -1.010050 0.000000 0.697284 1471
other-vehicle -1 -1 nan 27374.000000 nan nan nan 0.750595 1.290821 1.284087 -48.600701 -4.368124 -0.786154 0.000000 0.730942 1462
car -1 -1 nan 27391.000000 nan nan nan 0.378955 0.626124 0.949588 36.909153 2.783169 -1.124960 0.000000 0.798109 1465
car -1 -1 nan 27379.000000 nan nan nan 1.218490 1.650918 2.096299 31.072128 -1.783123 -0.802706 0.000000 0.910171 1457
car -1 -1 nan 27390.000000 nan nan nan 1.328543 1.603925 3.338241 31.464368 3.481056 -0.886770 0.000000 0.841459 1455
car -1 -1 nan 27373.000000 nan nan nan 1.301474 4.060115 2.421519 6.363975 -6.325467 -0.711975 0.000000 0.963413 1445
car -1 -1 nan 27381.000000 nan nan nan 1.684631 1.896826 4.000810 1.034268 3.108514 -0.853956 0.000000 0.955191 1440
car -1 -1 nan 27376.000000 nan nan nan 1.366959 1.689971 4.273738 -18.733472 -1.980473 -1.208272 0.000000 0.874289 1427
car -1 -1 nan 27383.000000 nan nan nan 1.380683 1.844072 4.449017 -10.955542 3.513548 -1.260392 0.000000 0.934174 1414
car -1 -1 nan 27386.000000 nan nan nan 1.324188 0.765000 3.914757 -25.875624 -1.372654 -1.191454 0.000000 0.792237 1411
car -1 -1 nan 27350.000000 nan nan nan 1.018224 0.684981 1.144917 -41.351519 -1.398501 -1.715494 0.000000 0.727789 1384
bicycle -1 -1 nan 27393.000000 nan nan nan 0.998307 0.880868 1.688610 37.013875 5.584950 -1.040960 0.000000 0.816738 385
motorcycle -1 -1 nan 27367.000000 nan nan nan 0.609339 0.402375 0.374901 -44.324471 -4.290044 -1.045046 0.000000 0.715382 382
bicyclist -1 -1 nan 27392.000000 nan nan nan 1.340133 0.603734 1.299928 34.316343 0.382699 -0.705715 0.000000 0.797228 374
