other-vehicle -1 -1 nan 27074.000000 nan nan nan 0.618037 1.919740 1.093681 -38.533748 -7.526196 -0.307269 0.000000 0.837746 1462
car -1 -1 nan 27068.000000 nan nan nan 0.641184 0.259431 1.695615 -28.116353 3.389574 -1.109031 0.000000 0.758891 1460
car -1 -1 nan 27102.000000 nan nan nan 0.670099 1.419380 1.131385 -40.897217 3.939725 -1.228810 0.000000 0.790549 1461
car -1 -1 nan 27098.000000 nan nan nan 1.161035 1.754060 1.802417 41.353082 0.908173 -0.621552 0.000000 0.859354 1457
car -1 -1 nan 27104.000000 nan nan nan 0.837050 1.663889 1.408660 40.392024 6.136876 -1.034882 0.000000 0.793673 1455
car -1 -1 nan 27088.000000 nan nan nan 1.089002 3.874926 2.995712 16.509145 -5.530234 -0.583761 0.000000 0.940761 1445
car -1 -1 nan 27096.000000 nan nan nan 1.717244 1.914965 3.927809 10.776556 3.647041 -0.752556 0.000000 0.940873 1440
car -1 -1 nan 27099.000000 nan nan nan 1.422369 1.673541 4.083064 -9.173285 -2.819498 -1.046504 0.000000 0.927941 1427
car -1 -1 nan 27093.000000 nan nan nan 1.439664 1.920877 4.697580 -1.279904 3.055177 -0.764692 0.000000 0.929481 1414
car -1 -1 nan 27091.000000 nan nan nan 1.462750 1.597531 3.704249 -16.561593 -3.153295 -1.109704 0.000000 0.905165 1411
car -1 -1 nan 27103.000000 nan nan nan 1.214421 1.330866 3.353275 -32.064886 -4.309469 -1.317868 0.000000 0.922487 1384
car -1 -1 nan 27101.000000 nan nan nan 1.253297 0.818308 1.223824 -37.708879 -4.440019 -1.457131 0.000000 0.631128 1380
bicyclist -1 -1 nan 27106.000000 nan nan nan 1.325988 0.563986 0.806993 39.160645 2.919461 -0.672517 0.000000 0.907866 374
