other-vehicle -1 -1 nan 29845.000000 nan nan nan 0.808909 2.141037 1.387470 -4.865640 11.211664 -1.058508 0.000000 0.484251 1562
other-vehicle -1 -1 nan 29857.000000 nan nan nan 0.434739 1.252250 1.118867 -9.322486 -7.351215 -1.257373 0.000000 0.604546 1559
car -1 -1 nan 29861.000000 nan nan nan 1.283566 3.712945 1.907414 -3.696578 -10.089581 -0.991403 0.000000 0.943938 1549
car -1 -1 nan 29840.000000 nan nan nan 1.598250 1.698709 4.063274 13.060458 2.730138 -0.591218 0.000000 0.952888 1541
car -1 -1 nan 29852.000000 nan nan nan 1.273817 3.575717 1.734660 -4.779212 6.429618 -0.967273 0.000000 0.953165 1543
car -1 -1 nan 29851.000000 nan nan nan 1.750116 2.256789 4.442303 4.977818 2.726013 -0.752173 0.000000 0.954066 1529
car -1 -1 nan 29858.000000 nan nan nan 1.931826 2.805515 2.476493 -6.991505 8.035491 -0.425518 0.000000 0.471374 1521
car -1 -1 nan 29850.000000 nan nan nan 1.410975 1.796633 3.873765 9.736529 -2.434924 -0.725156 0.000000 0.949106 1514
car -1 -1 nan 29853.000000 nan nan nan 1.505158 1.645873 3.322791 -16.727476 2.852832 -1.178850 0.000000 0.888507 1504
car -1 -1 nan 29842.000000 nan nan nan 1.437946 1.606438 4.320919 -0.310372 2.817141 -0.494144 0.000000 0.938638 1499
car -1 -1 nan 29837.000000 nan nan nan 1.303185 1.740094 3.446979 -11.841976 2.812654 -1.229626 0.000000 0.924177 1496
car -1 -1 nan 29856.000000 nan nan nan 1.325759 1.634813 3.908754 -12.759833 -2.334617 -1.199293 0.000000 0.956666 1492
car -1 -1 nan 29855.000000 nan nan nan 1.267167 1.340846 2.998180 -17.337872 -2.218976 -1.253720 0.000000 0.914842 1480
car -1 -1 nan 29843.000000 nan nan nan 1.577833 1.438107 3.707924 -22.701861 2.556283 -1.136483 0.000000 0.912550 1471
car -1 -1 nan 29848.000000 nan nan nan 0.933184 0.404521 0.954075 -32.100388 2.447022 -1.724672 0.000000 0.658383 1465
car -1 -1 nan 29854.000000 nan nan nan 1.245463 1.656898 2.824032 -37.692705 -2.363190 -1.756272 0.000000 0.865470 1457
car -1 -1 nan 29860.000000 nan nan nan 1.018298 1.045262 1.070018 -38.493624 2.689565 -1.597110 0.000000 0.786591 1455
motorcycle -1 -1 nan 29834.000000 nan nan nan 0.832838 1.010709 0.452033 -1.370322 -13.709871 -1.048830 0.000000 0.677352 409
bicyclist -1 -1 nan 29859.000000 nan nan nan 1.637612 0.637663 1.582335 10.584631 -0.614247 -0.601737 0.000000 0.917811 374
