truck -1 -1 nan 30681.000000 nan nan nan 0.669028 1.092899 1.224633 40.258454 -11.205173 1.270089 0.000000 0.746621 1584
car -1 -1 nan 30679.000000 nan nan nan 0.753914 1.484239 0.368985 46.092908 5.125384 0.022408 0.000000 0.835114 1578
car -1 -1 nan 30670.000000 nan nan nan 1.203647 3.535420 1.658624 18.753639 16.916889 -0.730979 0.000000 0.955939 1574
car -1 -1 nan 30664.000000 nan nan nan 1.337478 3.730432 1.620579 18.854231 10.465392 -0.610553 0.000000 0.930825 1567
car -1 -1 nan 30652.000000 nan nan nan 1.555956 1.714667 4.014311 -2.162018 2.752570 -0.744035 0.000000 0.951522 1541
car -1 -1 nan 30671.000000 nan nan nan 1.762563 1.955253 4.081128 -10.061554 2.434653 -1.200316 0.000000 0.945381 1529
car -1 -1 nan 30669.000000 nan nan nan 1.424801 1.754843 3.937546 -5.242020 -2.533503 -1.164926 0.000000 0.945273 1514
car -1 -1 nan 30663.000000 nan nan nan 1.328718 1.341852 3.144229 -32.169545 1.983261 -1.703467 0.000000 0.909641 1504
car -1 -1 nan 30661.000000 nan nan nan 1.861310 1.590318 4.441986 -15.643137 2.272069 -1.301779 0.000000 0.946378 1499
car -1 -1 nan 30675.000000 nan nan nan 1.044011 1.340512 3.711839 -27.698232 1.987073 -1.895978 0.000000 0.927540 1496
car -1 -1 nan 30673.000000 nan nan nan 1.239300 1.491603 3.176552 -28.037545 -2.933526 -1.830549 0.000000 0.896062 1492
car -1 -1 nan 30678.000000 nan nan nan 0.830803 0.318236 2.116495 -32.242824 -2.523454 -1.816221 0.000000 0.792017 1480
car -1 -1 nan 30683.000000 nan nan nan 1.233150 1.267977 1.273543 -37.132985 1.652120 -1.806349 0.000000 0.825801 1471
bicyclist -1 -1 nan 30662.000000 nan nan nan 1.653689 0.663848 1.481514 9.882519 -2.175369 -0.673935 0.000000 0.925547 374
