car -1 -1 nan 28573.000000 nan nan nan 0.419400 0.953384 1.061587 -38.676284 -5.723246 -1.964571 0.000000 0.801665 1533
car -1 -1 nan 28563.000000 nan nan nan 0.791819 1.326091 1.269290 32.967033 -4.334983 -0.184803 0.000000 0.732440 1531
car -1 -1 nan 28527.000000 nan nan nan 0.376888 0.506567 0.483194 22.084103 -6.471720 0.215823 0.000000 0.608438 1528
car -1 -1 nan 28567.000000 nan nan nan 1.585789 0.708394 3.494566 33.360209 2.735522 -0.472614 0.000000 0.848554 1529
car -1 -1 nan 28564.000000 nan nan nan 0.801174 1.436140 1.499110 21.438571 8.120896 0.448144 0.000000 0.608642 1521
car -1 -1 nan 28569.000000 nan nan nan 1.087771 1.594826 3.520643 38.034184 -1.748547 -0.377101 0.000000 0.921942 1514
car -1 -1 nan 28554.000000 nan nan nan 1.515593 1.645690 3.766359 10.768366 2.758367 -0.770291 0.000000 0.935575 1504
car -1 -1 nan 28559.000000 nan nan nan 1.641830 1.762117 3.985235 27.505112 3.184896 -0.517025 0.000000 0.906537 1499
car -1 -1 nan 28572.000000 nan nan nan 1.080123 0.881566 3.469058 15.882182 2.541547 -0.928168 0.000000 0.947970 1496
car -1 -1 nan 28565.000000 nan nan nan 1.286910 1.409803 3.738607 15.099306 -2.075973 -0.853013 0.000000 0.939333 1492
car -1 -1 nan 28571.000000 nan nan nan 1.351275 1.957589 3.539891 10.376842 -2.492937 -0.905144 0.000000 0.953202 1480
car -1 -1 nan 28566.000000 nan nan nan 1.804211 1.793979 4.171688 4.852551 2.569749 -0.706323 0.000000 0.945826 1471
car -1 -1 nan 28568.000000 nan nan nan 1.359011 2.039302 3.593946 -5.062732 2.481828 -1.070338 0.000000 0.923039 1465
car -1 -1 nan 28570.000000 nan nan nan 1.388953 1.717624 4.323104 -10.489509 -2.697742 -1.222452 0.000000 0.939551 1457
car -1 -1 nan 28557.000000 nan nan nan 1.385077 1.973174 3.532707 -11.215313 2.536701 -1.219060 0.000000 0.947521 1455
car -1 -1 nan 28574.000000 nan nan nan 1.022908 2.793499 1.245735 -36.495032 -7.316822 -1.612924 0.000000 0.870449 1445
car -1 -1 nan 28576.000000 nan nan nan 1.368717 1.459955 0.835994 -40.685465 1.658124 -1.539621 0.000000 0.812719 1440
bicyclist -1 -1 nan 28486.000000 nan nan nan 1.386414 0.940637 0.736317 -45.879485 4.336107 -1.650130 0.000000 0.858870 400
motorcycle -1 -1 nan 28471.000000 nan nan nan 0.666934 1.395435 0.513281 -8.362995 6.377512 -0.789939 0.000000 0.893278 398
bicyclist -1 -1 nan 28575.000000 nan nan nan 1.595747 0.651986 1.333747 14.557485 -0.745953 -0.700435 0.000000 0.872304 374
