car -1 -1 nan 30412.000000 nan nan nan 0.496352 0.344726 1.998490 47.571569 -12.561565 1.271287 0.000000 0.499092 1575
car -1 -1 nan 30429.000000 nan nan nan 1.104246 2.320171 1.534299 23.075137 16.030653 -0.830489 0.000000 0.872585 1574
car -1 -1 nan 30416.000000 nan nan nan 0.148697 0.420220 0.967928 -16.045618 5.868197 -0.579229 0.000000 0.763092 1573
car -1 -1 nan 30413.000000 nan nan nan 1.310426 3.711511 1.526513 23.209873 10.302432 -0.821384 0.000000 0.930762 1567
car -1 -1 nan 30423.000000 nan nan nan 0.554053 0.739199 1.591570 -15.079554 -8.951573 -0.947607 0.000000 0.857993 1549
car -1 -1 nan 30418.000000 nan nan nan 1.635679 2.217101 4.153338 1.904138 3.010964 -0.868955 0.000000 0.947062 1541
car -1 -1 nan 30426.000000 nan nan nan 1.762106 1.908754 4.155553 -5.790272 2.516516 -0.951246 0.000000 0.941042 1529
car -1 -1 nan 30428.000000 nan nan nan 1.090664 1.493450 3.826499 -1.143799 -2.597630 -0.818511 0.000000 0.953025 1514
car -1 -1 nan 30424.000000 nan nan nan 1.362212 1.504799 1.723626 -27.684805 2.437441 -1.193682 0.000000 0.801232 1504
car -1 -1 nan 30431.000000 nan nan nan 1.777326 1.615016 4.527391 -11.431338 2.458415 -0.973990 0.000000 0.935897 1499
car -1 -1 nan 30434.000000 nan nan nan 1.054382 1.594644 3.740195 -23.173235 2.440685 -1.367527 0.000000 0.922566 1496
car -1 -1 nan 30430.000000 nan nan nan 1.204616 1.582278 3.186633 -23.776135 -2.664147 -1.391019 0.000000 0.949963 1492
car -1 -1 nan 30433.000000 nan nan nan 1.093421 1.262952 3.294722 -28.520911 -2.603995 -1.353118 0.000000 0.926287 1480
car -1 -1 nan 30432.000000 nan nan nan 1.580709 0.770665 3.105063 -33.675886 1.800202 -1.203307 0.000000 0.757662 1471
car -1 -1 nan 30414.000000 nan nan nan 0.781346 1.392289 0.538718 -48.645858 -2.892871 -1.741316 0.000000 0.639431 1457
person -1 -1 nan 30377.000000 nan nan nan 0.521440 0.769583 0.590056 46.101816 -10.274582 0.545775 0.000000 0.799391 313
person -1 -1 nan 30347.000000 nan nan nan 0.916824 0.491163 0.345967 41.052212 -11.339816 0.575848 0.000000 0.849532 314
bicyclist -1 -1 nan 30425.000000 nan nan nan 1.686235 0.636430 1.534447 10.155744 -1.485743 -0.904997 0.000000 0.924545 374
