car -1 -1 nan 28780.000000 nan nan nan 0.480059 1.063218 1.774887 -44.439707 -5.630795 -2.547906 0.000000 0.707906 1533
car -1 -1 nan 28765.000000 nan nan nan 1.548238 0.792785 3.349135 27.840062 2.506281 -0.263184 0.000000 0.856118 1529
car -1 -1 nan 28760.000000 nan nan nan 0.864331 2.319500 2.106759 15.712272 8.211661 0.398574 0.000000 0.706406 1521
car -1 -1 nan 28785.000000 nan nan nan 1.100961 1.642126 3.068745 32.641881 -1.904624 -0.224072 0.000000 0.907897 1514
car -1 -1 nan 28774.000000 nan nan nan 1.628483 1.621783 3.925500 5.391612 2.719898 -0.796775 0.000000 0.951662 1504
car -1 -1 nan 28771.000000 nan nan nan 1.701895 1.944276 4.122101 22.154190 3.057441 -0.390220 0.000000 0.901665 1499
car -1 -1 nan 28767.000000 nan nan nan 1.205849 1.569876 3.629172 10.446255 2.820342 -0.887648 0.000000 0.918203 1496
car -1 -1 nan 28781.000000 nan nan nan 1.338734 1.875978 3.884181 10.057455 -2.315921 -0.841533 0.000000 0.941202 1492
car -1 -1 nan 28762.000000 nan nan nan 1.406576 1.893780 3.530869 5.051415 -2.494861 -0.924924 0.000000 0.930215 1480
car -1 -1 nan 28768.000000 nan nan nan 1.234499 1.388490 3.786463 -0.298700 2.695966 -0.490093 0.000000 0.929340 1471
car -1 -1 nan 28757.000000 nan nan nan 1.385551 1.980213 3.955994 -10.348039 2.457427 -1.284937 0.000000 0.904924 1465
car -1 -1 nan 28766.000000 nan nan nan 1.366017 1.734154 4.013305 -15.818024 -2.694848 -1.463729 0.000000 0.925099 1457
car -1 -1 nan 28777.000000 nan nan nan 1.432316 1.509750 3.357579 -16.578156 2.383705 -1.509778 0.000000 0.915658 1455
car -1 -1 nan 28763.000000 nan nan nan 0.650878 1.847439 1.221912 -41.764437 -6.897341 -1.821568 0.000000 0.816067 1445
car -1 -1 nan 28775.000000 nan nan nan 1.519847 1.486421 1.105882 -46.305641 1.793018 -2.035117 0.000000 0.810416 1440
bicycle -1 -1 nan 28720.000000 nan nan nan 0.492571 0.795400 0.650382 -23.945779 6.967023 -1.607039 0.000000 0.812937 404
motorcycle -1 -1 nan 28772.000000 nan nan nan 1.074995 1.665227 0.525167 -8.115501 7.160632 -1.351959 0.000000 0.904254 402
motorcycle -1 -1 nan 28773.000000 nan nan nan 1.201195 1.298400 0.625112 -13.625749 5.997277 -1.526968 0.000000 0.887015 398
bicyclist -1 -1 nan 28784.000000 nan nan nan 1.592883 0.665418 1.565405 12.974786 -0.833899 -0.606226 0.000000 0.875846 374
