car -1 -1 nan 30017.000000 nan nan nan 0.208204 1.381549 0.524326 -11.175012 -6.143040 -1.625285 0.000000 0.885089 1566
car -1 -1 nan 30059.000000 nan nan nan 1.013302 3.030901 1.684259 -7.895799 -10.004760 -0.998390 0.000000 0.939881 1549
car -1 -1 nan 30055.000000 nan nan nan 1.591172 1.882984 4.040516 9.027294 2.720164 -0.746935 0.000000 0.964545 1541
car -1 -1 nan 30049.000000 nan nan nan 1.381426 1.706868 4.392304 1.090285 2.615587 -0.673645 0.000000 0.963942 1529
car -1 -1 nan 30050.000000 nan nan nan 1.412924 1.738055 3.742286 5.694289 -2.484030 -0.914478 0.000000 0.947266 1514
car -1 -1 nan 30052.000000 nan nan nan 1.426950 1.579574 2.956029 -20.740963 2.899741 -1.020843 0.000000 0.931492 1504
car -1 -1 nan 30037.000000 nan nan nan 1.710471 1.859525 4.523547 -4.172562 2.626776 -0.801472 0.000000 0.962784 1499
car -1 -1 nan 30047.000000 nan nan nan 1.065159 1.789033 3.403762 -15.914012 2.920223 -1.206641 0.000000 0.916029 1496
car -1 -1 nan 30044.000000 nan nan nan 1.240125 1.655558 4.145338 -16.793271 -2.274000 -1.138506 0.000000 0.944912 1492
car -1 -1 nan 30054.000000 nan nan nan 1.209971 1.325086 2.977906 -21.368432 -2.141684 -1.166315 0.000000 0.933196 1480
car -1 -1 nan 30060.000000 nan nan nan 1.579343 1.385917 3.462251 -26.782343 2.677960 -0.925573 0.000000 0.821618 1471
car -1 -1 nan 30038.000000 nan nan nan 0.985143 1.687027 1.490851 -41.956959 -2.048269 -1.518053 0.000000 0.807578 1457
car -1 -1 nan 30053.000000 nan nan nan 0.834486 0.249194 0.656680 -42.436334 2.602643 -1.333512 0.000000 0.711689 1455
bicycle -1 -1 nan 30026.000000 nan nan nan 0.716035 1.056568 0.282949 -18.760231 7.629907 -0.987974 0.000000 0.867815 415
bicyclist -1 -1 nan 30042.000000 nan nan nan 1.650814 0.629745 1.485499 10.475933 -0.840660 -0.755162 0.000000 0.906062 374
