car -1 -1 nan 28601.000000 nan nan nan 0.385860 0.619677 0.421614 -39.351072 -5.591677 -1.972740 0.000000 0.726335 1533
car -1 -1 nan 28563.000000 nan nan nan 0.791819 1.326091 1.269290 32.092118 -4.337695 -0.232445 0.000000 0.732440 1531
car -1 -1 nan 28586.000000 nan nan nan 1.433979 0.990227 2.319967 32.242131 2.805988 -0.437135 0.000000 0.827081 1529
car -1 -1 nan 28581.000000 nan nan nan 1.328986 1.978382 2.339203 20.420439 8.115059 0.321195 0.000000 0.765966 1521
car -1 -1 nan 28599.000000 nan nan nan 1.066676 1.673834 3.315643 37.403245 -1.751843 -0.386855 0.000000 0.843130 1514
car -1 -1 nan 28585.000000 nan nan nan 1.539515 1.639596 3.901711 9.954424 2.798170 -0.787810 0.000000 0.952936 1504
car -1 -1 nan 28593.000000 nan nan nan 1.599975 1.837192 4.017528 26.724543 3.185302 -0.514050 0.000000 0.934805 1499
car -1 -1 nan 28597.000000 nan nan nan 1.132183 0.982759 3.362701 15.077206 2.584202 -0.952185 0.000000 0.926855 1496
car -1 -1 nan 28590.000000 nan nan nan 1.302931 1.445738 3.646635 14.305673 -2.088303 -0.890045 0.000000 0.911489 1492
car -1 -1 nan 28596.000000 nan nan nan 1.344038 1.879176 3.536110 9.597345 -2.471463 -0.919279 0.000000 0.951542 1480
car -1 -1 nan 28592.000000 nan nan nan 1.761818 1.835933 4.209839 4.058905 2.551904 -0.718153 0.000000 0.915522 1471
car -1 -1 nan 28578.000000 nan nan nan 1.406745 2.017924 3.613007 -5.847567 2.463888 -1.093161 0.000000 0.928787 1465
car -1 -1 nan 28587.000000 nan nan nan 1.343073 1.717135 4.171521 -11.290554 -2.707701 -1.226296 0.000000 0.934939 1457
car -1 -1 nan 28595.000000 nan nan nan 1.371526 1.751864 3.628934 -12.009369 2.497319 -1.212913 0.000000 0.955722 1455
car -1 -1 nan 28582.000000 nan nan nan 1.049875 2.639502 1.268516 -37.259907 -7.263407 -1.568099 0.000000 0.914585 1445
car -1 -1 nan 28591.000000 nan nan nan 1.382383 1.544504 0.998506 -41.466165 1.656949 -1.555951 0.000000 0.818089 1440
motorcycle -1 -1 nan 28594.000000 nan nan nan 1.205441 1.654871 0.519052 -3.536477 7.059016 -1.183199 0.000000 0.911906 402
bicyclist -1 -1 nan 28580.000000 nan nan nan 0.659005 0.518364 0.340390 -43.549056 7.007029 -1.281345 0.000000 0.751051 400
motorcycle -1 -1 nan 28598.000000 nan nan nan 0.297346 0.514635 0.482500 -8.986724 5.908592 -0.867363 0.000000 0.717399 398
bicyclist -1 -1 nan 28604.000000 nan nan nan 1.620867 0.645597 1.234315 14.241488 -0.756893 -0.707589 0.000000 0.887681 374
