car -1 -1 nan 28516.000000 nan nan nan 1.075306 1.177416 1.384677 39.652307 -3.973856 0.284219 0.000000 0.718780 1532
car -1 -1 nan 28505.000000 nan nan nan 0.599379 1.329496 0.997967 -37.184653 -5.905102 -2.005852 0.000000 0.773100 1533
car -1 -1 nan 28499.000000 nan nan nan 0.659012 1.338222 0.664894 34.684624 -4.334238 -0.048805 0.000000 0.772824 1531
car -1 -1 nan 28519.000000 nan nan nan 1.193796 2.331024 2.543479 22.915539 -7.252134 -0.129774 0.000000 0.837957 1528
car -1 -1 nan 28517.000000 nan nan nan 1.406707 0.497795 3.062323 34.729810 2.474914 -0.383569 0.000000 0.723792 1529
car -1 -1 nan 28501.000000 nan nan nan 1.167190 1.681915 2.258324 22.711274 8.280354 0.451880 0.000000 0.825825 1521
car -1 -1 nan 28511.000000 nan nan nan 0.856056 1.555574 1.531699 38.857504 -1.820171 -0.282744 0.000000 0.783364 1514
car -1 -1 nan 28504.000000 nan nan nan 1.540849 1.609169 3.619100 12.459084 2.753498 -0.751335 0.000000 0.947157 1504
car -1 -1 nan 28497.000000 nan nan nan 1.552826 1.785177 3.869802 29.085375 3.119243 -0.454858 0.000000 0.921299 1499
car -1 -1 nan 28510.000000 nan nan nan 1.061497 0.791890 3.106024 17.459790 2.469512 -0.894986 0.000000 0.932863 1496
car -1 -1 nan 28494.000000 nan nan nan 1.206400 1.362776 3.640996 16.710720 -2.083806 -0.819066 0.000000 0.915670 1492
car -1 -1 nan 28507.000000 nan nan nan 1.348084 1.868656 3.489514 11.970922 -2.466483 -0.874455 0.000000 0.936723 1480
car -1 -1 nan 28500.000000 nan nan nan 1.804297 1.725114 4.243808 6.465391 2.570679 -0.673619 0.000000 0.924977 1471
car -1 -1 nan 28509.000000 nan nan nan 1.443126 1.714363 3.537409 -3.465205 2.551811 -1.039371 0.000000 0.918112 1465
car -1 -1 nan 28491.000000 nan nan nan 1.405710 1.741590 4.293829 -8.949010 -2.670110 -1.202917 0.000000 0.940197 1457
car -1 -1 nan 28508.000000 nan nan nan 1.387642 1.812241 3.510181 -9.563689 2.537490 -1.203887 0.000000 0.927303 1455
car -1 -1 nan 28513.000000 nan nan nan 0.994825 2.977334 1.602777 -34.976589 -7.452694 -1.680218 0.000000 0.897516 1445
car -1 -1 nan 28493.000000 nan nan nan 1.508521 1.596948 1.157289 -39.122952 1.691067 -1.548863 0.000000 0.866508 1440
bicyclist -1 -1 nan 28486.000000 nan nan nan 1.386414 0.940637 0.736317 -44.147059 4.448578 -1.486891 0.000000 0.858870 400
motorcycle -1 -1 nan 28471.000000 nan nan nan 0.666934 1.395435 0.513281 -6.626687 6.265243 -0.903077 0.000000 0.893278 398
bicyclist -1 -1 nan 28515.000000 nan nan nan 1.606137 0.634489 1.355466 15.136882 -0.728728 -0.707852 0.000000 0.864586 374
