car -1 -1 nan 28632.000000 nan nan nan 0.385071 0.914117 1.302966 -40.334482 -5.669456 -1.993078 0.000000 0.778496 1533
car -1 -1 nan 28614.000000 nan nan nan 0.205364 0.268549 0.387730 31.307223 -3.910049 -0.294568 0.000000 0.750060 1531
car -1 -1 nan 28620.000000 nan nan nan 1.511565 0.843410 3.154674 31.514893 2.803832 -0.451777 0.000000 0.830804 1529
car -1 -1 nan 28610.000000 nan nan nan 0.703828 1.866193 1.063438 19.878338 8.071710 0.275385 0.000000 0.612135 1521
car -1 -1 nan 28622.000000 nan nan nan 1.045550 1.795732 3.308350 36.686614 -1.786717 -0.383816 0.000000 0.932763 1514
car -1 -1 nan 28613.000000 nan nan nan 1.542223 1.608702 3.726505 9.190315 2.821311 -0.812084 0.000000 0.863399 1504
car -1 -1 nan 28615.000000 nan nan nan 1.553311 1.943176 4.061611 25.924878 3.152955 -0.497338 0.000000 0.927579 1499
car -1 -1 nan 28626.000000 nan nan nan 1.144683 1.063537 3.304760 14.276997 2.623012 -0.957616 0.000000 0.944177 1496
car -1 -1 nan 28617.000000 nan nan nan 1.307752 1.428469 3.648928 13.511207 -2.102104 -0.901321 0.000000 0.928806 1492
car -1 -1 nan 28625.000000 nan nan nan 1.347994 1.867843 3.582264 8.816770 -2.463202 -0.934590 0.000000 0.944708 1480
car -1 -1 nan 28619.000000 nan nan nan 1.784673 1.751301 4.255567 3.294772 2.551622 -0.732052 0.000000 0.892435 1471
car -1 -1 nan 28606.000000 nan nan nan 1.394271 2.093948 3.747277 -6.649283 2.475143 -1.106823 0.000000 0.927250 1465
car -1 -1 nan 28616.000000 nan nan nan 1.306689 1.717204 4.349691 -12.114704 -2.712575 -1.236115 0.000000 0.933202 1457
car -1 -1 nan 28623.000000 nan nan nan 1.363987 1.727984 3.415639 -12.797575 2.471811 -1.228179 0.000000 0.929194 1455
car -1 -1 nan 28612.000000 nan nan nan 0.877167 2.498746 1.095466 -37.996499 -7.177441 -1.619565 0.000000 0.822603 1445
car -1 -1 nan 28618.000000 nan nan nan 1.408295 1.459758 0.874280 -42.287755 1.650370 -1.596657 0.000000 0.686563 1440
motorcycle -1 -1 nan 28624.000000 nan nan nan 1.184814 1.700056 0.501175 -4.346424 7.103292 -1.208463 0.000000 0.914927 402
bicyclist -1 -1 nan 28580.000000 nan nan nan 0.659005 0.518364 0.340390 -43.689327 7.570118 -1.260680 0.000000 0.751051 400
motorcycle -1 -1 nan 28627.000000 nan nan nan 0.780449 1.318759 0.372610 -9.804753 6.118081 -1.145378 0.000000 0.870939 398
bicyclist -1 -1 nan 28633.000000 nan nan nan 1.630076 0.652330 1.346290 14.033120 -0.763010 -0.712971 0.000000 0.865001 374
