car -1 -1 nan 30412.000000 nan nan nan 0.496352 0.344726 1.998490 46.408480 -11.148898 1.040287 0.000000 0.499092 1575
car -1 -1 nan 30387.000000 nan nan nan 0.728882 1.859106 1.284995 23.607620 15.772764 -0.921481 0.000000 0.811909 1574
car -1 -1 nan 30399.000000 nan nan nan 0.212981 0.426343 1.053666 -15.553746 6.001964 -0.541559 0.000000 0.806547 1573
car -1 -1 nan 30401.000000 nan nan nan 1.323522 3.765102 1.505926 23.745166 10.274231 -0.842522 0.000000 0.923613 1567
car -1 -1 nan 30390.000000 nan nan nan 0.562684 0.766171 1.444950 -14.532876 -8.935034 -0.930485 0.000000 0.850664 1549
car -1 -1 nan 30382.000000 nan nan nan 1.631593 2.172938 4.093115 2.393499 2.897324 -0.856657 0.000000 0.943080 1541
car -1 -1 nan 30400.000000 nan nan nan 1.704384 1.760660 4.180584 -5.284394 2.534869 -0.908475 0.000000 0.962025 1529
car -1 -1 nan 30398.000000 nan nan nan 0.938034 1.292640 3.660851 -0.617754 -2.672968 -0.753539 0.000000 0.954102 1514
car -1 -1 nan 30404.000000 nan nan nan 1.336265 1.426125 3.052600 -27.548982 2.406189 -1.120528 0.000000 0.877323 1504
car -1 -1 nan 30391.000000 nan nan nan 1.792571 1.684759 4.423930 -10.919029 2.457695 -0.957103 0.000000 0.939546 1499
car -1 -1 nan 30386.000000 nan nan nan 1.059598 1.611289 3.357160 -22.678436 2.493124 -1.328102 0.000000 0.893670 1496
car -1 -1 nan 30406.000000 nan nan nan 1.302000 1.602281 3.174901 -23.289536 -2.644523 -1.326425 0.000000 0.940322 1492
car -1 -1 nan 30397.000000 nan nan nan 1.204631 1.079795 3.244713 -28.026878 -2.588041 -1.284114 0.000000 0.893850 1480
car -1 -1 nan 30392.000000 nan nan nan 1.403465 0.670334 2.657821 -32.798071 1.881750 -1.220704 0.000000 0.780965 1471
car -1 -1 nan 30383.000000 nan nan nan 0.794342 1.533641 0.666048 -48.157704 -2.836799 -1.719832 0.000000 0.851619 1457
person -1 -1 nan 30377.000000 nan nan nan 0.521440 0.769583 0.590056 45.487259 -11.003437 0.483162 0.000000 0.799391 313
person -1 -1 nan 30347.000000 nan nan nan 0.916824 0.491163 0.345967 41.550087 -11.394923 0.521905 0.000000 0.849532 314
bicyclist -1 -1 nan 30393.000000 nan nan nan 1.677892 0.650633 1.454098 10.240977 -1.414975 -0.896232 0.000000 0.918571 374
