car -1 -1 nan 29759.000000 nan nan nan 0.463047 0.415378 1.027390 44.780438 4.506149 -0.093558 0.000000 0.739958 1563
other-vehicle -1 -1 nan 29779.000000 nan nan nan 0.983495 2.289031 1.675425 -3.331186 11.590629 -1.119653 0.000000 0.923022 1562
other-vehicle -1 -1 nan 29763.000000 nan nan nan 0.555836 1.419574 1.097562 -7.752202 -7.315041 -1.236806 0.000000 0.451494 1559
car -1 -1 nan 29778.000000 nan nan nan 1.320157 3.446683 1.599655 -2.193584 -9.905242 -0.946224 0.000000 0.950845 1549
car -1 -1 nan 29772.000000 nan nan nan 1.549717 1.687316 3.858739 14.671556 2.819865 -0.514859 0.000000 0.927991 1541
car -1 -1 nan 29771.000000 nan nan nan 1.350696 3.640383 1.976439 -3.301926 6.378232 -0.991604 0.000000 0.916268 1543
car -1 -1 nan 29770.000000 nan nan nan 1.726334 1.810390 4.464000 6.559975 2.619973 -0.705319 0.000000 0.964768 1529
car -1 -1 nan 29776.000000 nan nan nan 2.083112 3.109546 2.490050 -5.434548 8.134845 -0.535320 0.000000 0.442271 1521
car -1 -1 nan 29760.000000 nan nan nan 1.362737 1.793630 3.938723 11.322987 -2.375086 -0.644874 0.000000 0.960174 1514
car -1 -1 nan 29774.000000 nan nan nan 1.503282 1.633645 3.664765 -15.285065 2.785834 -1.209428 0.000000 0.908684 1504
car -1 -1 nan 29781.000000 nan nan nan 1.633344 1.733822 4.479474 1.130184 2.730969 -0.635862 0.000000 0.955079 1499
car -1 -1 nan 29766.000000 nan nan nan 1.139522 1.686822 3.597201 -10.338025 2.786706 -1.291732 0.000000 0.940207 1496
car -1 -1 nan 29773.000000 nan nan nan 1.308173 1.660270 4.248502 -11.085748 -2.373245 -1.202876 0.000000 0.959254 1492
car -1 -1 nan 29777.000000 nan nan nan 1.286330 1.349522 3.019577 -15.736683 -2.280361 -1.300850 0.000000 0.941154 1480
car -1 -1 nan 29758.000000 nan nan nan 1.694335 1.475834 4.457567 -21.222720 2.502274 -1.184536 0.000000 0.918953 1471
car -1 -1 nan 29769.000000 nan nan nan 1.349801 0.818813 2.743312 -31.391108 2.390795 -1.664028 0.000000 0.928415 1465
car -1 -1 nan 29765.000000 nan nan nan 1.147287 1.667764 2.738858 -36.317729 -2.460107 -1.808297 0.000000 0.938248 1457
car -1 -1 nan 29775.000000 nan nan nan 0.987646 0.837181 1.331742 -36.945750 2.477958 -1.707412 0.000000 0.870604 1455
motorcycle -1 -1 nan 29768.000000 nan nan nan 0.842129 1.526562 0.587984 -1.286776 -11.911991 -1.177224 0.000000 0.837857 409
bicyclist -1 -1 nan 29780.000000 nan nan nan 1.650003 0.636163 1.675643 10.618742 -0.579009 -0.579941 0.000000 0.924216 374
