car -1 -1 nan 29056.000000 nan nan nan 1.389324 0.627805 3.104020 29.198309 2.648582 -0.370977 0.000000 0.872760 1541
car -1 -1 nan 29064.000000 nan nan nan 1.231797 2.634340 1.640487 11.099704 6.125929 -0.738373 0.000000 0.909705 1543
car -1 -1 nan 29050.000000 nan nan nan 1.561289 0.868688 4.029877 21.166996 2.365191 -0.494915 0.000000 0.957224 1529
car -1 -1 nan 29055.000000 nan nan nan 1.627293 2.876550 2.135153 8.905445 8.451441 -0.285765 0.000000 0.636978 1521
car -1 -1 nan 29059.000000 nan nan nan 1.115857 1.667542 3.562642 25.899182 -2.181946 -0.341199 0.000000 0.901452 1514
car -1 -1 nan 29063.000000 nan nan nan 1.265973 1.636800 3.755146 -1.047768 2.824408 -0.726929 0.000000 0.957605 1504
car -1 -1 nan 29060.000000 nan nan nan 1.723668 1.961747 4.298388 15.407419 2.875324 -0.552904 0.000000 0.939103 1499
car -1 -1 nan 29046.000000 nan nan nan 1.137744 2.128474 3.782204 3.723919 2.909261 -1.059248 0.000000 0.942385 1496
car -1 -1 nan 29062.000000 nan nan nan 1.355117 1.696775 4.013208 3.051742 -2.337280 -0.940229 0.000000 0.941162 1492
car -1 -1 nan 29058.000000 nan nan nan 1.201479 1.349376 3.488692 -1.514198 -2.569260 -0.772939 0.000000 0.948231 1480
car -1 -1 nan 29052.000000 nan nan nan 1.803990 1.790312 3.944290 -6.634395 2.581941 -0.952009 0.000000 0.922051 1471
car -1 -1 nan 29054.000000 nan nan nan 1.333939 1.886593 3.544959 -17.196575 2.568750 -1.397991 0.000000 0.914127 1465
car -1 -1 nan 29057.000000 nan nan nan 1.298876 1.653510 4.177676 -22.336485 -2.583931 -1.550515 0.000000 0.943101 1457
car -1 -1 nan 29061.000000 nan nan nan 1.324816 1.366427 3.718788 -23.588415 2.438316 -1.573708 0.000000 0.905448 1455
car -1 -1 nan 29047.000000 nan nan nan 0.463754 0.949592 0.280584 -48.320873 -6.471535 -1.932069 0.000000 0.842710 1445
bicyclist -1 -1 nan 29053.000000 nan nan nan 1.660649 0.625689 1.661238 11.334953 -0.902874 -0.715926 0.000000 0.917303 374
