car -1 -1 nan 30093.000000 nan nan nan 1.072684 1.268015 2.821612 -0.155559 -14.703391 -0.634764 0.000000 0.853016 1568
car -1 -1 nan 30091.000000 nan nan nan 0.155115 0.724487 0.639433 29.426438 10.012688 -0.286558 0.000000 0.592917 1567
car -1 -1 nan 30070.000000 nan nan nan 0.410257 0.426186 1.644575 -12.361858 8.894853 0.173496 0.000000 0.749239 1521
car -1 -1 nan 30085.000000 nan nan nan 0.135535 1.136730 0.352018 -12.274980 -6.316818 -1.499194 0.000000 0.808083 1566
car -1 -1 nan 30095.000000 nan nan nan 0.839134 2.694797 1.717610 -8.978390 -9.675980 -0.934461 0.000000 0.955925 1549
car -1 -1 nan 30105.000000 nan nan nan 1.604854 1.878519 4.060758 8.030624 2.695198 -0.766860 0.000000 0.968307 1541
car -1 -1 nan 30088.000000 nan nan nan 1.305903 1.490242 3.988407 0.021264 2.735943 -0.519611 0.000000 0.958357 1529
car -1 -1 nan 30100.000000 nan nan nan 1.432231 1.703709 3.845250 4.713738 -2.473608 -0.944146 0.000000 0.953091 1514
car -1 -1 nan 30092.000000 nan nan nan 1.401631 1.556986 3.175831 -21.770243 2.905211 -1.045006 0.000000 0.894128 1504
car -1 -1 nan 30101.000000 nan nan nan 1.829916 2.213321 4.591859 -5.117582 2.781685 -0.825372 0.000000 0.916738 1499
car -1 -1 nan 30103.000000 nan nan nan 1.125748 1.762279 3.595395 -16.970844 2.879079 -1.230191 0.000000 0.905490 1496
car -1 -1 nan 30099.000000 nan nan nan 1.311101 1.593981 3.924390 -17.817185 -2.303105 -1.173234 0.000000 0.951824 1492
car -1 -1 nan 30104.000000 nan nan nan 1.241661 1.222695 3.091627 -22.351078 -2.147736 -1.179955 0.000000 0.903721 1480
car -1 -1 nan 30108.000000 nan nan nan 1.642258 1.405024 4.011435 -27.897569 2.669141 -0.983970 0.000000 0.815553 1471
car -1 -1 nan 30089.000000 nan nan nan 1.119178 1.545080 2.077945 -43.139368 -2.075512 -1.371176 0.000000 0.824157 1457
car -1 -1 nan 30106.000000 nan nan nan 0.893987 0.412714 0.715357 -43.452758 2.610371 -1.226039 0.000000 0.711258 1455
bicycle -1 -1 nan 30026.000000 nan nan nan 0.716035 1.056568 0.282949 -19.428446 7.524577 -0.935007 0.000000 0.867815 415
bicyclist -1 -1 nan 30096.000000 nan nan nan 1.625903 0.637377 1.473919 10.346229 -0.907067 -0.799476 0.000000 0.921242 374
