car -1 -1 nan 30919.000000 nan nan nan 1.060269 0.882831 1.232233 -32.216078 -6.239878 -1.807153 0.000000 0.762113 1597
other-vehicle -1 -1 nan 30911.000000 nan nan nan 1.864343 3.277457 1.607767 -25.361261 -7.364124 -0.708932 0.000000 0.893195 1596
car -1 -1 nan 30926.000000 nan nan nan 0.925730 0.415629 0.946323 -40.526649 -0.052630 -2.138151 0.000000 0.853060 1471
car -1 -1 nan 30923.000000 nan nan nan 1.675389 4.293983 1.760960 17.327591 -31.193201 -0.553723 0.000000 0.932794 1595
car -1 -1 nan 30892.000000 nan nan nan 1.104157 1.886618 2.210707 47.444955 4.304978 0.202127 0.000000 0.718051 1592
car -1 -1 nan 30913.000000 nan nan nan 1.520085 4.210705 1.720679 16.951123 -25.731939 -0.593054 0.000000 0.942244 1588
truck -1 -1 nan 30935.000000 nan nan nan 1.277369 1.787783 0.429682 46.851067 -3.096817 0.301661 0.000000 0.845055 1589
truck -1 -1 nan 30906.000000 nan nan nan 0.770049 0.497788 2.023317 25.771428 -35.306666 0.700577 0.000000 0.846121 1585
other-vehicle -1 -1 nan 30905.000000 nan nan nan 1.024919 1.943997 0.686711 46.148394 8.101091 1.287042 0.000000 0.624659 1587
truck -1 -1 nan 30932.000000 nan nan nan 0.721297 0.714185 0.465772 42.533580 -9.661538 1.311617 0.000000 0.407200 1584
car -1 -1 nan 30925.000000 nan nan nan 0.929401 1.614440 0.589058 42.202053 6.744688 -0.109939 0.000000 0.786052 1578
car -1 -1 nan 30908.000000 nan nan nan 1.316114 3.449342 1.540075 14.450436 17.403032 -0.779552 0.000000 0.951883 1574
car -1 -1 nan 30921.000000 nan nan nan 1.387808 3.654916 1.690251 14.846495 11.070530 -0.640861 0.000000 0.894839 1567
car -1 -1 nan 30922.000000 nan nan nan 1.628351 1.982459 3.770910 -5.714984 2.626232 -1.023487 0.000000 0.956917 1541
car -1 -1 nan 30924.000000 nan nan nan 1.744679 2.203162 4.170220 -13.929389 1.903175 -1.194539 0.000000 0.933427 1529
car -1 -1 nan 30904.000000 nan nan nan 1.361441 1.682277 3.889767 -8.768573 -2.781466 -1.192689 0.000000 0.925612 1514
car -1 -1 nan 30883.000000 nan nan nan 0.781216 1.384881 1.065718 -34.983605 0.927387 -1.497804 0.000000 0.857852 1504
car -1 -1 nan 30916.000000 nan nan nan 1.778040 1.794007 4.815922 -19.488314 1.518022 -1.293607 0.000000 0.930365 1499
car -1 -1 nan 30929.000000 nan nan nan 1.108590 1.606874 3.605873 -31.254844 0.930111 -1.788526 0.000000 0.919385 1496
car -1 -1 nan 30931.000000 nan nan nan 1.163025 1.584122 3.114592 -31.576049 -4.053227 -1.886288 0.000000 0.813374 1492
car -1 -1 nan 30927.000000 nan nan nan 0.783159 0.988893 0.992361 -35.837897 -4.192407 -1.742151 0.000000 0.685695 1480
bicyclist -1 -1 nan 30910.000000 nan nan nan 1.653838 0.637831 1.583866 9.813789 -2.353297 -0.635490 0.000000 0.922695 374
