truck -1 -1 nan 30562.000000 nan nan nan 0.466501 0.577000 1.114118 44.356189 -11.097769 1.557151 0.000000 0.444233 1579
car -1 -1 nan 30564.000000 nan nan nan 0.792167 1.558797 0.310359 48.269223 4.867507 -0.293860 0.000000 0.815827 1578
car -1 -1 nan 30539.000000 nan nan nan 1.259352 3.409648 1.549008 20.953626 16.830294 -0.669326 0.000000 0.953957 1574
car -1 -1 nan 30548.000000 nan nan nan 1.298224 3.713926 1.759508 21.054775 10.383812 -0.622530 0.000000 0.912550 1567
car -1 -1 nan 30541.000000 nan nan nan 0.405990 0.472619 1.262280 -17.123506 -8.988506 -1.158638 0.000000 0.836680 1549
car -1 -1 nan 30535.000000 nan nan nan 1.374834 1.641197 3.977303 -0.115807 2.889855 -0.576750 0.000000 0.949721 1541
car -1 -1 nan 30551.000000 nan nan nan 1.847580 2.082186 4.102011 -7.929647 2.521101 -1.005209 0.000000 0.944829 1529
car -1 -1 nan 30549.000000 nan nan nan 1.131501 1.845332 3.894230 -3.192943 -2.587901 -0.974370 0.000000 0.959053 1514
car -1 -1 nan 30553.000000 nan nan nan 1.341231 1.499740 2.932494 -30.211088 2.303478 -1.603605 0.000000 0.866163 1504
car -1 -1 nan 30543.000000 nan nan nan 1.862122 1.660068 4.361357 -13.554130 2.364178 -1.148441 0.000000 0.923421 1499
car -1 -1 nan 30538.000000 nan nan nan 1.056871 1.502563 3.837459 -25.565940 2.240702 -1.720105 0.000000 0.919353 1496
car -1 -1 nan 30552.000000 nan nan nan 1.145446 1.600526 3.741726 -26.063178 -2.791225 -1.627995 0.000000 0.930465 1492
car -1 -1 nan 30556.000000 nan nan nan 0.820892 1.117844 2.236265 -30.447678 -2.743764 -1.599560 0.000000 0.880006 1480
car -1 -1 nan 30554.000000 nan nan nan 1.488002 1.383238 1.464043 -35.194521 1.940909 -1.565943 0.000000 0.778979 1471
car -1 -1 nan 30507.000000 nan nan nan 0.285025 1.351733 0.388182 -50.604462 -3.143401 -2.499577 0.000000 0.652802 1457
bicyclist -1 -1 nan 30545.000000 nan nan nan 1.643027 0.665878 1.425045 9.982445 -1.845821 -0.757448 0.000000 0.924423 374
