car -1 -1 nan 30919.000000 nan nan nan 1.060269 0.882831 1.232233 -32.836754 -6.563962 -1.687858 0.000000 0.762113 1597
other-vehicle -1 -1 nan 30951.000000 nan nan nan 1.571958 1.369967 0.577421 -25.380188 -6.663235 -0.604909 0.000000 0.478977 1596
car -1 -1 nan 30963.000000 nan nan nan 0.904581 0.575121 0.736582 -40.830810 -0.376569 -2.140765 0.000000 0.750527 1471
car -1 -1 nan 30949.000000 nan nan nan 1.703599 4.468362 1.825557 17.082100 -31.144295 -0.581945 0.000000 0.931880 1595
car -1 -1 nan 30960.000000 nan nan nan 1.509745 4.193534 1.528496 16.698934 -25.546943 -0.596548 0.000000 0.934930 1588
truck -1 -1 nan 30947.000000 nan nan nan 1.262828 1.778855 0.499788 46.314333 -2.665028 0.296423 0.000000 0.868712 1589
truck -1 -1 nan 30946.000000 nan nan nan 1.093649 0.513517 2.093707 25.613211 -35.153131 0.739547 0.000000 0.849660 1585
other-vehicle -1 -1 nan 30962.000000 nan nan nan 1.013114 1.898312 0.762064 45.531369 8.566433 1.276528 0.000000 0.662981 1587
truck -1 -1 nan 30932.000000 nan nan nan 0.721297 0.714185 0.465772 43.349840 -9.292009 1.343052 0.000000 0.407200 1584
car -1 -1 nan 30954.000000 nan nan nan 0.925128 1.669720 0.597637 41.542356 7.202835 -0.124036 0.000000 0.804687 1578
car -1 -1 nan 30939.000000 nan nan nan 1.302579 3.523766 1.561617 13.740038 17.549308 -0.777725 0.000000 0.903029 1574
car -1 -1 nan 30952.000000 nan nan nan 1.361854 3.681192 1.723627 14.196182 11.228300 -0.630749 0.000000 0.916529 1567
car -1 -1 nan 30945.000000 nan nan nan 1.650332 2.205215 3.839147 -6.251262 2.634191 -1.028252 0.000000 0.962687 1541
car -1 -1 nan 30957.000000 nan nan nan 1.774285 2.198634 4.427912 -14.507686 1.743882 -1.205572 0.000000 0.947338 1529
car -1 -1 nan 30953.000000 nan nan nan 1.356356 1.731017 3.955875 -9.244339 -2.861681 -1.180818 0.000000 0.920949 1514
car -1 -1 nan 30966.000000 nan nan nan 0.724388 0.624527 0.553762 -35.390175 0.350985 -1.488562 0.000000 0.766915 1504
car -1 -1 nan 30936.000000 nan nan nan 1.791530 1.860826 4.709939 -20.113851 1.307975 -1.290139 0.000000 0.920395 1499
car -1 -1 nan 30955.000000 nan nan nan 1.029430 1.125374 3.291105 -31.753382 0.524724 -1.829292 0.000000 0.918088 1496
car -1 -1 nan 30967.000000 nan nan nan 1.223137 1.573878 3.267912 -32.027605 -4.343103 -1.860028 0.000000 0.915200 1492
car -1 -1 nan 30961.000000 nan nan nan 0.575722 0.368455 0.482813 -36.110786 -4.353683 -1.707965 0.000000 0.612043 1480
bicyclist -1 -1 nan 30941.000000 nan nan nan 1.643281 0.629789 1.841495 9.903710 -2.304357 -0.622156 0.000000 0.924779 374
