car -1 -1 nan 32812.000000 nan nan nan 1.547566 2.052337 0.624684 -35.877567 29.762759 -0.418935 0.000000 0.478973 1680
car -1 -1 nan 32811.000000 nan nan nan 0.878532 0.436523 1.273245 -42.025058 2.351520 -1.429362 0.000000 0.730867 1574
car -1 -1 nan 32800.000000 nan nan nan 1.541662 1.658295 3.490235 28.513899 4.041972 -0.940836 0.000000 0.900028 1662
car -1 -1 nan 32780.000000 nan nan nan 0.447307 1.349266 0.637497 -49.409050 -3.134670 -1.551088 0.000000 0.778084 1605
car -1 -1 nan 32804.000000 nan nan nan 1.525653 1.948830 3.423103 15.871010 4.211070 -0.996769 0.000000 0.898896 1599
car -1 -1 nan 32796.000000 nan nan nan 1.921952 2.139589 4.683361 5.897193 3.808596 -0.794800 0.000000 0.961385 1595
car -1 -1 nan 32809.000000 nan nan nan 1.480190 1.877588 4.343886 0.597095 3.662272 -0.939985 0.000000 0.965496 1588
car -1 -1 nan 32807.000000 nan nan nan 1.031830 1.685750 2.972706 -36.304875 3.104102 -1.344277 0.000000 0.791701 1567
person -1 -1 nan 32805.000000 nan nan nan 0.748081 0.498067 0.417966 -2.576208 9.487655 -0.344016 0.000000 0.898551 324
bicycle -1 -1 nan 32763.000000 nan nan nan 0.723457 1.419206 1.151887 4.589888 13.055562 -0.655272 0.000000 0.810251 460
