car -1 -1 nan 31858.000000 nan nan nan 0.848991 0.577586 0.456391 -31.707766 -27.928986 -0.469830 0.000000 0.769284 1625
car -1 -1 nan 31859.000000 nan nan nan 0.328339 0.364062 0.483014 34.390269 33.931379 -2.223579 0.000000 0.660847 1622
car -1 -1 nan 31864.000000 nan nan nan 0.562565 0.529716 0.322508 -41.730404 -28.257955 -0.496189 0.000000 0.711297 1471
car -1 -1 nan 31865.000000 nan nan nan 1.284375 1.257547 1.225263 35.058437 32.077226 -1.927409 0.000000 0.801194 1618
car -1 -1 nan 31888.000000 nan nan nan 1.156007 1.510386 1.804780 -22.461197 36.081509 -1.324998 0.000000 0.731652 1604
car -1 -1 nan 31876.000000 nan nan nan 1.340401 3.898571 2.725530 -17.742594 21.369037 -1.134843 0.000000 0.898866 1605
car -1 -1 nan 31887.000000 nan nan nan 1.116948 0.737847 0.848825 -37.599710 -24.365032 -0.483703 0.000000 0.829567 1504
car -1 -1 nan 31875.000000 nan nan nan 1.254830 2.765581 2.299875 29.708468 -25.827691 -1.152692 0.000000 0.906456 1599
car -1 -1 nan 31884.000000 nan nan nan 1.622712 3.428062 2.746399 22.807315 -18.536952 -0.952695 0.000000 0.915591 1595
car -1 -1 nan 31867.000000 nan nan nan 1.532374 3.846866 2.911670 19.563362 -13.924925 -1.092909 0.000000 0.917686 1588
car -1 -1 nan 31874.000000 nan nan nan 1.682782 2.043020 1.240348 30.026422 22.355480 -1.501917 0.000000 0.845172 1589
car -1 -1 nan 31870.000000 nan nan nan 1.096424 2.964602 2.471413 20.361711 28.142641 -1.649064 0.000000 0.885540 1578
car -1 -1 nan 31862.000000 nan nan nan 1.277285 2.839686 2.948330 -8.496977 18.868765 -1.219948 0.000000 0.923657 1574
car -1 -1 nan 31881.000000 nan nan nan 1.419838 3.301372 3.416574 -4.216658 14.079874 -1.103526 0.000000 0.949225 1567
car -1 -1 nan 31883.000000 nan nan nan 1.496885 3.563478 2.867045 -15.191365 -5.122693 -0.682856 0.000000 0.963813 1541
car -1 -1 nan 31885.000000 nan nan nan 1.651157 3.689877 3.010498 -21.179136 -10.425974 -0.597056 0.000000 0.943059 1529
car -1 -1 nan 31866.000000 nan nan nan 1.254285 2.687766 2.511724 -14.275346 -10.962818 -0.698371 0.000000 0.917246 1514
car -1 -1 nan 31873.000000 nan nan nan 1.598938 3.617668 3.126364 -25.589507 -14.391436 -0.567376 0.000000 0.875912 1499
car -1 -1 nan 31878.000000 nan nan nan 0.878673 3.082604 2.149033 -34.528228 -21.677051 -0.740653 0.000000 0.944262 1496
bicyclist -1 -1 nan 31869.000000 nan nan nan 1.518011 1.161481 1.320482 10.985274 7.586663 -1.154099 0.000000 0.909623 374
