car -1 -1 nan 33322.000000 nan nan nan 1.244345 3.870336 1.732833 11.534309 -20.516581 -0.909248 0.000000 0.919994 1709
car -1 -1 nan 33318.000000 nan nan nan 0.355875 1.308873 0.470090 38.011916 5.717910 -0.481129 0.000000 0.812516 1708
car -1 -1 nan 33310.000000 nan nan nan 1.296372 1.782664 3.261117 30.182195 2.026232 -0.657518 0.000000 0.897010 1698
car -1 -1 nan 33319.000000 nan nan nan 1.305612 1.691881 3.847637 24.589392 -2.422924 -0.757997 0.000000 0.854572 1688
car -1 -1 nan 33313.000000 nan nan nan 1.618217 1.789173 3.799559 -1.717953 3.366296 -0.703848 0.000000 0.967738 1662
car -1 -1 nan 33317.000000 nan nan nan 1.619523 1.608203 3.226093 -14.277151 4.302296 -1.193187 0.000000 0.931129 1599
car -1 -1 nan 33314.000000 nan nan nan 1.812904 1.775991 4.062928 -24.123966 4.494334 -1.168204 0.000000 0.889444 1595
car -1 -1 nan 33321.000000 nan nan nan 1.335384 0.374462 3.556849 -29.674682 4.149561 -1.366810 0.000000 0.915353 1588
bicycle -1 -1 nan 33320.000000 nan nan nan 0.644681 0.453045 0.839252 29.141402 7.661462 -0.933722 0.000000 0.575130 468
bicyclist -1 -1 nan 33323.000000 nan nan nan 1.109774 0.909595 0.555562 43.327521 4.968660 -0.305226 0.000000 0.812027 467
motorcycle -1 -1 nan 33316.000000 nan nan nan 0.600323 0.543000 0.538443 7.508238 4.167813 -1.240012 0.000000 0.625387 466
