other-vehicle -1 -1 nan 31992.000000 nan nan nan 1.106760 1.344068 1.450453 -28.463625 -29.413876 -0.264247 0.000000 0.742045 1636
car -1 -1 nan 31978.000000 nan nan nan 0.469843 0.397466 0.448138 -19.366405 -21.197786 -0.272311 0.000000 0.823617 1633
car -1 -1 nan 31976.000000 nan nan nan 0.233217 1.003107 1.041317 40.337052 -28.843413 -1.559877 0.000000 0.851063 1628
car -1 -1 nan 31970.000000 nan nan nan 1.318803 1.335708 1.231761 29.388241 36.580312 -2.271868 0.000000 0.793995 1618
car -1 -1 nan 31964.000000 nan nan nan 1.125459 1.558654 1.877469 -28.210297 32.774474 -1.234446 0.000000 0.540174 1604
car -1 -1 nan 31975.000000 nan nan nan 1.182056 2.640005 3.220785 -21.810420 18.742710 -0.949041 0.000000 0.955931 1605
car -1 -1 nan 31953.000000 nan nan nan 0.782846 0.901017 0.473097 -35.258931 -29.203328 -0.241802 0.000000 0.688072 1504
car -1 -1 nan 31972.000000 nan nan nan 1.328592 2.469929 2.528565 31.892187 -21.625375 -1.368206 0.000000 0.874732 1599
car -1 -1 nan 31986.000000 nan nan nan 1.730311 3.222110 3.229069 24.146792 -15.256790 -1.055735 0.000000 0.927840 1595
car -1 -1 nan 31968.000000 nan nan nan 1.510798 3.565269 3.257648 20.269324 -11.116335 -1.175023 0.000000 0.923031 1588
car -1 -1 nan 31973.000000 nan nan nan 1.662686 1.307948 1.804544 25.837471 26.017237 -1.645108 0.000000 0.470822 1589
car -1 -1 nan 31961.000000 nan nan nan 1.252000 2.913642 2.927138 15.288281 30.693730 -1.791223 0.000000 0.859168 1578
car -1 -1 nan 31967.000000 nan nan nan 1.204800 2.647689 3.137159 -12.107532 17.634940 -1.145260 0.000000 0.955283 1574
car -1 -1 nan 31982.000000 nan nan nan 1.403257 2.267551 3.659952 -7.129722 13.130824 -1.074682 0.000000 0.936459 1567
car -1 -1 nan 31979.000000 nan nan nan 1.567839 3.739949 2.974185 -15.517030 -7.144762 -0.568077 0.000000 0.951838 1541
car -1 -1 nan 31966.000000 nan nan nan 1.501053 3.969085 2.646116 -20.627142 -13.232710 -0.435905 0.000000 0.944894 1529
car -1 -1 nan 31983.000000 nan nan nan 1.314335 3.458923 2.385963 -13.673121 -13.161734 -0.588930 0.000000 0.902644 1514
car -1 -1 nan 31984.000000 nan nan nan 1.457603 3.494233 2.785649 -24.440199 -17.852015 -0.375285 0.000000 0.873084 1499
car -1 -1 nan 31985.000000 nan nan nan 0.877671 3.324397 1.867022 -32.506859 -26.234575 -0.481071 0.000000 0.929070 1496
bicyclist -1 -1 nan 31974.000000 nan nan nan 1.498032 1.388932 1.133697 9.915602 10.077023 -1.258443 0.000000 0.902742 374
