car -1 -1 nan 31624.000000 nan nan nan 0.472253 0.436573 0.302160 -45.092538 -17.691322 -1.943607 0.000000 0.498432 1471
car -1 -1 nan 31620.000000 nan nan nan 1.105154 1.418833 1.078759 43.805281 22.349846 -0.402300 0.000000 0.880386 1618
car -1 -1 nan 31622.000000 nan nan nan 0.786370 0.640444 1.145617 -14.939499 48.025299 -2.434235 0.000000 0.821505 1611
car -1 -1 nan 31635.000000 nan nan nan 1.404666 1.552005 1.964319 -10.862985 39.972307 -2.082911 0.000000 0.877819 1604
car -1 -1 nan 31644.000000 nan nan nan 1.390761 3.187357 3.017882 -10.230445 24.462282 -1.709935 0.000000 0.927273 1605
car -1 -1 nan 31654.000000 nan nan nan 0.252939 0.861658 0.285231 -40.123823 -14.590630 -1.680333 0.000000 0.401996 1504
car -1 -1 nan 31645.000000 nan nan nan 1.352762 2.981395 1.849826 24.755707 -32.522558 -0.046928 0.000000 0.877812 1599
car -1 -1 nan 31643.000000 nan nan nan 1.551940 3.969666 1.908241 19.794054 -23.851995 -0.067614 0.000000 0.906692 1595
car -1 -1 nan 31626.000000 nan nan nan 1.558097 4.073278 2.366670 17.776096 -18.666300 -0.296170 0.000000 0.907737 1588
car -1 -1 nan 31648.000000 nan nan nan 1.576792 2.262442 1.375262 36.701547 13.855125 -0.159425 0.000000 0.813910 1589
car -1 -1 nan 31630.000000 nan nan nan 1.158695 2.871643 1.607777 28.531346 21.692250 -0.696065 0.000000 0.885608 1578
car -1 -1 nan 31641.000000 nan nan nan 1.250539 3.110495 2.643847 -1.318676 19.877868 -1.433292 0.000000 0.916518 1574
car -1 -1 nan 31629.000000 nan nan nan 1.429233 3.353084 2.899495 1.520286 14.192190 -1.227466 0.000000 0.912876 1567
car -1 -1 nan 31636.000000 nan nan nan 1.615644 3.259307 3.541981 -13.808150 -1.479262 -1.207283 0.000000 0.957580 1541
car -1 -1 nan 31619.000000 nan nan nan 1.564642 2.990169 3.379012 -20.944625 -5.250598 -1.382583 0.000000 0.935976 1529
car -1 -1 nan 31640.000000 nan nan nan 1.267243 2.264614 3.117374 -14.501209 -7.547653 -1.208350 0.000000 0.913477 1514
car -1 -1 nan 31642.000000 nan nan nan 1.615109 2.873034 3.731233 -26.107183 -7.915492 -1.452346 0.000000 0.868650 1499
car -1 -1 nan 31637.000000 nan nan nan 1.028559 2.615979 2.794507 -36.827306 -13.131931 -1.930532 0.000000 0.890781 1496
car -1 -1 nan 31606.000000 nan nan nan 0.173798 0.469248 0.255103 -34.347288 -16.629944 -1.610728 0.000000 0.565902 1492
bicyclist -1 -1 nan 31623.000000 nan nan nan 1.588432 0.806351 1.308570 11.332061 3.002456 -0.680500 0.000000 0.903911 374
