car -1 -1 nan 32575.000000 nan nan nan 0.450894 1.098803 1.055504 39.012365 4.821891 -1.292595 0.000000 0.720786 1662
car -1 -1 nan 32574.000000 nan nan nan 1.388786 1.971416 3.866566 -38.678882 -4.264050 -1.356657 0.000000 0.857923 1605
car -1 -1 nan 32564.000000 nan nan nan 1.459471 1.166876 3.093048 27.416094 4.562712 -0.905315 0.000000 0.930657 1599
car -1 -1 nan 32570.000000 nan nan nan 1.897325 1.849787 4.440645 17.588959 4.092759 -0.763119 0.000000 0.951480 1595
car -1 -1 nan 32556.000000 nan nan nan 1.522253 1.968972 4.193869 11.909407 4.008179 -0.942476 0.000000 0.958913 1588
car -1 -1 nan 32567.000000 nan nan nan 1.252661 1.130105 2.941602 -31.136628 1.334466 -1.387756 0.000000 0.914881 1574
car -1 -1 nan 32561.000000 nan nan nan 1.338802 2.037238 3.429122 -24.675935 2.186625 -1.255221 0.000000 0.924398 1567
car -1 -1 nan 32568.000000 nan nan nan 1.538387 3.824256 1.820834 -16.646553 -18.607214 -0.827957 0.000000 0.966478 1541
car -1 -1 nan 32566.000000 nan nan nan 1.467712 2.711641 1.708662 -16.144689 -26.008041 -0.791239 0.000000 0.913224 1529
car -1 -1 nan 32558.000000 nan nan nan 0.443011 0.964182 0.740704 -11.373330 -21.164484 -0.504730 0.000000 0.665326 1514
bicycle -1 -1 nan 32563.000000 nan nan nan 1.093374 1.773326 0.561648 -0.490200 11.266400 -1.238479 0.000000 0.740665 453
bicyclist -1 -1 nan 32514.000000 nan nan nan 0.322146 0.282332 0.390084 -11.291280 22.477494 -0.273479 0.000000 0.812494 374
