car -1 -1 nan 32552.000000 nan nan nan 0.628809 1.186985 1.081736 39.758511 4.388028 -1.357227 0.000000 0.727381 1662
car -1 -1 nan 32532.000000 nan nan nan 1.265808 2.162157 2.678869 -37.893005 -3.679997 -1.311472 0.000000 0.788653 1605
car -1 -1 nan 32537.000000 nan nan nan 1.401299 1.024279 2.960582 28.172028 4.243692 -0.899495 0.000000 0.899707 1599
car -1 -1 nan 32542.000000 nan nan nan 1.877550 1.837332 4.640081 18.360000 3.890644 -0.761263 0.000000 0.944589 1595
car -1 -1 nan 32531.000000 nan nan nan 1.509221 1.936637 4.196439 12.714035 3.864349 -0.923654 0.000000 0.894871 1588
car -1 -1 nan 32504.000000 nan nan nan 0.855500 1.363991 2.732390 -20.110297 30.315519 -1.223779 0.000000 0.808565 1578
car -1 -1 nan 32541.000000 nan nan nan 1.135227 1.298230 3.057006 -30.445935 1.685998 -1.296080 0.000000 0.885240 1574
car -1 -1 nan 32535.000000 nan nan nan 1.342355 2.112806 3.517960 -23.990103 2.451531 -1.212926 0.000000 0.943089 1567
car -1 -1 nan 32528.000000 nan nan nan 1.471510 3.845468 1.731866 -16.183853 -18.416343 -0.900727 0.000000 0.959866 1541
car -1 -1 nan 32540.000000 nan nan nan 1.535088 3.249838 1.661129 -15.734112 -25.997410 -0.846746 0.000000 0.843206 1529
car -1 -1 nan 32543.000000 nan nan nan 0.850098 1.877356 1.516470 -10.691443 -20.747452 -0.781278 0.000000 0.741803 1514
bicycle -1 -1 nan 32547.000000 nan nan nan 1.017100 2.031680 0.423502 0.259060 11.485192 -1.205288 0.000000 0.772531 453
bicyclist -1 -1 nan 32514.000000 nan nan nan 0.322146 0.282332 0.390084 -10.129142 22.112669 -0.327570 0.000000 0.812494 374
