car -1 -1 nan 32619.000000 nan nan nan 0.928705 1.145941 3.253770 38.442406 5.193039 -1.130649 0.000000 0.670849 1662
car -1 -1 nan 32600.000000 nan nan nan 1.144366 1.807735 3.709746 -40.394055 -4.805532 -1.371050 0.000000 0.639476 1605
car -1 -1 nan 32608.000000 nan nan nan 1.534188 1.329135 3.087584 25.912389 4.861429 -0.923321 0.000000 0.928108 1599
car -1 -1 nan 32614.000000 nan nan nan 1.861724 1.890593 4.378756 16.019574 4.234045 -0.751776 0.000000 0.928636 1595
car -1 -1 nan 32599.000000 nan nan nan 1.559507 1.935855 4.251368 10.427762 4.053438 -0.953375 0.000000 0.938355 1588
car -1 -1 nan 32613.000000 nan nan nan 1.172383 0.948633 2.962398 -32.569760 1.123753 -1.446292 0.000000 0.855877 1574
car -1 -1 nan 32606.000000 nan nan nan 1.260785 1.873803 3.720012 -26.207071 2.009129 -1.279394 0.000000 0.933229 1567
car -1 -1 nan 32612.000000 nan nan nan 1.420243 3.843488 1.760564 -17.855341 -18.772613 -0.774757 0.000000 0.958480 1541
car -1 -1 nan 32603.000000 nan nan nan 1.421827 1.326788 1.647306 -17.404107 -25.453865 -0.690781 0.000000 0.716363 1529
bicycle -1 -1 nan 32609.000000 nan nan nan 1.137028 2.205562 0.373603 -2.109900 11.291327 -1.315642 0.000000 0.826345 453
