car -1 -1 nan 32047.000000 nan nan nan 0.729459 0.982608 1.351873 -26.242733 -31.819744 -0.694063 0.000000 0.812278 1636
car -1 -1 nan 32040.000000 nan nan nan 0.198028 1.080114 0.910826 42.263203 -24.836499 -1.188576 0.000000 0.879802 1628
car -1 -1 nan 32054.000000 nan nan nan 1.284836 1.361134 1.467204 24.952039 39.394561 -2.156352 0.000000 0.736596 1618
car -1 -1 nan 32028.000000 nan nan nan 1.199865 1.555665 1.742615 -31.950963 29.963226 -1.568011 0.000000 0.737273 1604
car -1 -1 nan 32042.000000 nan nan nan 1.335106 2.352064 2.629840 -23.988404 16.401915 -1.187139 0.000000 0.956621 1605
car -1 -1 nan 32036.000000 nan nan nan 1.332092 2.149398 2.536139 33.099236 -18.406541 -1.085679 0.000000 0.916606 1599
car -1 -1 nan 32046.000000 nan nan nan 1.651375 2.831158 3.410656 24.798664 -12.720917 -0.890827 0.000000 0.915274 1595
car -1 -1 nan 32030.000000 nan nan nan 1.417831 3.402511 3.290597 20.561085 -9.014982 -1.031172 0.000000 0.963309 1588
car -1 -1 nan 32025.000000 nan nan nan 1.680496 1.246512 1.862205 22.604286 28.338712 -1.624583 0.000000 0.762090 1589
car -1 -1 nan 32035.000000 nan nan nan 1.105134 2.721416 3.132782 11.500397 32.113382 -1.874326 0.000000 0.921778 1578
car -1 -1 nan 32044.000000 nan nan nan 1.233561 2.528649 3.188279 -14.496156 16.397622 -1.323154 0.000000 0.956568 1574
car -1 -1 nan 32034.000000 nan nan nan 1.418468 2.310016 3.708990 -9.146513 12.572153 -1.193834 0.000000 0.951600 1567
car -1 -1 nan 32043.000000 nan nan nan 1.545170 3.807032 2.800149 -15.455098 -8.620661 -0.616555 0.000000 0.911875 1541
car -1 -1 nan 32045.000000 nan nan nan 1.623731 4.109110 2.375090 -19.910030 -15.233578 -0.512540 0.000000 0.929637 1529
car -1 -1 nan 32032.000000 nan nan nan 1.348359 3.715298 2.103620 -13.006020 -14.502284 -0.649461 0.000000 0.936848 1514
car -1 -1 nan 32037.000000 nan nan nan 1.480142 3.642209 2.412283 -23.312813 -20.162391 -0.443787 0.000000 0.828702 1499
car -1 -1 nan 32026.000000 nan nan nan 0.469265 2.071767 1.227194 -30.547119 -29.769577 -0.696082 0.000000 0.901659 1496
bicyclist -1 -1 nan 32033.000000 nan nan nan 1.619330 1.407399 1.045001 8.826479 11.847857 -1.302832 0.000000 0.923267 374
