car -1 -1 nan 32112.000000 nan nan nan 0.542196 1.120823 0.906545 -23.900094 -34.314954 -0.909651 0.000000 0.573279 1636
car -1 -1 nan 32090.000000 nan nan nan 0.251938 1.239748 0.455399 43.708628 -20.587979 -1.129891 0.000000 0.781329 1628
car -1 -1 nan 32117.000000 nan nan nan 1.082291 1.019031 1.594501 20.117511 41.762524 -1.696501 0.000000 0.852628 1618
car -1 -1 nan 32115.000000 nan nan nan 0.786827 1.685737 1.558115 -35.594645 26.542433 -1.727521 0.000000 0.753434 1604
car -1 -1 nan 32119.000000 nan nan nan 1.246617 2.397575 2.637881 -26.202962 13.785311 -1.411047 0.000000 0.895772 1605
car -1 -1 nan 32099.000000 nan nan nan 1.315932 1.927689 2.678830 34.058605 -14.947931 -0.759240 0.000000 0.938695 1599
car -1 -1 nan 32111.000000 nan nan nan 1.623235 2.905463 3.660000 25.207717 -10.029405 -0.657797 0.000000 0.925619 1595
car -1 -1 nan 32093.000000 nan nan nan 1.465533 3.265363 3.383716 20.586870 -6.859637 -0.847234 0.000000 0.926219 1588
car -1 -1 nan 32116.000000 nan nan nan 1.618603 1.262935 1.839781 18.785690 30.580220 -1.210442 0.000000 0.823013 1589
car -1 -1 nan 32097.000000 nan nan nan 1.241978 2.711443 3.316760 7.345894 33.209438 -1.600698 0.000000 0.949125 1578
car -1 -1 nan 32094.000000 nan nan nan 1.243820 2.339720 3.271957 -16.892737 14.868423 -1.423359 0.000000 0.945400 1574
car -1 -1 nan 32107.000000 nan nan nan 1.412561 2.077632 3.812780 -11.183146 11.583938 -1.239409 0.000000 0.954455 1567
car -1 -1 nan 32108.000000 nan nan nan 1.503186 4.049734 2.212441 -15.257002 -10.201374 -0.815653 0.000000 0.951335 1541
car -1 -1 nan 32109.000000 nan nan nan 1.481495 4.229173 1.977049 -18.999554 -17.199758 -0.759722 0.000000 0.920310 1529
car -1 -1 nan 32088.000000 nan nan nan 1.304951 3.899031 2.412970 -12.407466 -15.763530 -0.814549 0.000000 0.917526 1514
car -1 -1 nan 32100.000000 nan nan nan 1.537066 4.011807 2.223038 -21.896949 -22.382105 -0.653363 0.000000 0.872380 1499
car -1 -1 nan 32095.000000 nan nan nan 0.692381 1.244679 1.389577 -28.075321 -31.623446 -1.051326 0.000000 0.730958 1496
bicyclist -1 -1 nan 32092.000000 nan nan nan 1.645700 1.592521 0.986340 7.353485 13.612436 -1.155872 0.000000 0.915071 374
