car -1 -1 nan 31673.000000 nan nan nan 0.814435 1.223957 0.610963 42.339357 26.024969 -0.599640 0.000000 0.631103 1622
car -1 -1 nan 31676.000000 nan nan nan 0.942495 0.603634 0.975939 -44.984275 -18.916622 -1.803078 0.000000 0.760127 1471
car -1 -1 nan 31687.000000 nan nan nan 1.106809 1.436879 0.870192 42.764274 23.677410 -0.413369 0.000000 0.745020 1618
car -1 -1 nan 31661.000000 nan nan nan 0.343151 0.372161 0.762820 -16.841908 47.462045 -2.444399 0.000000 0.752230 1611
car -1 -1 nan 31688.000000 nan nan nan 1.426001 1.599993 1.955702 -12.442872 39.691814 -2.107872 0.000000 0.828960 1604
car -1 -1 nan 31689.000000 nan nan nan 1.291646 2.747206 2.460257 -11.147176 23.992242 -1.757334 0.000000 0.871919 1605
car -1 -1 nan 31684.000000 nan nan nan 1.016325 1.325510 0.807530 -40.099627 -15.688855 -1.596263 0.000000 0.604080 1504
car -1 -1 nan 31659.000000 nan nan nan 1.394013 2.945720 1.985493 25.408451 -31.718245 -0.047064 0.000000 0.927814 1599
car -1 -1 nan 31674.000000 nan nan nan 1.671747 3.885876 2.168607 20.215731 -23.209147 -0.100643 0.000000 0.880084 1595
car -1 -1 nan 31685.000000 nan nan nan 1.551150 4.015840 2.378580 18.014516 -18.096298 -0.282516 0.000000 0.906727 1588
car -1 -1 nan 31672.000000 nan nan nan 1.627591 3.141165 2.902550 36.407911 15.361684 -0.187330 0.000000 0.843464 1589
car -1 -1 nan 31663.000000 nan nan nan 1.018316 2.623849 1.962678 27.601877 22.634034 -0.737757 0.000000 0.830242 1578
car -1 -1 nan 31678.000000 nan nan nan 1.258293 3.363863 2.748283 -2.286500 19.772040 -1.444882 0.000000 0.943025 1574
car -1 -1 nan 31657.000000 nan nan nan 1.440738 3.453116 3.017057 0.753460 14.270550 -1.246502 0.000000 0.936865 1567
car -1 -1 nan 31677.000000 nan nan nan 1.600356 3.456141 3.513885 -14.134625 -1.818876 -1.213909 0.000000 0.944308 1541
car -1 -1 nan 31680.000000 nan nan nan 1.579358 3.192392 3.504964 -21.129853 -5.915893 -1.331402 0.000000 0.944029 1529
car -1 -1 nan 31662.000000 nan nan nan 1.291093 2.087860 2.722266 -14.422773 -7.879215 -1.217893 0.000000 0.920673 1514
car -1 -1 nan 31669.000000 nan nan nan 1.648003 2.630299 3.569176 -26.161120 -8.775553 -1.393968 0.000000 0.884601 1499
car -1 -1 nan 31670.000000 nan nan nan 0.949171 2.573043 2.523702 -36.707256 -14.217649 -1.879620 0.000000 0.927579 1496
bicyclist -1 -1 nan 31667.000000 nan nan nan 1.540185 0.830851 1.249245 11.363369 3.560127 -0.702005 0.000000 0.928318 374
