car -1 -1 nan 35437.000000 nan nan nan 1.434674 3.486082 1.552195 7.701679 -29.458999 -0.919864 0.000000 0.919975 1796
car -1 -1 nan 35432.000000 nan nan nan 1.518732 4.676835 1.988716 11.987280 36.394956 -1.000251 0.000000 0.874264 1791
car -1 -1 nan 35433.000000 nan nan nan 0.545328 2.261422 2.696440 -3.848864 -12.590177 -0.379291 0.000000 0.879677 1786
car -1 -1 nan 35441.000000 nan nan nan 1.200799 1.787241 3.805948 28.117812 2.463506 -0.642152 0.000000 0.870385 1770
car -1 -1 nan 35429.000000 nan nan nan 1.822427 2.019459 3.873705 18.402526 -1.735686 -0.540395 0.000000 0.886978 1762
car -1 -1 nan 35443.000000 nan nan nan 0.432749 1.483604 0.824244 -38.998088 3.711972 -1.871921 0.000000 0.857108 1698
car -1 -1 nan 35430.000000 nan nan nan 0.217001 1.397607 0.545614 -44.160079 -1.012067 -1.772956 0.000000 0.785043 1688
person -1 -1 nan 35439.000000 nan nan nan 1.459391 0.703562 0.511159 9.878606 11.844167 -0.932770 0.000000 0.960380 348
person -1 -1 nan 35445.000000 nan nan nan 1.477677 0.541738 0.398153 19.386275 4.112332 -0.563889 0.000000 0.932817 342
person -1 -1 nan 35447.000000 nan nan nan 1.363457 0.414873 0.502227 -29.283407 6.536621 -1.283411 0.000000 0.875960 338
bicycle -1 -1 nan 35392.000000 nan nan nan 0.619026 0.855332 0.621812 27.964641 7.985372 -0.318720 0.000000 0.854701 505
bicycle -1 -1 nan 35440.000000 nan nan nan 0.457292 0.285988 0.416233 19.528537 25.951228 -1.218523 0.000000 0.611205 503
motorcycle -1 -1 nan 35435.000000 nan nan nan 1.121418 1.364299 0.655578 -28.159596 7.258381 -1.183949 0.000000 0.842888 497
