car -1 -1 nan 33604.000000 nan nan nan 0.951189 0.249667 2.645179 -36.243985 3.515499 -0.961360 0.000000 0.762346 1588
car -1 -1 nan 33580.000000 nan nan nan 0.870211 0.599129 0.820826 9.170206 -41.040919 -0.948452 0.000000 0.830606 1723
car -1 -1 nan 33592.000000 nan nan nan 1.428058 3.366377 1.658495 9.320835 18.772301 -0.813294 0.000000 0.921159 1718
car -1 -1 nan 33587.000000 nan nan nan 1.356012 2.132984 1.680874 4.314676 -40.127322 -1.534331 0.000000 0.919837 1716
car -1 -1 nan 33591.000000 nan nan nan 1.297347 2.556012 1.744081 -0.138667 -17.840209 -1.222026 0.000000 0.944781 1712
car -1 -1 nan 33601.000000 nan nan nan 1.450187 3.483937 1.491298 4.644426 -26.421118 -1.336149 0.000000 0.908201 1710
car -1 -1 nan 33603.000000 nan nan nan 1.234074 3.941273 1.727598 4.946068 -20.210618 -1.270014 0.000000 0.911434 1709
car -1 -1 nan 33602.000000 nan nan nan 1.299859 1.699878 3.526673 23.419269 2.504253 -1.019002 0.000000 0.939366 1698
car -1 -1 nan 33590.000000 nan nan nan 1.330241 1.717449 3.784160 17.663375 -2.059771 -1.076264 0.000000 0.894412 1688
car -1 -1 nan 33585.000000 nan nan nan 1.647892 1.877179 3.634273 -8.503257 3.368920 -0.963045 0.000000 0.946460 1662
car -1 -1 nan 33593.000000 nan nan nan 1.539141 1.600948 3.198009 -21.275940 4.050885 -1.077901 0.000000 0.906602 1599
car -1 -1 nan 33598.000000 nan nan nan 1.720381 1.636900 4.248230 -31.073897 4.050661 -0.921482 0.000000 0.910602 1595
bicycle -1 -1 nan 33596.000000 nan nan nan 0.892543 1.375820 0.623133 21.939101 7.552950 -1.112526 0.000000 0.870878 468
motorcycle -1 -1 nan 33605.000000 nan nan nan 0.766090 0.827017 0.949202 0.796978 4.221090 -1.382241 0.000000 0.675960 466
