other-vehicle -1 -1 nan 34219.000000 nan nan nan 0.126595 1.089463 0.247041 29.122463 5.691044 -0.767726 0.000000 0.868745 1736
car -1 -1 nan 34243.000000 nan nan nan 1.263434 1.941345 1.968758 -16.156910 -27.612271 -1.030222 0.000000 0.847447 1742
car -1 -1 nan 34276.000000 nan nan nan 0.877339 0.647636 1.352064 -16.667182 -27.519820 -1.072266 0.000000 0.730809 1739
car -1 -1 nan 34271.000000 nan nan nan 1.139722 1.892675 0.533797 -4.472177 41.811422 -0.764507 0.000000 0.803120 1738
car -1 -1 nan 34267.000000 nan nan nan 1.050166 3.503251 1.863008 -5.293704 35.867368 -0.982664 0.000000 0.707640 1728
car -1 -1 nan 34260.000000 nan nan nan 1.420471 3.079625 1.833752 -1.308584 18.036937 -0.753629 0.000000 0.901399 1718
car -1 -1 nan 34252.000000 nan nan nan 0.901916 2.047277 1.531923 -9.029432 -40.319458 -1.592762 0.000000 0.799464 1716
car -1 -1 nan 34257.000000 nan nan nan 1.276134 3.200763 1.490765 -12.395631 -18.144431 -1.492852 0.000000 0.957124 1712
car -1 -1 nan 34275.000000 nan nan nan 1.059198 2.816965 1.535453 -7.736532 -26.650328 -1.418762 0.000000 0.901746 1710
car -1 -1 nan 34270.000000 nan nan nan 1.219363 4.131640 1.619425 -7.324566 -20.550439 -1.435641 0.000000 0.891260 1709
car -1 -1 nan 34269.000000 nan nan nan 1.378695 1.865511 3.853682 11.899006 1.351130 -0.880749 0.000000 0.949614 1698
car -1 -1 nan 34266.000000 nan nan nan 1.357561 1.968137 4.130979 6.135092 -2.924753 -0.999446 0.000000 0.918105 1688
car -1 -1 nan 34258.000000 nan nan nan 1.524049 1.747975 3.367088 -19.743274 3.610255 -1.281359 0.000000 0.947048 1662
car -1 -1 nan 34262.000000 nan nan nan 1.424555 1.409658 3.071498 -32.614598 4.795330 -1.498883 0.000000 0.916670 1599
car -1 -1 nan 34268.000000 nan nan nan 1.558896 1.735702 3.518747 -42.163269 5.338856 -1.440018 0.000000 0.810543 1595
person -1 -1 nan 34277.000000 nan nan nan 1.148757 0.444711 0.711750 -9.649873 40.237289 -0.421738 0.000000 0.882051 330
person -1 -1 nan 34160.000000 nan nan nan 0.372702 1.199000 1.064202 36.439325 2.410597 -0.519203 0.000000 0.807584 329
bicyclist -1 -1 nan 34253.000000 nan nan nan 1.081590 1.019861 0.499348 0.064887 43.007930 -0.567957 0.000000 0.841177 474
bicycle -1 -1 nan 34261.000000 nan nan nan 1.063676 1.635500 0.733326 10.773489 6.491268 -0.935052 0.000000 0.914033 468
