car -1 -1 nan 35135.000000 nan nan nan 0.382964 0.327405 0.223455 42.771259 7.560655 0.309094 0.000000 0.644761 1787
car -1 -1 nan 35144.000000 nan nan nan 0.524957 2.296037 1.881904 2.230743 -12.620802 -0.346137 0.000000 0.932504 1786
car -1 -1 nan 35148.000000 nan nan nan 1.066015 1.658808 3.316836 33.515274 2.720454 -0.221678 0.000000 0.834946 1770
car -1 -1 nan 35141.000000 nan nan nan 1.737572 1.981143 3.731559 24.141666 -1.494813 -0.283668 0.000000 0.855592 1762
car -1 -1 nan 35147.000000 nan nan nan 1.019083 1.637150 3.493730 -34.348855 3.352143 -1.934035 0.000000 0.835963 1698
car -1 -1 nan 35149.000000 nan nan nan 0.648501 1.982042 2.216242 -38.723040 -1.194864 -2.236082 0.000000 0.773001 1688
person -1 -1 nan 35140.000000 nan nan nan 0.739986 0.268299 0.427721 -45.739108 -5.936984 -1.832304 0.000000 0.855893 350
person -1 -1 nan 35143.000000 nan nan nan 1.408475 0.613724 0.545165 14.126189 12.884137 -0.645463 0.000000 0.946221 348
person -1 -1 nan 35150.000000 nan nan nan 1.426072 0.579854 0.514142 28.162381 4.089554 -0.141084 0.000000 0.953054 342
person -1 -1 nan 35142.000000 nan nan nan 1.343723 0.384897 0.603103 -23.700354 6.276736 -1.433122 0.000000 0.893335 338
motorcycle -1 -1 nan 35124.000000 nan nan nan 1.266788 1.064587 0.749114 -22.633162 6.982372 -1.447744 0.000000 0.937787 497
