car -1 -1 nan 34301.000000 nan nan nan 0.375956 1.109838 0.711832 -6.483970 42.567556 -0.056764 0.000000 0.632117 1738
car -1 -1 nan 34327.000000 nan nan nan 0.959529 1.069070 1.298312 -7.434478 34.712637 -0.888284 0.000000 0.825138 1728
car -1 -1 nan 34320.000000 nan nan nan 1.456916 3.320822 1.852244 -2.936428 18.083745 -0.689738 0.000000 0.878372 1718
car -1 -1 nan 34318.000000 nan nan nan 0.478975 0.360655 0.486934 -10.063181 -39.940856 -1.592208 0.000000 0.603623 1716
car -1 -1 nan 34312.000000 nan nan nan 1.378359 3.157876 1.491920 -13.543083 -18.316208 -1.586318 0.000000 0.950934 1712
car -1 -1 nan 34335.000000 nan nan nan 0.855237 3.121748 2.550625 -8.522625 -26.507059 -1.391634 0.000000 0.875648 1710
car -1 -1 nan 34329.000000 nan nan nan 1.108637 3.914776 1.616955 -8.446951 -20.631590 -1.459135 0.000000 0.941554 1709
car -1 -1 nan 34328.000000 nan nan nan 1.395889 1.884369 4.037678 10.596658 1.489760 -0.889204 0.000000 0.939413 1698
car -1 -1 nan 34326.000000 nan nan nan 1.712903 1.805358 4.102664 4.790430 -2.825348 -0.905067 0.000000 0.956638 1688
car -1 -1 nan 34317.000000 nan nan nan 1.581646 1.678117 3.314522 -21.109697 3.365810 -1.260085 0.000000 0.953189 1662
car -1 -1 nan 34324.000000 nan nan nan 1.310887 1.392303 2.893290 -34.020601 4.420168 -1.464225 0.000000 0.829260 1599
car -1 -1 nan 34315.000000 nan nan nan 1.487578 1.813804 3.600106 -43.747686 4.683880 -1.387013 0.000000 0.824759 1595
person -1 -1 nan 34283.000000 nan nan nan 0.748547 0.702040 0.321326 -12.165070 41.130743 -0.504308 0.000000 0.478827 330
bicyclist -1 -1 nan 34253.000000 nan nan nan 1.081590 1.019861 0.499348 -1.572583 42.369677 -0.683927 0.000000 0.841177 474
bicycle -1 -1 nan 34316.000000 nan nan nan 1.036741 1.668615 0.777280 9.238850 6.668719 -0.890546 0.000000 0.894573 468
