car -1 -1 nan 35329.000000 nan nan nan 1.531122 4.799492 1.929439 13.289135 36.458552 -0.512528 0.000000 0.875995 1791
car -1 -1 nan 35334.000000 nan nan nan 0.467030 2.654579 2.755314 -2.088597 -12.621753 -0.497179 0.000000 0.896592 1786
car -1 -1 nan 35343.000000 nan nan nan 1.235414 1.758771 2.969851 29.438824 2.694444 -0.668047 0.000000 0.865964 1770
car -1 -1 nan 35342.000000 nan nan nan 1.827090 1.997840 3.941869 20.041704 -1.538214 -0.658866 0.000000 0.853204 1762
car -1 -1 nan 35337.000000 nan nan nan 0.692812 1.597664 2.193855 -38.004335 3.354578 -1.501509 0.000000 0.701681 1698
car -1 -1 nan 35341.000000 nan nan nan 1.092005 1.567983 1.620002 -42.963617 -1.319690 -1.675840 0.000000 0.763637 1688
person -1 -1 nan 35335.000000 nan nan nan 1.432828 0.591685 0.576651 11.165503 12.556085 -0.815567 0.000000 0.920658 348
person -1 -1 nan 35326.000000 nan nan nan 1.530796 0.522195 0.548234 21.994058 4.250189 -0.559598 0.000000 0.942140 342
person -1 -1 nan 35346.000000 nan nan nan 1.259507 0.408086 0.319301 -27.773197 6.282122 -1.044093 0.000000 0.925646 338
bicycle -1 -1 nan 35323.000000 nan nan nan 0.435871 1.063817 0.328117 19.218266 28.863316 -0.348800 0.000000 0.710943 503
motorcycle -1 -1 nan 35332.000000 nan nan nan 1.205361 1.269558 0.763256 -26.603351 7.114215 -0.981919 0.000000 0.868474 497
