car -1 -1 nan 35107.000000 nan nan nan 0.689271 0.615663 1.232993 17.545557 -39.780850 -0.472424 0.000000 0.738175 1783
car -1 -1 nan 35105.000000 nan nan nan 0.378859 2.253209 1.838809 3.454516 -12.696801 -0.245069 0.000000 0.921256 1786
car -1 -1 nan 35081.000000 nan nan nan 0.895643 2.387477 0.285965 13.749670 -30.055495 -0.954249 0.000000 0.872897 1780
car -1 -1 nan 35108.000000 nan nan nan 1.105017 1.812637 2.206514 34.401800 2.637032 -0.244777 0.000000 0.927060 1770
car -1 -1 nan 35102.000000 nan nan nan 1.659717 1.989700 3.769108 25.333002 -1.558366 -0.265653 0.000000 0.792099 1762
car -1 -1 nan 35106.000000 nan nan nan 1.332474 1.540050 3.303634 -33.201363 3.380098 -1.731507 0.000000 0.890959 1698
car -1 -1 nan 35109.000000 nan nan nan 1.178527 1.666117 2.635323 -37.614671 -1.244368 -1.911894 0.000000 0.844185 1688
person -1 -1 nan 35104.000000 nan nan nan 1.382490 0.472120 0.546411 15.060228 12.768254 -0.650541 0.000000 0.941084 348
person -1 -1 nan 35111.000000 nan nan nan 1.383271 0.527019 0.549866 29.835697 3.988061 -0.202448 0.000000 0.953017 342
person -1 -1 nan 35103.000000 nan nan nan 1.412216 0.449832 0.591209 -22.541076 6.359948 -1.403359 0.000000 0.916665 338
motorcycle -1 -1 nan 35028.000000 nan nan nan 1.602441 1.382432 1.006768 -21.718909 7.169939 -1.332272 0.000000 0.936604 497
bicycle -1 -1 nan 35058.000000 nan nan nan 0.666587 1.118101 0.386743 -35.806906 8.456846 -1.660195 0.000000 0.686773 468
