car -1 -1 nan 35135.000000 nan nan nan 0.382964 0.327405 0.223455 43.182343 7.193597 0.154042 0.000000 0.644761 1787
car -1 -1 nan 35107.000000 nan nan nan 0.689271 0.615663 1.232993 16.884453 -39.539168 -0.434090 0.000000 0.738175 1783
car -1 -1 nan 35123.000000 nan nan nan 0.600067 2.469428 2.175664 2.726666 -12.573399 -0.384091 0.000000 0.902743 1786
car -1 -1 nan 35126.000000 nan nan nan 1.085100 1.718872 2.551657 33.825721 2.662541 -0.232842 0.000000 0.941503 1770
car -1 -1 nan 35130.000000 nan nan nan 1.727256 1.989382 3.834505 24.729278 -1.519431 -0.287359 0.000000 0.788495 1762
car -1 -1 nan 35128.000000 nan nan nan 1.226673 1.498648 3.356161 -33.797989 3.346317 -1.748372 0.000000 0.915487 1698
car -1 -1 nan 35131.000000 nan nan nan 0.871180 1.804539 2.196772 -38.147525 -1.342052 -2.021325 0.000000 0.852468 1688
person -1 -1 nan 35120.000000 nan nan nan 0.777945 0.345804 0.320947 -45.108315 -5.898182 -1.609562 0.000000 0.659537 350
person -1 -1 nan 35119.000000 nan nan nan 1.411060 0.607161 0.521294 14.588430 12.867427 -0.648136 0.000000 0.955882 348
person -1 -1 nan 35133.000000 nan nan nan 1.344122 0.472389 0.519893 28.954258 4.034475 -0.193273 0.000000 0.945231 342
person -1 -1 nan 35136.000000 nan nan nan 1.341001 0.311694 0.493599 -23.145773 6.291986 -1.407727 0.000000 0.900149 338
motorcycle -1 -1 nan 35124.000000 nan nan nan 1.266788 1.064587 0.749114 -21.964510 7.045945 -1.433949 0.000000 0.937787 497
bicycle -1 -1 nan 35058.000000 nan nan nan 0.666587 1.118101 0.386743 -36.544948 8.415440 -1.633545 0.000000 0.686773 468
