car -1 -1 nan 33733.000000 nan nan nan 1.532734 3.314271 1.692111 3.144108 35.831670 -1.124650 0.000000 0.807250 1728
car -1 -1 nan 33743.000000 nan nan nan 0.461430 1.236507 1.094716 11.705173 47.922655 -1.636152 0.000000 0.870164 1726
car -1 -1 nan 33716.000000 nan nan nan 0.606851 0.270528 2.674267 -38.697563 4.346744 -0.420838 0.000000 0.790100 1588
car -1 -1 nan 33699.000000 nan nan nan 0.629952 0.344434 0.459153 6.019171 -41.444433 -0.786264 0.000000 0.641537 1723
car -1 -1 nan 33730.000000 nan nan nan 1.469555 3.385179 1.833156 7.611272 18.519556 -1.085365 0.000000 0.954527 1718
car -1 -1 nan 33727.000000 nan nan nan 1.133085 1.394299 1.311672 1.141346 -39.903676 -1.248186 0.000000 0.812845 1716
car -1 -1 nan 33729.000000 nan nan nan 1.313560 2.968766 1.617784 -2.684022 -17.922742 -1.119570 0.000000 0.950293 1712
car -1 -1 nan 33738.000000 nan nan nan 1.296312 3.159124 1.656702 1.902800 -26.493726 -1.142729 0.000000 0.928863 1710
car -1 -1 nan 33740.000000 nan nan nan 1.293380 3.928472 1.755737 2.277077 -20.282363 -1.145636 0.000000 0.923663 1709
car -1 -1 nan 33741.000000 nan nan nan 1.359699 1.733264 3.586319 21.338910 1.967708 -1.340970 0.000000 0.935088 1698
car -1 -1 nan 33724.000000 nan nan nan 1.357889 1.858268 3.877750 15.496356 -2.529280 -1.264133 0.000000 0.891122 1688
car -1 -1 nan 33736.000000 nan nan nan 1.556487 1.678920 3.604760 -10.612400 3.498871 -0.889219 0.000000 0.951490 1662
car -1 -1 nan 33728.000000 nan nan nan 1.568602 1.582772 3.123289 -23.282089 4.513932 -0.866971 0.000000 0.893702 1599
car -1 -1 nan 33746.000000 nan nan nan 1.762972 1.734936 3.912918 -33.178343 4.760735 -0.536887 0.000000 0.858876 1595
bicyclist -1 -1 nan 33726.000000 nan nan nan 1.300157 1.022099 0.454899 8.758981 48.743246 -1.144819 0.000000 0.870324 474
bicycle -1 -1 nan 33737.000000 nan nan nan 0.978349 1.362076 0.642066 19.977170 7.111678 -1.385854 0.000000 0.898368 468
