car -1 -1 nan 38222.000000 nan nan nan 0.934118 1.286235 0.293792 43.690797 10.134734 -0.618671 0.000000 0.769914 1961
other-vehicle -1 -1 nan 38221.000000 nan nan nan 0.519280 0.867824 1.537976 -4.008581 11.597989 -1.283249 0.000000 0.748715 1962
car -1 -1 nan 38218.000000 nan nan nan 0.722605 0.868283 1.665599 36.644920 6.469861 -0.850268 0.000000 0.530064 1960
car -1 -1 nan 38224.000000 nan nan nan 1.169686 1.673246 3.103584 38.073836 1.863686 -0.819917 0.000000 0.931289 1954
car -1 -1 nan 38220.000000 nan nan nan 1.287726 1.626949 3.525595 -20.120971 3.983356 -1.102016 0.000000 0.940415 1918
car -1 -1 nan 38211.000000 nan nan nan 1.619076 1.741506 4.180478 -8.659311 4.786603 -0.950835 0.000000 0.931019 1882
person -1 -1 nan 38203.000000 nan nan nan 0.705943 0.389790 0.899220 -38.964940 -1.270552 -1.181994 0.000000 0.867727 411
person -1 -1 nan 38223.000000 nan nan nan 0.782090 0.280805 0.815759 -47.085667 -1.095461 -0.980562 0.000000 0.771676 410
bicyclist -1 -1 nan 38219.000000 nan nan nan 1.280682 0.563328 0.819778 -40.596094 1.101395 -1.061728 0.000000 0.893727 538
bicyclist -1 -1 nan 38217.000000 nan nan nan 1.672437 0.591254 1.660236 14.107731 -1.383841 -0.788758 0.000000 0.936478 534
