car -1 -1 nan 38210.000000 nan nan nan 0.764515 0.962885 0.228157 44.421203 10.215462 -0.519461 0.000000 0.709515 1961
other-vehicle -1 -1 nan 38205.000000 nan nan nan 0.581740 0.778325 1.424287 -3.297335 11.642205 -1.359545 0.000000 0.699478 1962
car -1 -1 nan 38209.000000 nan nan nan 0.315814 0.642967 0.431959 37.188333 6.572295 -0.614328 0.000000 0.298211 1960
car -1 -1 nan 38207.000000 nan nan nan 0.843521 1.687853 1.210187 38.313116 1.961687 -0.839296 0.000000 0.799848 1954
car -1 -1 nan 38202.000000 nan nan nan 1.347967 1.636920 3.546730 -19.054009 3.947316 -1.208923 0.000000 0.923876 1918
car -1 -1 nan 38196.000000 nan nan nan 1.584207 1.965609 4.182714 -7.879336 4.800995 -0.987879 0.000000 0.929630 1882
person -1 -1 nan 38203.000000 nan nan nan 0.705943 0.389790 0.899220 -38.269021 -1.371159 -1.163580 0.000000 0.867727 411
person -1 -1 nan 38199.000000 nan nan nan 1.003475 0.458732 0.795994 -46.347913 -1.186713 -1.052078 0.000000 0.792530 410
bicyclist -1 -1 nan 38208.000000 nan nan nan 1.253482 0.558618 0.734992 -40.348756 1.077611 -1.316597 0.000000 0.847054 538
bicyclist -1 -1 nan 38200.000000 nan nan nan 1.706171 0.583574 1.488427 14.275239 -1.339583 -0.744540 0.000000 0.923494 534
