other-vehicle -1 -1 nan 38235.000000 nan nan nan 0.526951 1.127146 0.981647 -14.535373 -31.242399 -1.585158 0.000000 0.819924 1966
car -1 -1 nan 38240.000000 nan nan nan 0.329629 1.051555 0.238547 42.886429 10.129739 -0.889404 0.000000 0.738995 1961
other-vehicle -1 -1 nan 38226.000000 nan nan nan 0.609839 0.738796 1.361678 -4.849390 11.634018 -1.314500 0.000000 0.743691 1962
car -1 -1 nan 38218.000000 nan nan nan 0.722605 0.868283 1.665599 35.841655 6.348707 -0.959938 0.000000 0.530064 1960
car -1 -1 nan 38237.000000 nan nan nan 1.202041 1.689612 3.424155 37.662908 1.825622 -0.902725 0.000000 0.893902 1954
car -1 -1 nan 38234.000000 nan nan nan 1.265632 1.641718 3.553263 -21.185869 3.998726 -1.048974 0.000000 0.917261 1918
car -1 -1 nan 38239.000000 nan nan nan 1.612814 1.784152 4.152140 -9.415833 4.775278 -0.914951 0.000000 0.890859 1882
person -1 -1 nan 38238.000000 nan nan nan 1.094146 0.425043 0.929665 -39.835090 -1.261592 -1.060093 0.000000 0.825385 411
person -1 -1 nan 38229.000000 nan nan nan 0.523020 0.608025 0.861549 -47.903371 -0.978112 -0.848601 0.000000 0.804298 410
bicyclist -1 -1 nan 38242.000000 nan nan nan 1.293274 0.453111 0.901338 -40.757493 1.047012 -0.944269 0.000000 0.897864 538
bicyclist -1 -1 nan 38231.000000 nan nan nan 1.666220 0.602054 1.731243 13.927584 -1.423791 -0.813741 0.000000 0.929538 534
