car -1 -1 nan 39360.000000 nan nan nan 1.019039 3.679677 2.576094 10.647904 15.967872 -0.665225 0.000000 0.902856 2022
car -1 -1 nan 39358.000000 nan nan nan 0.926894 1.509678 1.680854 42.434540 4.004378 -0.906008 0.000000 0.847534 2018
car -1 -1 nan 39347.000000 nan nan nan 1.186937 1.297394 2.980239 22.245908 3.676354 -0.909055 0.000000 0.915084 2016
car -1 -1 nan 39357.000000 nan nan nan 0.972935 0.667040 3.663953 27.302959 3.361973 -0.877988 0.000000 0.893590 2013
car -1 -1 nan 39354.000000 nan nan nan 1.138679 1.921125 4.318764 15.603047 3.333743 -1.011451 0.000000 0.851498 2005
car -1 -1 nan 39353.000000 nan nan nan 1.459430 1.737518 3.996777 4.103057 2.993407 -0.948106 0.000000 0.943440 1998
car -1 -1 nan 39351.000000 nan nan nan 1.277524 4.135544 1.433851 -17.180457 11.927381 -0.938478 0.000000 0.940025 1995
car -1 -1 nan 39355.000000 nan nan nan 1.329277 1.955454 4.003007 -9.870070 2.750366 -1.114628 0.000000 0.883217 1980
car -1 -1 nan 39344.000000 nan nan nan 1.303954 1.773044 4.215965 -2.972860 2.819825 -1.009442 0.000000 0.969956 1975
car -1 -1 nan 39349.000000 nan nan nan 1.489393 1.850460 3.864751 -22.151511 2.447966 -1.108230 0.000000 0.930816 1954
bicycle -1 -1 nan 39292.000000 nan nan nan 0.733049 0.519744 0.452237 -18.917340 18.262772 -1.764947 0.000000 0.696212 575
bicycle -1 -1 nan 39302.000000 nan nan nan 0.551133 0.396317 0.428101 -29.340529 9.987369 -1.634523 0.000000 0.595097 574
bicyclist -1 -1 nan 39352.000000 nan nan nan 1.683017 0.569236 1.803881 -14.360556 -1.869437 -1.006925 0.000000 0.937512 534
