car -1 -1 nan 40823.000000 nan nan nan 0.546561 1.183001 0.371371 32.561929 11.386128 -0.958927 0.000000 0.494802 2115
truck -1 -1 nan 40826.000000 nan nan nan 0.847022 1.278239 2.123410 0.167825 -49.113822 -2.083257 0.000000 0.774898 2117
car -1 -1 nan 40803.000000 nan nan nan 0.124995 0.261970 0.338347 37.505022 -19.629110 -0.705538 0.000000 0.486520 2114
car -1 -1 nan 40836.000000 nan nan nan 0.872691 0.986231 1.158455 -41.569376 2.713390 -1.656554 0.000000 0.772926 2111
car -1 -1 nan 40834.000000 nan nan nan 0.812614 1.115912 1.007884 38.128985 -2.281933 -1.084732 0.000000 0.492012 2084
car -1 -1 nan 40837.000000 nan nan nan 0.645248 1.917673 1.167912 43.603507 -14.815452 -0.589620 0.000000 0.712412 2109
car -1 -1 nan 40843.000000 nan nan nan 0.449221 2.995913 0.610006 43.957000 -11.129985 -0.935226 0.000000 0.764983 2106
car -1 -1 nan 40829.000000 nan nan nan 1.237700 1.451200 2.743784 18.109850 19.806258 -1.370896 0.000000 0.902694 2082
car -1 -1 nan 40845.000000 nan nan nan 1.030390 1.805018 2.844329 36.875591 0.886421 -0.899499 0.000000 0.897273 2074
car -1 -1 nan 40840.000000 nan nan nan 0.685129 0.351136 1.250680 -36.001153 2.508388 -1.778807 0.000000 0.845185 2032
car -1 -1 nan 40833.000000 nan nan nan 1.643829 1.575421 2.084516 -30.200615 3.029351 -1.213722 0.000000 0.925933 2027
person -1 -1 nan 40797.000000 nan nan nan 0.535799 0.465006 0.368578 19.352698 -16.176723 -0.751104 0.000000 0.922310 446
bicycle -1 -1 nan 40781.000000 nan nan nan 0.763219 1.150002 1.022244 -10.418357 5.214815 -1.375366 0.000000 0.777315 602
bicycle -1 -1 nan 40841.000000 nan nan nan 0.634461 1.174412 0.912681 -10.565236 17.500321 -1.683741 0.000000 0.855044 591
bicyclist -1 -1 nan 40825.000000 nan nan nan 1.488941 2.567107 0.687242 -5.029509 25.354849 -1.346095 0.000000 0.823025 587
bicyclist -1 -1 nan 40830.000000 nan nan nan 1.550661 0.637979 1.209156 15.549990 -1.489420 -0.723077 0.000000 0.912284 582
