car -1 -1 nan 40197.000000 nan nan nan 0.995792 2.209093 1.528506 -46.442583 11.631026 -0.967939 0.000000 0.815368 2060
car -1 -1 nan 40205.000000 nan nan nan 1.249686 0.486338 1.042245 43.303390 6.050583 -0.485054 0.000000 0.881804 2059
car -1 -1 nan 40218.000000 nan nan nan 1.274813 1.688463 4.158662 -3.519496 3.229189 -1.081481 0.000000 0.962611 2032
car -1 -1 nan 40212.000000 nan nan nan 1.978428 1.828642 3.864428 2.425102 3.276880 -0.671700 0.000000 0.955417 2027
car -1 -1 nan 40203.000000 nan nan nan 1.311318 1.835706 4.032120 -8.488736 3.336880 -1.160325 0.000000 0.964047 2018
car -1 -1 nan 40217.000000 nan nan nan 1.214836 0.605682 2.884877 -29.842563 3.127551 -1.416098 0.000000 0.905294 2016
car -1 -1 nan 40213.000000 nan nan nan 1.236657 1.619632 4.108031 -24.321284 3.392787 -1.315187 0.000000 0.974466 2013
car -1 -1 nan 40214.000000 nan nan nan 0.787562 0.764705 3.176005 -35.981056 2.881114 -1.717043 0.000000 0.782200 2005
car -1 -1 nan 40207.000000 nan nan nan 0.482665 0.707567 0.387988 -46.612562 3.206307 -1.327370 0.000000 0.684012 1998
bicyclist -1 -1 nan 40210.000000 nan nan nan 1.478090 1.158872 0.665495 34.124707 -1.198764 -0.482450 0.000000 0.884073 582
bicyclist -1 -1 nan 40215.000000 nan nan nan 1.381663 0.568215 1.181264 -42.830622 -0.700258 -1.510821 0.000000 0.710366 534
