car -1 -1 nan 39697.000000 nan nan nan 0.832791 0.447601 3.182563 28.081827 3.075165 -1.045392 0.000000 0.889676 2032
car -1 -1 nan 39687.000000 nan nan nan 1.705213 1.594008 3.186505 34.578034 3.825082 -0.455567 0.000000 0.914469 2027
car -1 -1 nan 39689.000000 nan nan nan 1.080002 1.874389 1.615525 -11.940268 16.384072 -0.958466 0.000000 0.942616 2026
car -1 -1 nan 39699.000000 nan nan nan 1.450947 1.346002 1.728404 -8.919749 14.697080 -0.951806 0.000000 0.793282 2022
car -1 -1 nan 39691.000000 nan nan nan 1.195282 1.823453 3.786993 23.017645 3.759919 -0.900429 0.000000 0.920307 2018
car -1 -1 nan 39685.000000 nan nan nan 1.312278 1.722722 3.618514 2.042518 3.511126 -1.021460 0.000000 0.937413 2016
car -1 -1 nan 39696.000000 nan nan nan 1.329187 1.794213 4.427508 7.356280 3.555833 -0.981124 0.000000 0.964350 2013
car -1 -1 nan 39695.000000 nan nan nan 1.209471 1.967839 3.896085 -4.168620 3.273514 -1.161601 0.000000 0.941659 2005
car -1 -1 nan 39693.000000 nan nan nan 1.420282 1.917187 3.619109 -15.439042 3.168942 -1.253813 0.000000 0.919390 1998
car -1 -1 nan 39700.000000 nan nan nan 0.628547 0.471038 1.635423 -29.457605 2.335891 -1.694320 0.000000 0.555059 1980
car -1 -1 nan 39690.000000 nan nan nan 1.173676 1.444065 4.266410 -23.039399 2.831335 -1.383343 0.000000 0.936289 1975
car -1 -1 nan 39686.000000 nan nan nan 1.222431 1.343496 1.563738 -41.207027 2.683089 -1.506802 0.000000 0.635650 1954
bicyclist -1 -1 nan 39698.000000 nan nan nan 1.698658 0.620897 1.732524 -25.505995 -1.263514 -1.252970 0.000000 0.827283 534
