car -1 -1 nan 40097.000000 nan nan nan 1.312140 1.869344 4.487476 4.763814 3.326893 -1.014359 0.000000 0.946967 2032
car -1 -1 nan 40090.000000 nan nan nan 1.921721 1.954278 4.009964 10.941544 3.470281 -0.534727 0.000000 0.947757 2027
car -1 -1 nan 40093.000000 nan nan nan 1.295833 1.749261 4.149739 -0.309796 3.278441 -0.841721 0.000000 0.968736 2018
car -1 -1 nan 40088.000000 nan nan nan 1.239480 1.257321 2.915916 -21.239786 3.353650 -1.422613 0.000000 0.927266 2016
car -1 -1 nan 40096.000000 nan nan nan 1.333736 1.603944 3.961111 -15.912796 3.410916 -1.331907 0.000000 0.932424 2013
car -1 -1 nan 40095.000000 nan nan nan 1.028056 1.386994 3.663564 -27.682748 2.949955 -1.645906 0.000000 0.790116 2005
car -1 -1 nan 40098.000000 nan nan nan 0.918221 0.937814 2.847370 -38.770331 2.865899 -1.921257 0.000000 0.784428 1998
car -1 -1 nan 40091.000000 nan nan nan 0.899042 0.351426 2.276937 -46.237009 2.615816 -2.015025 0.000000 0.695008 1975
person -1 -1 nan 40059.000000 nan nan nan 1.190756 0.440482 0.650326 -6.747745 20.796736 -1.143241 0.000000 0.929232 427
bicyclist -1 -1 nan 40089.000000 nan nan nan 1.055578 0.605319 0.897458 39.374188 -0.870257 -0.171835 0.000000 0.886508 582
bicyclist -1 -1 nan 40094.000000 nan nan nan 1.409020 0.599912 1.297230 -38.205165 -0.803625 -1.612225 0.000000 0.789580 534
