car -1 -1 nan 40658.000000 nan nan nan 0.200829 0.232856 0.991502 35.118540 -19.734438 0.926538 0.000000 0.559506 2101
car -1 -1 nan 40687.000000 nan nan nan 0.181736 0.385598 0.331718 33.410146 32.317856 -0.937847 0.000000 0.631634 2089
car -1 -1 nan 40662.000000 nan nan nan 1.084328 0.554812 1.445230 24.074784 19.247003 -0.832893 0.000000 0.774041 2082
car -1 -1 nan 40682.000000 nan nan nan 0.876655 0.751636 0.811918 42.554712 -2.270735 -0.280283 0.000000 0.713029 2084
car -1 -1 nan 40674.000000 nan nan nan 1.086231 2.104313 3.322547 38.941213 0.932711 -0.292023 0.000000 0.846276 2074
car -1 -1 nan 40681.000000 nan nan nan 1.172925 0.613948 3.588817 -32.295205 2.739728 -2.069588 0.000000 0.694619 2032
car -1 -1 nan 40668.000000 nan nan nan 1.663951 1.600782 2.869415 -25.823988 3.168390 -1.465172 0.000000 0.888641 2027
car -1 -1 nan 40637.000000 nan nan nan 0.954162 0.391211 3.000856 -37.835521 2.704588 -1.950758 0.000000 0.885937 2018
bicycle -1 -1 nan 40673.000000 nan nan nan 0.766742 0.475930 0.494737 -6.477953 13.673130 -1.669615 0.000000 0.777541 591
bicyclist -1 -1 nan 40680.000000 nan nan nan 1.482413 1.454590 0.565383 -0.338185 26.775668 -1.221974 0.000000 0.827954 587
bicyclist -1 -1 nan 40670.000000 nan nan nan 1.523187 0.609143 1.253626 17.734578 -1.420910 -0.503813 0.000000 0.926046 582
