other-vehicle -1 -1 nan 39005.000000 nan nan nan 0.394676 1.453956 0.403241 -40.110373 7.618472 -0.921061 0.000000 0.760154 2004
car -1 -1 nan 39024.000000 nan nan nan 0.813010 0.837486 3.516813 33.015786 3.019759 -1.095012 0.000000 0.892930 2005
car -1 -1 nan 39007.000000 nan nan nan 0.616213 0.665600 0.616057 -1.610725 21.342735 -1.272587 0.000000 0.243244 2006
car -1 -1 nan 39006.000000 nan nan nan 1.042108 1.537606 1.537883 -50.753877 1.661884 -1.353265 0.000000 0.740133 1882
car -1 -1 nan 39019.000000 nan nan nan 1.250916 1.540551 3.322227 21.889832 3.210247 -0.927114 0.000000 0.906740 1998
car -1 -1 nan 39015.000000 nan nan nan 1.410555 3.725163 1.832428 0.339043 12.036631 -0.958456 0.000000 0.896964 1995
car -1 -1 nan 39022.000000 nan nan nan 1.539632 2.466781 3.879493 7.237981 2.510771 -0.957786 0.000000 0.845188 1980
car -1 -1 nan 39025.000000 nan nan nan 1.280649 1.781723 4.106876 14.428919 3.007282 -1.010628 0.000000 0.914924 1975
car -1 -1 nan 39027.000000 nan nan nan 1.400027 1.780173 3.564176 -4.107492 2.439457 -0.811749 0.000000 0.920715 1954
person -1 -1 nan 39026.000000 nan nan nan 1.455716 0.716094 0.983997 3.414364 17.189422 -0.939079 0.000000 0.341642 423
bicyclist -1 -1 nan 39020.000000 nan nan nan 1.758111 0.606347 1.513274 -4.536323 -2.033357 -0.991232 0.000000 0.929880 534
