car -1 -1 nan 39104.000000 nan nan nan 0.313406 0.300853 2.186434 -10.112311 47.967736 -0.782440 0.000000 0.873546 2008
car -1 -1 nan 39133.000000 nan nan nan 0.252441 1.384129 0.214317 -45.993754 7.775026 -1.457451 0.000000 0.700608 2004
car -1 -1 nan 39139.000000 nan nan nan 0.864523 1.397082 3.975675 27.506788 3.137322 -0.853926 0.000000 0.903366 2005
car -1 -1 nan 39135.000000 nan nan nan 1.323010 1.663814 3.889877 16.080915 3.096127 -0.802600 0.000000 0.936537 1998
car -1 -1 nan 39144.000000 nan nan nan 1.456752 4.096743 1.620455 -5.166387 12.153370 -1.018955 0.000000 0.929541 1995
car -1 -1 nan 39138.000000 nan nan nan 1.180684 1.585585 3.895803 1.764139 2.732445 -1.042377 0.000000 0.929828 1980
car -1 -1 nan 39142.000000 nan nan nan 1.318228 1.770971 4.228962 8.641354 2.944566 -0.958380 0.000000 0.949664 1975
car -1 -1 nan 39130.000000 nan nan nan 1.575890 1.858864 3.656422 -9.753783 2.441664 -1.117772 0.000000 0.949295 1954
person -1 -1 nan 39137.000000 nan nan nan 1.415117 0.661226 0.737752 -2.354213 16.632844 -0.977831 0.000000 0.783841 423
bicyclist -1 -1 nan 39145.000000 nan nan nan 1.686934 0.574528 1.587857 -7.668507 -1.887860 -1.001660 0.000000 0.932838 534
