car -1 -1 nan 40774.000000 nan nan nan 0.487302 0.951802 1.570229 -11.479384 -45.085800 -2.375325 0.000000 0.816068 2110
car -1 -1 nan 40776.000000 nan nan nan 0.394278 0.286194 2.032544 -39.595615 2.724484 -1.339186 0.000000 0.856264 2111
car -1 -1 nan 40772.000000 nan nan nan 1.102248 0.869381 0.802190 39.824196 -2.317992 -0.763120 0.000000 0.814185 2084
car -1 -1 nan 40763.000000 nan nan nan 0.502147 1.526446 0.606418 45.645419 -14.971149 -0.695423 0.000000 0.712421 2109
car -1 -1 nan 40783.000000 nan nan nan 0.467959 1.408942 1.197150 45.816353 -11.947321 -0.947634 0.000000 0.810042 2106
car -1 -1 nan 40769.000000 nan nan nan 1.137730 1.104328 2.786959 20.581951 19.448017 -1.220265 0.000000 0.843525 2082
car -1 -1 nan 40782.000000 nan nan nan 1.071459 1.935192 3.025897 37.764728 0.749120 -0.669901 0.000000 0.888836 2074
car -1 -1 nan 40749.000000 nan nan nan 0.663219 0.283999 1.093555 -33.750138 2.718136 -2.082709 0.000000 0.718354 2032
car -1 -1 nan 40787.000000 nan nan nan 1.701936 1.625919 2.749754 -28.593985 3.136455 -1.280044 0.000000 0.923501 2027
bicycle -1 -1 nan 40781.000000 nan nan nan 0.763219 1.150002 1.022244 -8.635761 13.724281 -1.580168 0.000000 0.777315 602
bicycle -1 -1 nan 40785.000000 nan nan nan 0.730690 0.614529 1.242403 -8.973717 16.313658 -1.621883 0.000000 0.665220 591
bicyclist -1 -1 nan 40775.000000 nan nan nan 1.636275 1.440652 0.636630 -3.189780 25.615554 -1.290986 0.000000 0.872415 587
bicyclist -1 -1 nan 40766.000000 nan nan nan 1.609557 0.608273 1.444923 16.487617 -1.509763 -0.648397 0.000000 0.939589 582
