car -1 -1 nan 40366.000000 nan nan nan 0.645685 1.386503 1.146635 38.279791 20.129067 -1.041320 0.000000 0.753907 2073
car -1 -1 nan 40371.000000 nan nan nan 0.814446 3.402623 2.335707 48.560560 4.376110 -0.580704 0.000000 0.933485 2074
car -1 -1 nan 40372.000000 nan nan nan 0.223759 0.537917 1.122432 -46.894096 2.920401 -2.001087 0.000000 0.587033 2075
car -1 -1 nan 40361.000000 nan nan nan 0.236203 0.361819 0.338113 10.365253 -43.514449 -2.247941 0.000000 0.840989 2071
car -1 -1 nan 40370.000000 nan nan nan 1.291962 1.486492 3.781864 -15.098696 3.138278 -1.347365 0.000000 0.956401 2032
car -1 -1 nan 40362.000000 nan nan nan 2.131408 1.953496 3.910877 -9.052379 3.327839 -0.841935 0.000000 0.975035 2027
car -1 -1 nan 40368.000000 nan nan nan 1.200795 1.590213 3.868009 -20.284798 3.228712 -1.375450 0.000000 0.933649 2018
car -1 -1 nan 40367.000000 nan nan nan 0.999032 1.524131 3.341369 -36.061241 3.535706 -1.575549 0.000000 0.903620 2013
bicyclist -1 -1 nan 40365.000000 nan nan nan 1.403576 0.639807 1.115685 27.137891 -1.292986 -0.542068 0.000000 0.901162 582
bicyclist -1 -1 nan 40350.000000 nan nan nan 1.317760 0.582598 1.377905 -48.936546 -0.576531 -1.635186 0.000000 0.750222 534
