car -1 -1 nan 40061.000000 nan nan nan 0.127557 0.562024 0.542045 -35.434402 14.513968 -1.311417 0.000000 0.528841 2052
car -1 -1 nan 40032.000000 nan nan nan 0.827571 0.367635 0.524980 -4.892931 37.207524 -1.680017 0.000000 0.605919 2047
car -1 -1 nan 40052.000000 nan nan nan 1.292930 1.720974 4.234684 7.151800 3.333835 -0.941960 0.000000 0.953717 2032
car -1 -1 nan 40063.000000 nan nan nan 2.004580 2.024446 4.054942 13.382623 3.480940 -0.455173 0.000000 0.962997 2027
car -1 -1 nan 40068.000000 nan nan nan 1.305367 1.780690 4.356201 2.101845 3.285351 -0.993890 0.000000 0.966320 2018
car -1 -1 nan 40056.000000 nan nan nan 1.305425 1.350700 3.355866 -18.880175 3.390683 -1.479379 0.000000 0.941868 2016
car -1 -1 nan 40065.000000 nan nan nan 1.327120 1.634818 4.168626 -13.489253 3.421618 -1.356678 0.000000 0.907473 2013
car -1 -1 nan 40064.000000 nan nan nan 1.068517 1.401342 3.293153 -25.097819 3.010245 -1.703056 0.000000 0.876937 2005
car -1 -1 nan 40070.000000 nan nan nan 0.938279 0.908361 3.153221 -36.509079 2.948451 -2.010470 0.000000 0.761906 1998
car -1 -1 nan 40066.000000 nan nan nan 0.684889 0.285986 2.476524 -43.825851 2.628374 -2.062482 0.000000 0.777954 1975
person -1 -1 nan 40059.000000 nan nan nan 1.190756 0.440482 0.650326 -4.253778 20.542628 -1.074306 0.000000 0.929232 427
bicyclist -1 -1 nan 40058.000000 nan nan nan 1.100532 0.529047 0.589735 40.705028 -0.845639 0.067306 0.000000 0.850060 582
bicyclist -1 -1 nan 40062.000000 nan nan nan 1.453673 0.627810 1.498569 -36.877960 -0.788427 -1.711821 0.000000 0.602060 534
