truck -1 -1 nan 39922.000000 nan nan nan 1.373269 1.159326 0.452227 -0.155494 10.185587 -1.438863 0.000000 0.602918 2041
car -1 -1 nan 39937.000000 nan nan nan 1.257685 1.559671 3.918082 14.513175 3.243456 -0.871434 0.000000 0.941157 2032
car -1 -1 nan 39924.000000 nan nan nan 1.904909 1.697219 3.614148 20.767991 3.325347 -0.397550 0.000000 0.944432 2027
car -1 -1 nan 39933.000000 nan nan nan 1.303857 1.870143 4.282651 9.495033 3.423024 -0.904935 0.000000 0.955563 2018
car -1 -1 nan 39936.000000 nan nan nan 1.280532 1.480664 3.432474 -11.440151 3.536498 -1.295328 0.000000 0.941753 2016
car -1 -1 nan 39932.000000 nan nan nan 1.344406 1.746605 4.317692 -6.100346 3.507902 -1.134207 0.000000 0.924268 2013
car -1 -1 nan 39926.000000 nan nan nan 1.152540 1.638266 3.874132 -17.877899 3.219527 -1.550342 0.000000 0.924111 2005
car -1 -1 nan 39931.000000 nan nan nan 1.262794 1.629340 3.412738 -29.412084 3.348668 -1.702115 0.000000 0.845773 1998
car -1 -1 nan 39928.000000 nan nan nan 0.696033 0.289395 0.605652 -42.702212 2.769058 -2.306412 0.000000 0.538649 1980
car -1 -1 nan 39934.000000 nan nan nan 1.166935 0.677662 3.263706 -36.613582 2.929137 -1.947266 0.000000 0.852271 1975
bicyclist -1 -1 nan 39929.000000 nan nan nan 0.912023 0.515857 0.504751 45.198628 -0.958021 0.040661 0.000000 0.894910 582
bicyclist -1 -1 nan 39938.000000 nan nan nan 1.512552 0.626273 1.244154 -32.860179 -0.759367 -1.644911 0.000000 0.559899 534
