other-vehicle -1 -1 nan 40620.000000 nan nan nan 1.692916 0.307388 1.325589 24.783011 34.709043 -0.505128 0.000000 0.844404 2094
car -1 -1 nan 40581.000000 nan nan nan 0.219842 0.545396 1.662245 6.439081 -48.943834 -2.730509 0.000000 0.418261 2091
car -1 -1 nan 40610.000000 nan nan nan 0.512049 0.461088 0.808277 35.528729 32.759521 -1.599949 0.000000 0.758375 2089
car -1 -1 nan 40616.000000 nan nan nan 0.864537 0.598199 0.691484 25.369996 19.501118 -1.089149 0.000000 0.747075 2082
car -1 -1 nan 40622.000000 nan nan nan 0.449070 0.516034 0.324293 44.353819 -2.298111 -0.618137 0.000000 0.790040 2084
car -1 -1 nan 40627.000000 nan nan nan 1.125208 2.323408 3.177657 39.806454 1.119224 -0.416038 0.000000 0.928495 2074
car -1 -1 nan 40628.000000 nan nan nan 0.752098 0.359521 3.641710 -30.438426 2.683818 -1.889723 0.000000 0.907804 2032
car -1 -1 nan 40633.000000 nan nan nan 1.672721 1.597010 2.849071 -24.052241 3.179240 -1.305405 0.000000 0.886381 2027
car -1 -1 nan 40621.000000 nan nan nan 1.080882 0.431590 2.718087 -35.698939 2.965197 -1.888408 0.000000 0.925949 2018
car -1 -1 nan 40584.000000 nan nan nan 0.295219 0.581899 0.364213 -49.872968 3.344382 -2.246623 0.000000 0.758939 2013
bicycle -1 -1 nan 40631.000000 nan nan nan 0.763193 1.436715 1.348824 -4.099897 13.963343 -1.581239 0.000000 0.824568 591
bicyclist -1 -1 nan 40623.000000 nan nan nan 1.413327 2.777997 0.996877 1.684365 27.637800 -1.183936 0.000000 0.858264 587
bicyclist -1 -1 nan 40606.000000 nan nan nan 1.507752 0.623494 1.183703 18.759891 -1.402440 -0.568086 0.000000 0.901120 582
