car -1 -1 nan 40694.000000 nan nan nan 0.521991 1.921610 1.172973 47.710977 -11.661557 -0.129592 0.000000 0.862386 2106
car -1 -1 nan 40687.000000 nan nan nan 0.181736 0.385598 0.331718 32.353080 32.227995 -0.707127 0.000000 0.631634 2089
car -1 -1 nan 40702.000000 nan nan nan 1.005342 0.636715 1.436265 23.111759 19.266948 -0.923683 0.000000 0.663154 2082
car -1 -1 nan 40682.000000 nan nan nan 0.876655 0.751636 0.811918 41.601452 -2.227424 -0.188536 0.000000 0.713029 2084
car -1 -1 nan 40717.000000 nan nan nan 1.189105 2.077080 3.256979 38.549799 0.846148 -0.264191 0.000000 0.860811 2074
car -1 -1 nan 40714.000000 nan nan nan 0.638358 0.391778 1.095418 -32.471496 2.723199 -2.182516 0.000000 0.729544 2032
car -1 -1 nan 40703.000000 nan nan nan 1.712350 1.567441 2.793513 -26.759792 3.176867 -1.532259 0.000000 0.898962 2027
car -1 -1 nan 40728.000000 nan nan nan 0.354961 1.438735 1.054096 -35.888225 1.995870 -2.356696 0.000000 0.372595 2018
bicycle -1 -1 nan 40699.000000 nan nan nan 0.704895 0.547719 1.207159 -7.078406 15.182647 -1.729860 0.000000 0.493689 591
bicyclist -1 -1 nan 40707.000000 nan nan nan 1.414109 2.401539 0.779550 -1.268098 26.509261 -1.294724 0.000000 0.834111 587
bicyclist -1 -1 nan 40700.000000 nan nan nan 1.498908 0.635358 1.237874 17.275458 -1.451866 -0.478890 0.000000 0.901610 582
