car -1 -1 nan 40032.000000 nan nan nan 0.827571 0.367635 0.524980 -3.243695 37.250670 -1.558718 0.000000 0.605919 2047
car -1 -1 nan 40043.000000 nan nan nan 1.292486 1.794856 4.191007 8.367080 3.362805 -0.914743 0.000000 0.938265 2032
car -1 -1 nan 40040.000000 nan nan nan 1.985719 2.017015 3.998501 14.607658 3.437894 -0.426261 0.000000 0.947923 2027
car -1 -1 nan 40036.000000 nan nan nan 1.341077 1.701986 4.247097 3.322411 3.294776 -0.983142 0.000000 0.961600 2018
car -1 -1 nan 40042.000000 nan nan nan 1.265241 1.322737 3.340794 -17.621926 3.414278 -1.449442 0.000000 0.946981 2016
car -1 -1 nan 40029.000000 nan nan nan 1.330603 1.660747 4.173600 -12.240658 3.451434 -1.332463 0.000000 0.940074 2013
car -1 -1 nan 40048.000000 nan nan nan 1.106760 1.543942 2.702026 -23.822975 3.048870 -1.675405 0.000000 0.828804 2005
car -1 -1 nan 40041.000000 nan nan nan 1.142619 1.090202 1.668286 -35.065503 3.090589 -1.856865 0.000000 0.870498 1998
car -1 -1 nan 40033.000000 nan nan nan 0.915919 0.492472 2.596320 -42.504094 2.751286 -2.090585 0.000000 0.671368 1975
person -1 -1 nan 40035.000000 nan nan nan 1.402216 0.521330 0.626158 -3.011288 20.364049 -1.038983 0.000000 0.954382 427
bicyclist -1 -1 nan 40030.000000 nan nan nan 1.294102 0.627617 0.893193 41.527798 -0.857232 0.019614 0.000000 0.877290 582
bicyclist -1 -1 nan 40044.000000 nan nan nan 1.465401 0.543601 1.486783 -36.182562 -0.769220 -1.684406 0.000000 0.370665 534
