car -1 -1 nan 39572.000000 nan nan nan 0.346204 0.215165 0.448785 34.435234 3.328359 -1.074572 0.000000 0.608038 2030
car -1 -1 nan 39578.000000 nan nan nan 1.354727 1.524108 2.675653 42.075209 4.164206 -0.543404 0.000000 0.711410 2027
car -1 -1 nan 39583.000000 nan nan nan 1.350123 3.102371 1.561120 -4.448373 17.015996 -1.040272 0.000000 0.926830 2026
car -1 -1 nan 39584.000000 nan nan nan 1.549892 4.316440 2.382342 -1.272619 16.050812 -0.913466 0.000000 0.900314 2022
car -1 -1 nan 39581.000000 nan nan nan 1.129513 1.840276 3.228752 30.546296 3.972963 -0.807951 0.000000 0.871962 2018
car -1 -1 nan 39580.000000 nan nan nan 1.278509 1.782221 3.629201 9.588846 3.687794 -0.960436 0.000000 0.961252 2016
car -1 -1 nan 39569.000000 nan nan nan 1.260324 1.512646 4.168833 14.870295 3.533205 -0.932725 0.000000 0.949853 2013
car -1 -1 nan 39573.000000 nan nan nan 1.216786 1.935023 4.465558 3.012546 3.157399 -1.034026 0.000000 0.925787 2005
car -1 -1 nan 39577.000000 nan nan nan 1.477510 1.985934 3.653764 -7.961896 3.157464 -1.083300 0.000000 0.936738 1998
car -1 -1 nan 39574.000000 nan nan nan 1.295314 3.855680 1.014483 -29.632563 12.102147 -1.189791 0.000000 0.886691 1995
car -1 -1 nan 39585.000000 nan nan nan 1.144819 1.171295 2.411828 -22.086985 2.478212 -1.343145 0.000000 0.794024 1980
car -1 -1 nan 39566.000000 nan nan nan 1.305184 1.609047 4.121123 -15.337275 2.835129 -1.296836 0.000000 0.955364 1975
car -1 -1 nan 39571.000000 nan nan nan 1.442775 1.609547 2.847731 -34.285205 2.415417 -1.401119 0.000000 0.923763 1954
bicyclist -1 -1 nan 39582.000000 nan nan nan 1.594281 0.648395 1.626767 -21.020673 -1.603395 -1.111460 0.000000 0.859629 534
