car -1 -1 nan 39792.000000 nan nan nan 0.648513 1.945562 0.520303 -43.180639 12.350687 -1.535212 0.000000 0.669475 2038
car -1 -1 nan 39794.000000 nan nan nan 1.125302 1.279051 3.579002 21.956055 3.341566 -0.732656 0.000000 0.931583 2032
car -1 -1 nan 39788.000000 nan nan nan 1.860219 1.653389 3.592488 28.243602 3.602742 -0.296858 0.000000 0.959661 2027
car -1 -1 nan 39784.000000 nan nan nan 1.272153 1.878072 3.865977 16.754189 3.570014 -0.840592 0.000000 0.931572 2018
car -1 -1 nan 39793.000000 nan nan nan 1.338789 1.738757 3.565680 -3.957435 3.503351 -1.115783 0.000000 0.951674 2016
car -1 -1 nan 39777.000000 nan nan nan 1.245882 1.885417 4.420125 1.148266 3.399080 -1.013263 0.000000 0.954549 2013
car -1 -1 nan 39787.000000 nan nan nan 1.208004 1.936584 3.875104 -10.356022 3.193145 -1.371849 0.000000 0.931274 2005
car -1 -1 nan 39783.000000 nan nan nan 1.383118 1.789760 4.478391 -22.019135 3.242006 -1.545899 0.000000 0.941686 1998
car -1 -1 nan 39785.000000 nan nan nan 0.779919 0.485069 3.285547 -35.892456 2.456616 -2.085841 0.000000 0.857611 1980
car -1 -1 nan 39795.000000 nan nan nan 1.081755 1.174156 2.410085 -28.902168 2.886104 -1.680639 0.000000 0.924652 1975
car -1 -1 nan 39791.000000 nan nan nan 1.147050 1.288858 1.756601 -47.569125 2.964495 -1.896702 0.000000 0.661022 1954
bicyclist -1 -1 nan 39790.000000 nan nan nan 1.656314 0.606395 1.633827 -28.651392 -1.001413 -1.592714 0.000000 0.669891 534
