car -1 -1 nan 39210.000000 nan nan nan 1.130952 1.253063 3.584274 35.803032 3.689476 -0.644741 0.000000 0.888714 2013
car -1 -1 nan 39178.000000 nan nan nan 0.236578 1.484369 0.580708 -49.729718 7.749891 -1.156880 0.000000 0.805581 2004
car -1 -1 nan 39207.000000 nan nan nan 1.043464 1.880363 3.882559 23.972713 3.391637 -0.871406 0.000000 0.877371 2005
car -1 -1 nan 39206.000000 nan nan nan 1.343023 1.791264 3.861813 12.552744 3.154065 -0.886010 0.000000 0.947217 1998
car -1 -1 nan 39212.000000 nan nan nan 1.427794 4.059253 1.642540 -8.766157 12.200219 -0.972911 0.000000 0.975111 1995
car -1 -1 nan 39208.000000 nan nan nan 0.934099 1.691722 3.902736 -1.493119 2.691979 -0.863827 0.000000 0.908224 1980
car -1 -1 nan 39196.000000 nan nan nan 1.324328 1.715706 4.306302 5.183926 2.954500 -1.008041 0.000000 0.944284 1975
car -1 -1 nan 39209.000000 nan nan nan 1.550580 1.734263 3.870914 -13.309181 2.412299 -1.077652 0.000000 0.937456 1954
person -1 -1 nan 39202.000000 nan nan nan 0.862815 0.273020 0.576050 -6.139533 16.151816 -0.648615 0.000000 0.211360 423
bicyclist -1 -1 nan 39203.000000 nan nan nan 1.679869 0.581475 1.573852 -9.472363 -1.918163 -1.023973 0.000000 0.941241 534
