car -1 -1 nan 39266.000000 nan nan nan 0.952642 1.391074 1.790416 47.373862 4.124180 -0.396943 0.000000 0.644487 2018
car -1 -1 nan 39280.000000 nan nan nan 1.140349 1.161339 2.413258 27.362307 3.693509 -0.574043 0.000000 0.884684 2016
car -1 -1 nan 39275.000000 nan nan nan 1.040367 0.686115 3.678106 32.332582 3.368692 -0.570804 0.000000 0.849202 2013
car -1 -1 nan 39273.000000 nan nan nan 1.083469 2.052477 4.290104 20.416059 3.462847 -0.793478 0.000000 0.880162 2005
car -1 -1 nan 39264.000000 nan nan nan 1.384001 1.708446 3.998699 8.955980 3.130580 -0.869931 0.000000 0.938838 1998
car -1 -1 nan 39279.000000 nan nan nan 1.375754 4.013420 1.770604 -12.386580 12.142338 -0.982725 0.000000 0.961308 1995
car -1 -1 nan 39283.000000 nan nan nan 1.207766 1.842090 3.879468 -4.991994 2.643571 -1.114161 0.000000 0.937618 1980
car -1 -1 nan 39284.000000 nan nan nan 1.258172 1.700698 4.307453 1.670451 2.851896 -0.966506 0.000000 0.964656 1975
car -1 -1 nan 39278.000000 nan nan nan 1.547013 1.756100 4.469137 -17.406114 2.420903 -1.202622 0.000000 0.892398 1954
person -1 -1 nan 39202.000000 nan nan nan 0.862815 0.273020 0.576050 -9.880241 15.695434 -0.378573 0.000000 0.211360 423
bicycle -1 -1 nan 39240.000000 nan nan nan 0.819871 0.875473 0.637419 -13.894636 18.352122 -1.422552 0.000000 0.863307 575
bicycle -1 -1 nan 39268.000000 nan nan nan 0.640572 0.309200 0.828609 -25.908543 10.783565 -1.233872 0.000000 0.710404 574
bicyclist -1 -1 nan 39271.000000 nan nan nan 1.648407 0.603489 1.696676 -11.659775 -1.923410 -1.068743 0.000000 0.935520 534
