car -1 -1 nan 40116.000000 nan nan nan 1.300838 1.750534 4.358928 2.356816 3.267203 -1.009596 0.000000 0.959565 2032
car -1 -1 nan 40125.000000 nan nan nan 1.996605 2.118659 4.025659 8.535198 3.457827 -0.582754 0.000000 0.964035 2027
car -1 -1 nan 40129.000000 nan nan nan 1.314616 1.796160 4.230833 -2.646727 3.294069 -0.981545 0.000000 0.964729 2018
car -1 -1 nan 40120.000000 nan nan nan 1.287500 1.032447 3.157489 -23.749712 3.280373 -1.454596 0.000000 0.943056 2016
car -1 -1 nan 40127.000000 nan nan nan 1.342122 1.699446 4.004075 -18.236776 3.447168 -1.364423 0.000000 0.949223 2013
car -1 -1 nan 40124.000000 nan nan nan 1.087416 0.835550 3.643917 -30.267599 2.764149 -1.647303 0.000000 0.912425 2005
car -1 -1 nan 40126.000000 nan nan nan 0.667541 0.864855 2.496588 -41.162140 2.952270 -1.901904 0.000000 0.752509 1998
car -1 -1 nan 40132.000000 nan nan nan 0.378081 0.313239 0.957965 -48.085287 2.690524 -1.974935 0.000000 0.617100 1975
bicyclist -1 -1 nan 40122.000000 nan nan nan 1.168196 0.566054 0.873117 37.823722 -0.883458 -0.278151 0.000000 0.910356 582
bicyclist -1 -1 nan 40130.000000 nan nan nan 1.308505 0.618556 1.189835 -39.502482 -0.794928 -1.586226 0.000000 0.788260 534
