other-vehicle -1 -1 nan 41848.000000 nan nan nan 0.546475 0.223704 0.805528 35.751092 9.718600 0.057427 0.000000 0.536384 2162
car -1 -1 nan 41870.000000 nan nan nan 0.639616 0.401034 1.075092 17.321952 9.348678 -1.096198 0.000000 0.391411 2164
other-vehicle -1 -1 nan 41860.000000 nan nan nan 1.494603 3.444876 1.503891 32.137728 -11.443730 -0.467545 0.000000 0.757710 2121
other-vehicle -1 -1 nan 41823.000000 nan nan nan 0.373808 0.326422 0.557094 -23.393931 33.793327 -1.606062 0.000000 0.817162 2158
car -1 -1 nan 41847.000000 nan nan nan 0.961712 1.154052 1.641412 16.418472 38.584426 -2.284499 0.000000 0.803240 2146
car -1 -1 nan 41853.000000 nan nan nan 1.297265 1.714664 3.991962 3.127076 19.898246 -1.621747 0.000000 0.957801 2144
car -1 -1 nan 41858.000000 nan nan nan 0.847761 1.559547 1.811670 15.687488 31.450959 -2.141679 0.000000 0.497176 2143
car -1 -1 nan 41854.000000 nan nan nan 1.220397 1.030459 0.838449 35.831494 -5.977364 -0.689458 0.000000 0.573778 2139
car -1 -1 nan 41857.000000 nan nan nan 1.291730 1.707919 3.671487 22.261346 -4.591498 -0.969702 0.000000 0.826518 2084
car -1 -1 nan 41815.000000 nan nan nan 0.469037 1.979320 0.640978 25.213668 -17.148518 -0.695222 0.000000 0.706418 2109
car -1 -1 nan 41867.000000 nan nan nan 0.811009 1.560035 2.298932 38.560455 -2.980403 -0.606011 0.000000 0.920258 2074
car -1 -1 nan 41864.000000 nan nan nan 1.350778 1.526649 0.413167 -45.718734 8.279670 -1.916740 0.000000 0.677302 2027
person -1 -1 nan 41833.000000 nan nan nan 1.438351 0.606005 0.425541 16.978409 22.411554 -1.429285 0.000000 0.401341 455
bicycle -1 -1 nan 41751.000000 nan nan nan 0.730125 1.196230 1.442448 -26.619194 23.529117 -2.126080 0.000000 0.878889 604
bicycle -1 -1 nan 41841.000000 nan nan nan 1.100873 1.635946 0.625341 14.400032 12.728753 -1.413158 0.000000 0.930597 605
bicyclist -1 -1 nan 41851.000000 nan nan nan 1.681593 0.593148 1.261652 12.852635 -2.699661 -0.731398 0.000000 0.920322 582
