car -1 -1 nan 43323.000000 nan nan nan 0.178158 0.513890 0.225822 -39.319069 -12.286122 -1.173167 0.000000 0.554777 2257
car -1 -1 nan 43330.000000 nan nan nan 0.407084 0.636223 1.019842 -34.977332 -18.464219 -0.926511 0.000000 0.630110 2109
car -1 -1 nan 43338.000000 nan nan nan 0.865245 2.436589 1.347319 41.031372 6.912247 -1.114360 0.000000 0.886021 2243
car -1 -1 nan 43333.000000 nan nan nan 1.282867 4.434873 1.537796 38.300530 8.062659 -1.240943 0.000000 0.941653 2238
car -1 -1 nan 43328.000000 nan nan nan 0.880636 2.303050 2.677698 -39.949448 -0.133201 -1.254572 0.000000 0.899168 2196
car -1 -1 nan 43316.000000 nan nan nan 1.232519 1.539573 3.441682 21.149617 -3.145946 -0.958146 0.000000 0.922373 2146
car -1 -1 nan 43313.000000 nan nan nan 1.327766 2.757149 1.868458 0.118957 7.064374 -1.203245 0.000000 0.962316 2144
car -1 -1 nan 43329.000000 nan nan nan 1.323814 1.963568 4.145607 13.842853 -3.313068 -1.001274 0.000000 0.959810 2143
car -1 -1 nan 43324.000000 nan nan nan 1.109549 3.305258 1.636860 -22.184201 -13.860698 -0.962983 0.000000 0.911863 2084
person -1 -1 nan 43335.000000 nan nan nan 1.481726 0.607437 0.560560 10.015135 -6.280573 -0.581317 0.000000 0.936961 455
bicycle -1 -1 nan 43320.000000 nan nan nan 1.116135 0.666678 1.081911 4.695718 -6.924633 -0.919922 0.000000 0.427621 631
bicyclist -1 -1 nan 43312.000000 nan nan nan 1.505328 1.316795 0.525902 -21.049140 43.973681 -2.278754 0.000000 0.801235 630
bicycle -1 -1 nan 43337.000000 nan nan nan 1.237887 0.739943 1.898370 -5.768066 -4.266223 -1.065772 0.000000 0.921417 605
bicyclist -1 -1 nan 43259.000000 nan nan nan 1.295086 1.200702 0.425424 -20.308366 -25.387188 -0.236662 0.000000 0.912970 582
