other-vehicle -1 -1 nan 43354.000000 nan nan nan 1.115264 0.657593 3.350337 -28.892459 -24.348476 -0.550025 0.000000 0.921886 2259
car -1 -1 nan 43323.000000 nan nan nan 0.178158 0.513890 0.225822 -40.503474 -11.895825 -1.203184 0.000000 0.554777 2257
car -1 -1 nan 43359.000000 nan nan nan 0.607083 0.599729 0.573717 -36.326268 -18.109633 -1.021277 0.000000 0.666420 2109
car -1 -1 nan 43372.000000 nan nan nan 0.878581 2.447548 0.981565 40.008680 6.584828 -0.963630 0.000000 0.901978 2243
car -1 -1 nan 43367.000000 nan nan nan 1.274836 4.453236 1.913336 37.281523 7.744626 -1.113002 0.000000 0.946720 2238
car -1 -1 nan 43366.000000 nan nan nan 1.053766 1.710449 2.244230 -40.630069 0.257051 -1.242531 0.000000 0.558801 2196
car -1 -1 nan 43356.000000 nan nan nan 1.248939 1.583912 3.421315 20.078627 -3.341421 -0.916150 0.000000 0.929084 2146
car -1 -1 nan 43351.000000 nan nan nan 1.336596 2.715117 1.880615 -0.895720 6.908110 -1.193440 0.000000 0.934664 2144
car -1 -1 nan 43368.000000 nan nan nan 1.264957 2.000316 4.382055 12.773757 -3.397392 -0.970866 0.000000 0.962249 2143
car -1 -1 nan 43349.000000 nan nan nan 1.028516 3.306055 1.606389 -23.337803 -13.590449 -1.036780 0.000000 0.865412 2084
person -1 -1 nan 43352.000000 nan nan nan 1.525114 0.558658 0.536661 9.062880 -6.333978 -0.583717 0.000000 0.938563 455
bicyclist -1 -1 nan 43355.000000 nan nan nan 0.865757 0.765201 0.343133 -40.551499 -5.388545 -0.634742 0.000000 0.777958 632
bicyclist -1 -1 nan 43363.000000 nan nan nan 1.603098 0.674890 2.610686 -13.295207 30.245421 -1.908864 0.000000 0.867972 633
bicycle -1 -1 nan 43365.000000 nan nan nan 0.916497 0.396214 0.859424 3.578452 -6.878457 -0.940431 0.000000 0.401333 631
bicyclist -1 -1 nan 43342.000000 nan nan nan 1.721329 1.392348 0.650808 -21.589778 43.649212 -2.326195 0.000000 0.761324 630
bicycle -1 -1 nan 43370.000000 nan nan nan 1.262573 0.774348 1.741474 -6.823332 -4.234431 -1.093952 0.000000 0.870882 605
bicyclist -1 -1 nan 43259.000000 nan nan nan 1.295086 1.200702 0.425424 -21.694336 -25.622133 -0.286369 0.000000 0.912970 582
