car -1 -1 nan 43630.000000 nan nan nan 0.660773 0.475447 1.440837 24.935886 33.181969 -1.463748 0.000000 0.767846 2267
car -1 -1 nan 43625.000000 nan nan nan 0.481441 1.778865 0.277633 44.938342 6.484020 -0.426444 0.000000 0.897605 2264
car -1 -1 nan 43624.000000 nan nan nan 0.637517 2.376410 1.117091 43.774703 -10.277598 -0.581050 0.000000 0.745596 2263
car -1 -1 nan 43618.000000 nan nan nan 0.912590 2.575786 1.253485 32.540375 5.978104 -0.652945 0.000000 0.920374 2243
car -1 -1 nan 43628.000000 nan nan nan 1.313450 4.633586 1.743694 29.920621 7.332511 -0.836078 0.000000 0.947579 2238
car -1 -1 nan 43620.000000 nan nan nan 0.329962 1.446824 1.492890 -41.545439 0.506165 -1.593999 0.000000 0.470717 2196
car -1 -1 nan 43619.000000 nan nan nan 1.347098 1.697561 3.599038 12.556501 -3.704561 -0.856814 0.000000 0.943688 2146
car -1 -1 nan 43613.000000 nan nan nan 1.311834 3.911446 1.660148 -8.184296 7.692149 -1.285363 0.000000 0.935256 2144
car -1 -1 nan 43604.000000 nan nan nan 1.312823 1.767149 4.281897 5.291792 -3.449233 -0.949213 0.000000 0.934975 2143
car -1 -1 nan 43638.000000 nan nan nan 0.254232 1.210379 1.262722 -31.107288 -12.718476 -1.018380 0.000000 0.498847 2084
person -1 -1 nan 43634.000000 nan nan nan 0.798042 1.203138 0.667417 -17.266164 -6.976209 -1.061601 0.000000 0.478440 482
person -1 -1 nan 43637.000000 nan nan nan 0.274325 0.360438 0.376529 -18.113920 -8.519840 -0.156610 0.000000 0.607637 484
person -1 -1 nan 43626.000000 nan nan nan 1.530695 0.578372 0.822385 2.635267 -6.522844 -0.610956 0.000000 0.928031 455
bicyclist -1 -1 nan 43542.000000 nan nan nan 1.328681 0.770799 2.820315 -21.045929 30.646014 -1.858647 0.000000 0.650516 633
bicycle -1 -1 nan 43617.000000 nan nan nan 0.773673 0.299619 0.548412 -3.899996 -6.883360 -1.096644 0.000000 0.251819 631
bicycle -1 -1 nan 43629.000000 nan nan nan 1.157580 0.711221 1.905698 -14.417073 -4.100724 -1.255169 0.000000 0.890679 605
