car -1 -1 nan 43497.000000 nan nan nan 0.508266 2.173193 0.885603 47.039750 -10.284760 -0.126859 0.000000 0.855819 2263
car -1 -1 nan 43503.000000 nan nan nan 0.776057 2.500707 1.116777 35.772566 5.792157 -0.461275 0.000000 0.848570 2243
car -1 -1 nan 43512.000000 nan nan nan 1.144216 4.574588 1.578007 33.088304 7.188360 -0.629018 0.000000 0.945002 2238
car -1 -1 nan 43507.000000 nan nan nan 1.042776 1.613493 4.227306 -41.772184 0.804403 -1.797943 0.000000 0.797121 2196
car -1 -1 nan 43506.000000 nan nan nan 1.254092 1.617606 3.491780 15.729759 -3.683541 -0.753642 0.000000 0.930661 2146
car -1 -1 nan 43519.000000 nan nan nan 1.330663 3.840771 1.737849 -4.938488 7.641128 -1.233150 0.000000 0.950199 2144
car -1 -1 nan 43487.000000 nan nan nan 1.312402 1.745181 4.461192 8.499389 -3.528398 -0.879944 0.000000 0.975990 2143
car -1 -1 nan 43501.000000 nan nan nan 0.694393 2.637525 1.358661 -27.915540 -12.861286 -1.247563 0.000000 0.499115 2084
person -1 -1 nan 43483.000000 nan nan nan 0.478989 0.380222 0.506971 -15.625589 -8.457506 -0.947857 0.000000 0.701845 482
person -1 -1 nan 43492.000000 nan nan nan 0.716675 0.511767 0.358798 -16.430983 -9.766718 -0.308020 0.000000 0.620078 484
person -1 -1 nan 43510.000000 nan nan nan 1.514692 0.681148 0.555881 5.278496 -6.562876 -0.542589 0.000000 0.928035 455
bicyclist -1 -1 nan 43428.000000 nan nan nan 0.363780 0.617567 0.209270 -44.956763 -4.294110 -0.724071 0.000000 0.282097 632
bicyclist -1 -1 nan 43390.000000 nan nan nan 0.700243 0.384620 0.475506 -20.122075 30.815770 -3.244915 0.000000 0.498434 633
bicycle -1 -1 nan 43502.000000 nan nan nan 1.144814 0.653817 1.583205 -1.187359 -6.975699 -0.946807 0.000000 0.456217 631
bicyclist -1 -1 nan 43378.000000 nan nan nan 0.888696 0.674908 0.441246 -23.788530 42.260962 -1.766330 0.000000 0.519213 630
bicycle -1 -1 nan 43505.000000 nan nan nan 1.129451 0.745047 1.871094 -11.227370 -4.082370 -1.214699 0.000000 0.911694 605
