other-vehicle -1 -1 nan 41848.000000 nan nan nan 0.546475 0.223704 0.805528 34.537091 8.672529 0.118699 0.000000 0.536384 2162
car -1 -1 nan 41870.000000 nan nan nan 0.639616 0.401034 1.075092 16.730999 9.313104 -0.914414 0.000000 0.391411 2164
other-vehicle -1 -1 nan 41913.000000 nan nan nan 1.497381 3.361326 0.869636 31.198924 -12.571780 -0.436028 0.000000 0.819992 2121
car -1 -1 nan 41910.000000 nan nan nan 0.968223 1.710237 1.189331 17.301889 38.062944 -2.183594 0.000000 0.717965 2146
car -1 -1 nan 41889.000000 nan nan nan 1.287173 1.836628 4.067637 3.521831 19.749798 -1.522770 0.000000 0.909581 2144
car -1 -1 nan 41879.000000 nan nan nan 1.191872 3.694927 1.473836 16.420338 31.366645 -1.941724 0.000000 0.843264 2143
car -1 -1 nan 41890.000000 nan nan nan 1.209095 1.242706 0.709544 35.123011 -7.210858 -0.675726 0.000000 0.693482 2139
car -1 -1 nan 41888.000000 nan nan nan 1.015668 1.610449 3.858836 21.660582 -5.360323 -1.013091 0.000000 0.785457 2084
car -1 -1 nan 41906.000000 nan nan nan 0.589062 1.817314 0.877319 24.133194 -18.213792 -0.707878 0.000000 0.459460 2109
car -1 -1 nan 41903.000000 nan nan nan 1.023852 1.630540 1.830030 38.833633 -4.433303 -0.596366 0.000000 0.804899 2074
car -1 -1 nan 41880.000000 nan nan nan 1.318523 1.510923 0.471787 -45.686084 9.797827 -1.977616 0.000000 0.833483 2027
person -1 -1 nan 41896.000000 nan nan nan 1.264640 0.486089 0.390004 17.685257 21.720053 -1.236030 0.000000 0.793896 455
bicycle -1 -1 nan 41908.000000 nan nan nan 1.186906 1.762819 1.112439 14.481009 12.243862 -1.346613 0.000000 0.844531 605
bicyclist -1 -1 nan 41897.000000 nan nan nan 1.648204 0.605581 1.661550 13.030064 -3.198532 -0.720459 0.000000 0.927584 582
