other-vehicle -1 -1 nan 43354.000000 nan nan nan 1.115264 0.657593 3.350337 -30.198101 -23.717390 -0.596733 0.000000 0.921886 2259
car -1 -1 nan 43391.000000 nan nan nan 0.456712 0.425475 0.295964 -37.663540 -17.807887 -1.203446 0.000000 0.693589 2109
car -1 -1 nan 43394.000000 nan nan nan 0.865527 2.614903 0.771827 38.889119 6.316312 -0.848410 0.000000 0.889253 2243
car -1 -1 nan 43408.000000 nan nan nan 1.239815 4.509256 1.723817 36.346250 7.514565 -1.000586 0.000000 0.933568 2238
car -1 -1 nan 43380.000000 nan nan nan 1.165690 1.816313 4.269515 -41.178167 0.568925 -1.322902 0.000000 0.834699 2196
car -1 -1 nan 43392.000000 nan nan nan 1.279750 1.524997 3.453924 19.000954 -3.499974 -0.876048 0.000000 0.921235 2146
car -1 -1 nan 43386.000000 nan nan nan 1.744632 3.613598 1.676237 -1.853648 7.162666 -1.060868 0.000000 0.942692 2144
car -1 -1 nan 43404.000000 nan nan nan 1.279193 1.857774 4.100198 11.695814 -3.439142 -0.935554 0.000000 0.950822 2143
car -1 -1 nan 43387.000000 nan nan nan 1.118511 3.243733 1.594846 -24.509826 -13.338086 -1.074169 0.000000 0.870058 2084
person -1 -1 nan 43385.000000 nan nan nan 1.448772 0.569515 0.764799 8.160105 -6.397952 -0.575133 0.000000 0.935782 455
bicyclist -1 -1 nan 43402.000000 nan nan nan 0.639025 0.440492 0.282767 -41.738111 -5.105268 -0.588429 0.000000 0.478264 632
bicyclist -1 -1 nan 43390.000000 nan nan nan 0.700243 0.384620 0.475506 -15.275645 30.440611 -2.314499 0.000000 0.498434 633
bicycle -1 -1 nan 43401.000000 nan nan nan 1.012386 0.699825 0.936598 2.444536 -6.929037 -0.943211 0.000000 0.746959 631
bicyclist -1 -1 nan 43378.000000 nan nan nan 0.888696 0.674908 0.441246 -22.262576 43.258207 -2.221424 0.000000 0.519213 630
bicycle -1 -1 nan 43409.000000 nan nan nan 1.166548 0.713132 1.845864 -7.955253 -4.180602 -1.120743 0.000000 0.852799 605
