car -1 -1 nan 42009.000000 nan nan nan 0.864540 2.427955 0.836465 33.210454 7.167042 0.389417 0.000000 0.920190 2170
other-vehicle -1 -1 nan 42003.000000 nan nan nan 1.134337 1.179094 1.099343 28.548659 -16.729157 -0.386200 0.000000 0.761037 2121
car -1 -1 nan 42014.000000 nan nan nan 0.682001 1.100878 1.501022 20.821118 35.744277 -1.508123 0.000000 0.798756 2146
car -1 -1 nan 41996.000000 nan nan nan 1.288144 2.078406 3.907725 4.850458 19.144045 -1.196186 0.000000 0.946616 2144
car -1 -1 nan 42000.000000 nan nan nan 0.811180 4.185548 1.828905 18.962826 29.883860 -1.443764 0.000000 0.757330 2143
car -1 -1 nan 41997.000000 nan nan nan 1.182156 1.334916 0.935586 33.168884 -11.246492 -0.637181 0.000000 0.734843 2139
car -1 -1 nan 42002.000000 nan nan nan 1.271530 1.589315 4.020035 20.037111 -7.664554 -0.947482 0.000000 0.767332 2084
car -1 -1 nan 42008.000000 nan nan nan 0.545164 1.811199 0.939660 21.907205 -17.650960 -0.908457 0.000000 0.435793 2109
car -1 -1 nan 42006.000000 nan nan nan 0.857827 1.625298 1.297912 39.052543 -9.278687 -0.509533 0.000000 0.672417 2074
car -1 -1 nan 41985.000000 nan nan nan 1.115940 1.470853 0.682893 -45.185993 14.850004 -1.934486 0.000000 0.871933 2027
person -1 -1 nan 42012.000000 nan nan nan 0.953341 0.676517 1.062919 18.260212 11.767690 -1.048286 0.000000 0.679164 462
person -1 -1 nan 41990.000000 nan nan nan 1.383117 0.596133 0.452081 19.363677 20.004342 -0.916575 0.000000 0.718805 455
bicycle -1 -1 nan 42005.000000 nan nan nan 1.148656 1.699339 0.995975 15.008111 10.516105 -1.148497 0.000000 0.854732 605
bicyclist -1 -1 nan 41984.000000 nan nan nan 1.635443 0.599880 1.669767 13.292643 -4.950936 -0.764898 0.000000 0.946433 582
