car -1 -1 nan 41485.000000 nan nan nan 0.387890 0.863960 1.134275 19.465075 12.873281 -1.390545 0.000000 0.664027 2150
car -1 -1 nan 41488.000000 nan nan nan 0.885983 2.345503 1.843717 13.961493 41.190208 -2.754942 0.000000 0.775020 2146
car -1 -1 nan 41459.000000 nan nan nan 1.293859 1.803187 4.085334 3.586548 20.433458 -1.728567 0.000000 0.884656 2144
car -1 -1 nan 41473.000000 nan nan nan 0.967066 3.781920 1.698915 14.291882 34.746019 -2.385963 0.000000 0.686424 2143
car -1 -1 nan 41479.000000 nan nan nan 1.121632 0.938564 1.212640 39.883565 0.143237 -0.659247 0.000000 0.640140 2139
other-vehicle -1 -1 nan 41475.000000 nan nan nan 1.451631 3.229971 1.502329 37.098350 -6.377826 -0.381673 0.000000 0.849173 2121
car -1 -1 nan 41470.000000 nan nan nan 1.209807 0.893217 1.301507 25.699357 -0.404804 -0.913235 0.000000 0.777100 2084
car -1 -1 nan 41482.000000 nan nan nan 0.509364 1.803123 0.586490 31.267340 -12.773386 -0.522262 0.000000 0.844489 2109
car -1 -1 nan 41466.000000 nan nan nan 1.105003 1.679253 2.331333 35.210854 3.150317 -0.835870 0.000000 0.934641 2074
car -1 -1 nan 41456.000000 nan nan nan 1.427629 1.607373 0.639948 -42.847254 1.282153 -1.616380 0.000000 0.837076 2027
person -1 -1 nan 41468.000000 nan nan nan 1.137656 0.529290 0.403285 17.321053 23.295381 -1.529569 0.000000 0.885151 455
person -1 -1 nan 41362.000000 nan nan nan 0.349544 0.364607 0.653400 17.088682 -11.612753 -0.461223 0.000000 0.329929 453
motorcycle -1 -1 nan 41477.000000 nan nan nan 0.985310 1.888268 0.757234 16.029148 15.226289 -1.637783 0.000000 0.903231 605
bicycle -1 -1 nan 41396.000000 nan nan nan 0.668685 1.359871 0.797016 -25.048609 12.961525 -2.093316 0.000000 0.889956 604
bicyclist -1 -1 nan 41467.000000 nan nan nan 1.698855 0.633054 1.520878 11.821492 -0.649142 -0.635574 0.000000 0.934234 582
