car -1 -1 nan 42009.000000 nan nan nan 0.864540 2.427955 0.836465 33.354947 6.057758 0.189500 0.000000 0.920190 2170
other-vehicle -1 -1 nan 42028.000000 nan nan nan 1.109087 1.071797 0.465880 27.373818 -18.123509 -0.502837 0.000000 0.774498 2121
car -1 -1 nan 42022.000000 nan nan nan 0.672839 3.174021 1.218039 21.944695 35.478112 -1.374236 0.000000 0.623291 2146
car -1 -1 nan 42025.000000 nan nan nan 1.367476 2.037716 3.948087 5.288040 18.857826 -1.113798 0.000000 0.944874 2144
car -1 -1 nan 42035.000000 nan nan nan 0.917433 4.164691 1.685586 19.784917 29.155231 -1.330289 0.000000 0.909838 2143
car -1 -1 nan 42036.000000 nan nan nan 1.327248 1.442328 1.424817 32.531584 -12.610669 -0.698180 0.000000 0.690615 2139
car -1 -1 nan 42037.000000 nan nan nan 1.310665 1.476368 3.948969 19.414217 -8.446061 -0.960158 0.000000 0.819727 2084
car -1 -1 nan 42034.000000 nan nan nan 0.602624 1.780017 1.058013 20.428178 -20.028442 -1.000551 0.000000 0.241719 2109
car -1 -1 nan 42038.000000 nan nan nan 0.862258 1.891993 2.296264 39.353951 -11.155049 -0.520661 0.000000 0.771541 2074
car -1 -1 nan 42021.000000 nan nan nan 1.076231 1.417537 0.526695 -44.860923 16.549623 -1.875078 0.000000 0.756894 2027
person -1 -1 nan 42012.000000 nan nan nan 0.953341 0.676517 1.062919 18.937433 12.641464 -1.297626 0.000000 0.679164 462
person -1 -1 nan 42033.000000 nan nan nan 1.397103 0.573831 0.429097 19.930489 19.383076 -0.771857 0.000000 0.912477 455
bicycle -1 -1 nan 42042.000000 nan nan nan 1.133559 1.803176 1.235726 15.194136 9.925698 -1.112857 0.000000 0.889382 605
bicyclist -1 -1 nan 42020.000000 nan nan nan 1.655990 0.623621 1.651598 13.303932 -5.582006 -0.799105 0.000000 0.936363 582
