car -1 -1 nan 41521.000000 nan nan nan 0.463383 1.196663 0.609334 29.995395 -4.578368 -0.863741 0.000000 0.360306 2153
car -1 -1 nan 41558.000000 nan nan nan 0.871855 1.375274 1.600828 13.612751 40.999284 -2.724455 0.000000 0.814028 2146
car -1 -1 nan 41542.000000 nan nan nan 1.306501 1.723572 4.104235 2.964812 20.419857 -1.730448 0.000000 0.908729 2144
car -1 -1 nan 41547.000000 nan nan nan 1.318509 3.913237 1.816877 13.650303 34.752954 -2.305524 0.000000 0.923672 2143
car -1 -1 nan 41553.000000 nan nan nan 0.653878 0.807433 0.459395 38.877464 -0.159625 -0.840490 0.000000 0.478173 2139
other-vehicle -1 -1 nan 41546.000000 nan nan nan 1.224504 1.428748 0.570928 36.196782 -7.094708 -0.324668 0.000000 0.840760 2121
car -1 -1 nan 41543.000000 nan nan nan 0.934307 1.686764 3.514549 25.259983 -0.922556 -1.005461 0.000000 0.771601 2084
car -1 -1 nan 41539.000000 nan nan nan 0.661928 1.887620 0.706154 30.314296 -13.041886 -0.591151 0.000000 0.843780 2109
car -1 -1 nan 41545.000000 nan nan nan 1.152458 1.587221 2.592641 35.803494 2.864631 -0.879635 0.000000 0.869689 2074
car -1 -1 nan 41552.000000 nan nan nan 1.284189 1.635968 0.713009 -43.595825 1.738774 -1.589614 0.000000 0.749689 2027
person -1 -1 nan 41555.000000 nan nan nan 1.261470 0.451472 0.479285 16.678334 23.468913 -1.565971 0.000000 0.282855 455
motorcycle -1 -1 nan 41544.000000 nan nan nan 1.024215 1.803368 0.912639 15.368760 15.122005 -1.663011 0.000000 0.935216 605
bicyclist -1 -1 nan 41529.000000 nan nan nan 1.732449 0.686556 1.635146 11.989896 -0.698019 -0.673352 0.000000 0.947901 582
