other-vehicle -1 -1 nan 42138.000000 nan nan nan 0.977017 0.987947 0.486905 42.995829 -10.823727 -0.626297 0.000000 0.776187 2184
other-vehicle -1 -1 nan 42136.000000 nan nan nan 1.358844 2.468478 2.032763 13.150397 31.935246 -0.121998 0.000000 0.821345 2178
car -1 -1 nan 42131.000000 nan nan nan 0.831064 1.283486 0.459590 32.911552 1.450571 0.317858 0.000000 0.774378 2170
car -1 -1 nan 42127.000000 nan nan nan 0.854617 1.349303 0.840937 24.951951 32.153645 -1.173834 0.000000 0.743740 2146
car -1 -1 nan 42130.000000 nan nan nan 1.234164 1.991475 3.913412 6.757324 17.970252 -1.101917 0.000000 0.947329 2144
car -1 -1 nan 42157.000000 nan nan nan 1.257304 4.042497 1.676331 22.086907 26.414761 -1.060108 0.000000 0.903772 2143
car -1 -1 nan 42135.000000 nan nan nan 0.914479 1.451806 1.434969 30.047774 -16.459583 -1.137090 0.000000 0.610305 2139
car -1 -1 nan 42155.000000 nan nan nan 1.215313 1.714984 1.304378 16.061652 -10.708325 -1.107058 0.000000 0.779658 2084
car -1 -1 nan 42146.000000 nan nan nan 0.577880 1.771427 1.288354 16.355697 -24.377806 -1.191388 0.000000 0.796633 2109
car -1 -1 nan 42145.000000 nan nan nan 0.935859 1.398228 1.807283 38.778157 -16.651923 -0.832964 0.000000 0.800210 2074
car -1 -1 nan 42125.000000 nan nan nan 1.293283 1.551676 1.006584 -43.611157 21.814506 -1.481380 0.000000 0.811731 2027
person -1 -1 nan 42140.000000 nan nan nan 1.209142 0.635689 0.457500 21.446013 17.202244 -0.743026 0.000000 0.920975 455
bicycle -1 -1 nan 42149.000000 nan nan nan 1.195504 1.476398 1.056460 15.406979 7.927059 -1.113883 0.000000 0.924374 605
bicyclist -1 -1 nan 42124.000000 nan nan nan 1.652216 0.572003 1.639343 13.070069 -7.632308 -0.911450 0.000000 0.945322 582
