car -1 -1 nan 41329.000000 nan nan nan 1.207013 1.714837 2.824093 6.272777 20.488079 -1.837360 0.000000 0.894727 2144
car -1 -1 nan 41338.000000 nan nan nan 0.846823 2.136298 1.691764 16.280434 33.955561 -2.530278 0.000000 0.756539 2143
car -1 -1 nan 41336.000000 nan nan nan 0.812089 0.719954 0.617694 41.653091 0.224038 -0.706782 0.000000 0.732246 2139
other-vehicle -1 -1 nan 41318.000000 nan nan nan 1.260066 3.265768 1.257967 39.147910 -5.761064 -0.316371 0.000000 0.881097 2121
car -1 -1 nan 41331.000000 nan nan nan 0.922277 1.311339 3.328811 27.544267 -0.565287 -0.945916 0.000000 0.874119 2084
car -1 -1 nan 41333.000000 nan nan nan 0.711201 1.987945 0.691788 33.233251 -12.767193 -0.426358 0.000000 0.770077 2109
car -1 -1 nan 41335.000000 nan nan nan 1.123919 1.565812 1.968347 34.426222 2.938596 -0.886593 0.000000 0.910969 2074
car -1 -1 nan 41340.000000 nan nan nan 1.681006 1.643749 2.262635 -41.439066 1.222301 -1.549638 0.000000 0.833624 2027
person -1 -1 nan 41334.000000 nan nan nan 0.983679 0.376523 0.366405 19.223378 22.843537 -1.537504 0.000000 0.499957 455
person -1 -1 nan 41294.000000 nan nan nan 0.795581 0.625151 0.697986 19.001398 -11.920916 -0.227400 0.000000 0.523436 453
bicycle -1 -1 nan 41344.000000 nan nan nan 0.884629 1.695061 0.610720 18.002298 15.239049 -1.759811 0.000000 0.923200 605
bicycle -1 -1 nan 41327.000000 nan nan nan 0.540368 1.285514 0.342142 -22.991357 13.058682 -2.158288 0.000000 0.694444 604
bicyclist -1 -1 nan 41330.000000 nan nan nan 1.701264 0.670646 1.180646 11.846329 -0.784914 -0.615951 0.000000 0.923520 582
