car -1 -1 nan 46456.000000 nan nan nan 1.070049 1.881716 2.202563 5.751165 32.884070 -0.562363 0.000000 0.815144 2441
car -1 -1 nan 46437.000000 nan nan nan 0.208457 0.728587 0.624319 35.423647 -23.445115 -0.839754 0.000000 0.575500 2439
car -1 -1 nan 46451.000000 nan nan nan 0.414653 0.299764 0.474307 10.478212 38.397168 -0.306003 0.000000 0.711193 2429
car -1 -1 nan 46402.000000 nan nan nan 0.541878 0.484329 0.455448 15.557820 45.666924 -0.675765 0.000000 0.763622 2424
car -1 -1 nan 46453.000000 nan nan nan 0.546018 1.036955 1.243310 4.935484 27.730312 -1.104035 0.000000 0.849041 2419
car -1 -1 nan 46440.000000 nan nan nan 0.621076 1.002260 1.548162 12.699802 40.511295 -0.841706 0.000000 0.674501 2375
car -1 -1 nan 46462.000000 nan nan nan 0.568200 0.862625 1.349706 10.227816 36.145002 -1.064815 0.000000 0.784570 2377
car -1 -1 nan 46459.000000 nan nan nan 0.573596 1.257957 0.845746 -33.923893 -36.180922 -1.743129 0.000000 0.685955 2363
car -1 -1 nan 46431.000000 nan nan nan 1.141247 1.407297 2.093375 3.398447 25.409143 -0.748017 0.000000 0.778316 2348
car -1 -1 nan 46443.000000 nan nan nan 1.337647 2.602527 3.126846 0.306820 21.784913 -0.909150 0.000000 0.898265 2344
car -1 -1 nan 46435.000000 nan nan nan 1.595035 1.911152 4.186609 9.793360 -6.802293 -0.921884 0.000000 0.904663 2339
other-vehicle -1 -1 nan 46422.000000 nan nan nan 1.250288 2.267003 3.029144 7.463784 34.374140 -0.518380 0.000000 0.869344 2330
car -1 -1 nan 46424.000000 nan nan nan 1.317923 2.413103 2.704333 11.271147 18.819481 -0.639390 0.000000 0.866997 2313
car -1 -1 nan 46465.000000 nan nan nan 1.023571 2.421624 2.553808 1.806378 23.780635 -0.775212 0.000000 0.817421 2315
car -1 -1 nan 46428.000000 nan nan nan 1.335903 2.796056 2.729551 -10.787557 4.164136 -1.081311 0.000000 0.914375 2288
car -1 -1 nan 46414.000000 nan nan nan 1.845922 3.013540 3.532093 -2.636129 16.819537 -0.729641 0.000000 0.855671 2291
car -1 -1 nan 46444.000000 nan nan nan 1.241143 2.809890 2.507001 7.585237 13.669079 -0.908330 0.000000 0.828505 2282
car -1 -1 nan 46450.000000 nan nan nan 1.703794 2.874059 3.881862 -5.007825 14.529013 -0.832507 0.000000 0.961715 2268
car -1 -1 nan 46439.000000 nan nan nan 1.367678 2.066543 3.628386 -7.343226 10.067051 -1.017601 0.000000 0.873517 2264
car -1 -1 nan 46448.000000 nan nan nan 1.352205 3.399788 3.432614 -13.088048 -0.401666 -1.150536 0.000000 0.935918 2243
car -1 -1 nan 46436.000000 nan nan nan 1.331559 3.135618 4.133398 -15.132427 -2.615568 -1.185962 0.000000 0.934527 2238
car -1 -1 nan 46438.000000 nan nan nan 1.098682 4.087907 2.761851 -19.228189 -24.919418 -1.418278 0.000000 0.932729 2196
car -1 -1 nan 46449.000000 nan nan nan 1.195300 3.118145 2.461687 -14.173227 -22.612662 -1.381269 0.000000 0.945814 2146
person -1 -1 nan 46434.000000 nan nan nan 1.339540 0.467896 0.582382 23.926245 -12.316054 -1.112768 0.000000 0.910113 515
person -1 -1 nan 46387.000000 nan nan nan 1.480011 1.181060 1.163864 14.005368 -8.648507 -1.052932 0.000000 0.670702 511
person -1 -1 nan 46433.000000 nan nan nan 0.519908 0.629386 0.365272 8.912229 9.341717 -0.827107 0.000000 0.763133 493
person -1 -1 nan 46425.000000 nan nan nan 1.240823 0.652290 0.471962 -12.500085 -25.431454 -1.074699 0.000000 0.918064 455
bicycle -1 -1 nan 46429.000000 nan nan nan 0.974795 0.619287 1.174384 6.503129 0.744636 -1.060477 0.000000 0.784615 649
