other-vehicle -1 -1 nan 48551.000000 nan nan nan 0.474338 1.230976 0.345985 -46.562248 12.659135 -1.885926 0.000000 0.734148 2528
car -1 -1 nan 48542.000000 nan nan nan 0.536981 0.967472 0.798834 32.782727 1.234767 -0.889104 0.000000 0.490045 2521
car -1 -1 nan 48583.000000 nan nan nan 0.462222 0.916736 0.750917 45.118856 -3.084540 -0.712970 0.000000 0.681802 2522
car -1 -1 nan 48535.000000 nan nan nan 0.959935 1.409100 1.485574 47.974628 0.882519 0.017258 0.000000 0.799867 2519
other-vehicle -1 -1 nan 48581.000000 nan nan nan 0.834819 1.469444 2.932616 -19.872607 32.651798 -0.992230 0.000000 0.875767 2520
car -1 -1 nan 48566.000000 nan nan nan 1.218205 0.575308 2.482706 44.837513 -5.242793 0.428713 0.000000 0.876766 2509
car -1 -1 nan 48585.000000 nan nan nan 0.232022 0.333354 0.309141 -18.355578 35.440560 -1.671726 0.000000 0.591378 2476
car -1 -1 nan 48586.000000 nan nan nan 1.089569 2.303952 3.270778 33.086685 -3.748153 -0.577409 0.000000 0.915832 2454
car -1 -1 nan 48559.000000 nan nan nan 1.004577 1.401724 1.301993 -19.025588 25.917212 -1.485087 0.000000 0.810432 2419
car -1 -1 nan 48578.000000 nan nan nan 1.326097 1.780321 2.008849 -18.935562 23.330096 -1.394107 0.000000 0.805228 2348
car -1 -1 nan 48564.000000 nan nan nan 1.232656 1.747905 3.892173 -19.951475 18.094138 -1.437496 0.000000 0.926968 2344
car -1 -1 nan 48550.000000 nan nan nan 1.677473 1.973217 4.175287 3.125382 -2.477503 -0.773891 0.000000 0.854280 2339
other-vehicle -1 -1 nan 48588.000000 nan nan nan 0.691718 0.349956 1.814927 -20.623806 30.291989 -1.114286 0.000000 0.764259 2330
car -1 -1 nan 48577.000000 nan nan nan 1.205824 1.705348 2.714129 -19.285045 20.648517 -1.452930 0.000000 0.847707 2315
car -1 -1 nan 48563.000000 nan nan nan 1.066588 1.552297 2.842185 -20.630842 -2.631053 -1.377283 0.000000 0.894734 2288
car -1 -1 nan 48575.000000 nan nan nan 1.792806 1.862009 3.815130 -19.983827 12.564554 -1.157173 0.000000 0.915490 2291
car -1 -1 nan 48570.000000 nan nan nan 1.291179 3.215131 1.871162 -9.292507 15.231375 -1.200787 0.000000 0.942090 2282
car -1 -1 nan 48555.000000 nan nan nan 1.709436 1.744370 3.620457 -20.601683 9.391559 -1.215960 0.000000 0.917678 2268
car -1 -1 nan 48572.000000 nan nan nan 1.367084 1.758503 3.617058 -20.532962 4.751835 -1.394852 0.000000 0.922913 2264
car -1 -1 nan 48576.000000 nan nan nan 1.161501 1.680104 2.375034 -19.767270 -7.983183 -1.250305 0.000000 0.803639 2243
car -1 -1 nan 48556.000000 nan nan nan 1.230771 1.743716 4.228305 -20.895137 -10.582167 -1.511412 0.000000 0.965151 2238
car -1 -1 nan 48560.000000 nan nan nan 1.310714 4.776038 1.786489 -12.902372 -3.185183 -1.229781 0.000000 0.650829 2196
person -1 -1 nan 48573.000000 nan nan nan 1.421119 0.450649 0.828246 11.249948 0.905861 -0.793756 0.000000 0.877437 515
person -1 -1 nan 48561.000000 nan nan nan 1.493910 0.937992 0.904127 12.084124 -3.052462 -0.763854 0.000000 0.955439 511
person -1 -1 nan 48408.000000 nan nan nan 1.277062 0.846687 0.636172 -5.490816 11.732765 -0.559334 0.000000 0.820415 493
bicycle -1 -1 nan 48562.000000 nan nan nan 1.074667 0.518068 1.473976 -3.803347 3.078541 -1.180460 0.000000 0.777474 685
