car -1 -1 nan 45586.000000 nan nan nan 0.787918 0.454602 0.694257 18.919436 -45.252216 -0.887686 0.000000 0.685118 2393
car -1 -1 nan 45612.000000 nan nan nan 0.942553 2.503793 1.889390 20.642848 -39.776971 -0.636615 0.000000 0.711116 2396
car -1 -1 nan 45533.000000 nan nan nan 0.447975 0.431234 0.964518 -44.566204 17.024082 -2.369420 0.000000 0.648439 2385
car -1 -1 nan 45634.000000 nan nan nan 1.012125 1.744268 1.787704 -44.432296 -13.105202 -2.080672 0.000000 0.810201 2386
car -1 -1 nan 45611.000000 nan nan nan 0.460422 0.855198 1.304809 35.803924 25.743879 -0.430654 0.000000 0.845578 2375
car -1 -1 nan 45607.000000 nan nan nan 0.816677 1.614521 0.840357 42.940360 18.845187 0.123265 0.000000 0.867575 2376
car -1 -1 nan 45620.000000 nan nan nan 0.602551 0.973266 1.263819 31.676588 23.795932 -0.678636 0.000000 0.773712 2377
other-vehicle -1 -1 nan 45627.000000 nan nan nan 1.133400 2.165153 0.906189 -40.607328 -29.032793 -0.705550 0.000000 0.864899 2367
car -1 -1 nan 45539.000000 nan nan nan 0.679188 1.434459 0.789316 -45.621896 -10.515783 -2.288986 0.000000 0.550331 2363
car -1 -1 nan 45608.000000 nan nan nan 1.056759 0.821762 1.522837 20.537818 18.213257 -0.567257 0.000000 0.855253 2348
car -1 -1 nan 45621.000000 nan nan nan 1.313853 2.001434 2.074208 15.754050 16.184540 -0.774519 0.000000 0.942133 2344
car -1 -1 nan 45639.000000 nan nan nan 1.595131 3.712738 1.873260 7.146545 -12.657033 -0.794477 0.000000 0.905727 2339
other-vehicle -1 -1 nan 45597.000000 nan nan nan 1.196092 2.078029 4.367434 27.655830 23.126065 -0.296762 0.000000 0.895336 2330
car -1 -1 nan 45641.000000 nan nan nan 1.096872 2.713296 3.104625 23.374960 9.242904 -0.578945 0.000000 0.892281 2313
car -1 -1 nan 45630.000000 nan nan nan 1.110037 2.212199 2.285714 17.960479 17.420552 -0.576420 0.000000 0.798947 2315
car -1 -1 nan 45615.000000 nan nan nan 1.903239 2.791160 2.746042 -3.618343 7.689266 -0.955664 0.000000 0.914609 2288
car -1 -1 nan 45626.000000 nan nan nan 1.843311 2.926567 2.798110 10.488824 13.974852 -0.636899 0.000000 0.834325 2291
car -1 -1 nan 45617.000000 nan nan nan 1.257637 2.870388 2.894795 17.320102 6.397206 -0.703073 0.000000 0.907210 2282
car -1 -1 nan 45636.000000 nan nan nan 1.696186 3.859153 2.814600 7.333262 13.420888 -0.769207 0.000000 0.953945 2268
car -1 -1 nan 45584.000000 nan nan nan 1.323764 3.078275 2.801143 3.103282 11.121950 -0.961797 0.000000 0.940129 2264
car -1 -1 nan 45603.000000 nan nan nan 1.505885 4.152622 1.778868 -7.413518 5.542558 -1.229307 0.000000 0.943237 2243
car -1 -1 nan 45622.000000 nan nan nan 1.375745 4.349763 2.937697 -10.420052 4.749079 -1.307185 0.000000 0.913075 2238
car -1 -1 nan 45604.000000 nan nan nan 0.745332 2.616749 3.357395 -37.405649 -17.544606 -2.143206 0.000000 0.744162 2196
car -1 -1 nan 45591.000000 nan nan nan 1.310071 2.641641 3.385259 -20.695452 -12.809895 -1.545626 0.000000 0.911738 2146
car -1 -1 nan 45609.000000 nan nan nan 1.191905 1.609238 3.126503 -27.591993 -15.577563 -1.771416 0.000000 0.902028 2143
person -1 -1 nan 45624.000000 nan nan nan 1.295477 0.873025 0.717450 10.465006 -14.380193 -0.714012 0.000000 0.924632 511
person -1 -1 nan 45606.000000 nan nan nan 1.480532 0.560746 0.753111 16.239278 2.127560 -0.398961 0.000000 0.860272 493
person -1 -1 nan 45616.000000 nan nan nan 1.275926 0.664630 0.591474 -22.758005 -17.073275 -1.171816 0.000000 0.928246 455
bicycle -1 -1 nan 45598.000000 nan nan nan 0.909253 0.791708 0.585388 9.520317 -4.190291 -0.903277 0.000000 0.477958 649
