car -1 -1 nan 47378.000000 nan nan nan 0.580462 2.062549 1.047401 -38.675203 17.560058 -2.536995 0.000000 0.841781 2485
car -1 -1 nan 47421.000000 nan nan nan 0.291327 1.098527 0.242128 -3.857850 -28.816622 -0.666986 0.000000 0.498326 2486
other-vehicle -1 -1 nan 47390.000000 nan nan nan 0.800106 0.352041 1.570489 10.383604 47.044852 1.461755 0.000000 0.789178 2488
car -1 -1 nan 47365.000000 nan nan nan 0.578769 3.867171 1.012851 -5.334931 -40.103327 -0.524010 0.000000 0.681072 2483
car -1 -1 nan 47347.000000 nan nan nan 0.376345 0.968412 0.304064 3.816631 20.408173 -0.434237 0.000000 0.466840 2481
other-vehicle -1 -1 nan 47416.000000 nan nan nan 0.499547 1.831063 0.784595 -4.393507 -9.818537 -1.171858 0.000000 0.724666 2479
car -1 -1 nan 47411.000000 nan nan nan 1.070701 1.891321 0.969246 -8.212204 -33.451229 -1.135283 0.000000 0.912051 2478
car -1 -1 nan 47414.000000 nan nan nan 0.654856 1.034351 1.146913 -7.982217 39.530827 -1.511993 0.000000 0.796447 2476
car -1 -1 nan 47434.000000 nan nan nan 0.225943 0.713213 0.879005 46.864479 -2.480088 0.777384 0.000000 0.742339 2472
car -1 -1 nan 47408.000000 nan nan nan 0.953819 0.972002 1.828747 -10.119386 32.187376 -1.581164 0.000000 0.433873 2441
car -1 -1 nan 47405.000000 nan nan nan 0.698019 0.838013 0.610907 -6.247386 44.332763 -1.989688 0.000000 0.741716 2461
other-vehicle -1 -1 nan 47384.000000 nan nan nan 1.108766 0.439271 0.811609 6.288210 35.576830 0.006086 0.000000 0.708918 2448
car -1 -1 nan 47425.000000 nan nan nan 1.162520 1.052105 2.329154 3.161009 43.749838 -1.430369 0.000000 0.781591 2457
car -1 -1 nan 47403.000000 nan nan nan 1.270254 2.547008 3.045777 38.263843 -8.495376 0.113281 0.000000 0.803909 2454
car -1 -1 nan 47419.000000 nan nan nan 0.966097 1.356012 2.148196 -5.971033 47.777328 -1.823400 0.000000 0.762688 2424
car -1 -1 nan 47406.000000 nan nan nan 0.707101 1.426469 0.988162 -9.136030 27.397247 -1.889639 0.000000 0.884133 2419
car -1 -1 nan 47423.000000 nan nan nan 0.728982 1.181933 1.341698 -7.011976 41.794573 -1.928869 0.000000 0.746930 2375
car -1 -1 nan 47388.000000 nan nan nan 0.604746 0.887621 1.132337 -7.423716 37.152041 -2.045910 0.000000 0.784278 2377
car -1 -1 nan 47417.000000 nan nan nan 1.259884 1.608582 1.219695 -9.391993 24.790318 -1.625298 0.000000 0.789956 2348
car -1 -1 nan 47418.000000 nan nan nan 1.307079 1.726920 3.897361 -11.346894 19.784305 -1.656688 0.000000 0.914279 2344
car -1 -1 nan 47375.000000 nan nan nan 1.655793 1.960841 4.401968 8.840818 -3.283300 -0.642686 0.000000 0.947717 2339
other-vehicle -1 -1 nan 47422.000000 nan nan nan 1.487685 1.614056 2.981573 -9.349363 34.290000 -1.493832 0.000000 0.905702 2330
car -1 -1 nan 47393.000000 nan nan nan 1.256636 3.982444 2.127818 0.030106 22.153197 -1.273869 0.000000 0.954348 2313
car -1 -1 nan 47381.000000 nan nan nan 1.297236 1.614169 2.598743 -10.443495 22.165073 -1.611343 0.000000 0.814591 2315
car -1 -1 nan 47401.000000 nan nan nan 1.343647 1.833439 3.152606 -14.640138 -0.678378 -1.510512 0.000000 0.965538 2288
car -1 -1 nan 47400.000000 nan nan nan 1.903019 2.134008 3.577546 -11.909986 14.260882 -1.344488 0.000000 0.931277 2291
car -1 -1 nan 47407.000000 nan nan nan 1.276023 3.291655 2.028665 -1.144187 15.494457 -1.270358 0.000000 0.959256 2282
car -1 -1 nan 47412.000000 nan nan nan 1.760506 1.801951 3.761582 -13.118653 11.211646 -1.476764 0.000000 0.956346 2268
car -1 -1 nan 47386.000000 nan nan nan 1.338032 1.670575 3.762567 -13.665257 6.547188 -1.567554 0.000000 0.938134 2264
car -1 -1 nan 47415.000000 nan nan nan 1.410400 2.254404 3.869383 -15.110347 -5.821038 -1.439588 0.000000 0.933936 2243
car -1 -1 nan 47382.000000 nan nan nan 1.326254 1.859560 4.214726 -15.930868 -8.579505 -1.562705 0.000000 0.932139 2238
car -1 -1 nan 47394.000000 nan nan nan 1.288864 4.791453 1.943278 -9.428698 -17.709706 -1.199357 0.000000 0.949597 2196
car -1 -1 nan 47413.000000 nan nan nan 1.173444 3.548605 1.877751 -7.424189 -26.764145 -1.084767 0.000000 0.921681 2146
person -1 -1 nan 47389.000000 nan nan nan 1.286263 0.878477 0.895844 21.305412 -1.729938 -0.364681 0.000000 0.927187 515
person -1 -1 nan 47404.000000 nan nan nan 0.316791 0.388376 0.398480 15.044496 -4.523006 -0.038779 0.000000 0.264965 511
person -1 -1 nan 47385.000000 nan nan nan 1.415738 0.629425 0.670219 1.994149 11.689959 -0.762253 0.000000 0.413240 493
person -1 -1 nan 47383.000000 nan nan nan 1.467991 0.683079 0.535749 -4.506849 -25.990931 -0.692968 0.000000 0.401723 455
bicyclist -1 -1 nan 47210.000000 nan nan nan 0.678233 0.861164 0.505632 34.950260 -1.606015 0.311822 0.000000 0.866384 672
bicycle -1 -1 nan 47410.000000 nan nan nan 1.077874 0.906860 1.329507 2.799918 2.789033 -1.074988 0.000000 0.612903 649
