car -1 -1 nan 45648.000000 nan nan nan 0.579501 0.501134 0.300878 20.389546 -44.430279 -1.339819 0.000000 0.652380 2393
car -1 -1 nan 45673.000000 nan nan nan 0.503241 0.810597 0.466547 21.173088 -38.131291 -0.914725 0.000000 0.603348 2396
car -1 -1 nan 45649.000000 nan nan nan 0.440036 0.607979 1.356146 -45.979651 14.728153 -2.475083 0.000000 0.756866 2385
car -1 -1 nan 45687.000000 nan nan nan 0.992971 1.741697 1.333128 -44.083834 -15.342123 -2.079776 0.000000 0.709174 2386
car -1 -1 nan 45674.000000 nan nan nan 0.434749 0.797331 1.310209 34.282280 27.413231 -0.548122 0.000000 0.822851 2375
car -1 -1 nan 45669.000000 nan nan nan 1.428102 1.615666 0.891037 41.689662 20.822984 0.116550 0.000000 0.876413 2376
car -1 -1 nan 45664.000000 nan nan nan 0.239182 0.880262 1.070744 30.135889 25.217961 -0.795132 0.000000 0.792164 2377
other-vehicle -1 -1 nan 45683.000000 nan nan nan 1.558855 2.861722 1.590694 -39.463413 -30.793899 -0.591023 0.000000 0.846236 2367
car -1 -1 nan 45656.000000 nan nan nan 0.483917 0.521471 0.357237 -45.032561 -12.896426 -2.331644 0.000000 0.464111 2363
car -1 -1 nan 45685.000000 nan nan nan 1.046191 1.844877 1.739285 19.320518 19.277626 -0.560514 0.000000 0.861758 2348
car -1 -1 nan 45671.000000 nan nan nan 1.214458 2.478729 1.810439 14.573719 17.109088 -0.829617 0.000000 0.935647 2344
car -1 -1 nan 45679.000000 nan nan nan 1.570415 3.857916 1.916419 7.298571 -12.437029 -0.777540 0.000000 0.953355 2339
other-vehicle -1 -1 nan 45688.000000 nan nan nan 1.195067 2.861064 3.383718 26.294204 24.688036 -0.310060 0.000000 0.876129 2330
car -1 -1 nan 45663.000000 nan nan nan 0.966747 2.933707 3.460371 22.576709 10.374958 -0.517677 0.000000 0.911965 2313
car -1 -1 nan 45682.000000 nan nan nan 1.059997 2.074956 2.230317 16.763637 18.220061 -0.632620 0.000000 0.859011 2315
car -1 -1 nan 45670.000000 nan nan nan 1.444322 2.621509 2.626062 -4.295791 7.606964 -1.036493 0.000000 0.926670 2288
car -1 -1 nan 45678.000000 nan nan nan 1.817394 2.978267 2.857743 9.466542 14.467368 -0.659917 0.000000 0.832424 2291
car -1 -1 nan 45675.000000 nan nan nan 1.161905 2.918567 2.732951 16.620880 7.249325 -0.720621 0.000000 0.952452 2282
car -1 -1 nan 45650.000000 nan nan nan 1.701977 3.026114 2.942247 6.304460 13.712272 -0.776008 0.000000 0.945033 2268
car -1 -1 nan 45677.000000 nan nan nan 1.284043 3.053373 3.006323 2.180863 11.336471 -0.986577 0.000000 0.961560 2264
car -1 -1 nan 45681.000000 nan nan nan 1.541703 4.145222 1.816988 -8.001634 5.175561 -1.230561 0.000000 0.942170 2243
car -1 -1 nan 45653.000000 nan nan nan 1.364408 4.321750 2.931318 -10.993125 4.254876 -1.324173 0.000000 0.928885 2238
car -1 -1 nan 45695.000000 nan nan nan 1.003399 2.331278 3.430739 -36.495382 -18.817602 -2.031734 0.000000 0.544090 2196
car -1 -1 nan 45646.000000 nan nan nan 1.265452 2.610872 3.469084 -20.466899 -13.714237 -1.539017 0.000000 0.892020 2146
car -1 -1 nan 45672.000000 nan nan nan 1.126547 1.458385 2.753161 -27.184263 -16.624463 -1.775239 0.000000 0.910392 2143
person -1 -1 nan 45651.000000 nan nan nan 1.384626 0.941552 0.700866 10.788950 -14.049601 -0.759379 0.000000 0.947093 511
person -1 -1 nan 45657.000000 nan nan nan 1.519110 0.556151 0.685506 15.717117 2.864438 -0.414994 0.000000 0.862971 493
person -1 -1 nan 45676.000000 nan nan nan 1.290229 0.549009 0.622177 -22.218301 -18.022872 -1.185876 0.000000 0.864875 455
bicycle -1 -1 nan 45667.000000 nan nan nan 0.970384 1.252836 0.766374 9.362531 -3.773877 -0.898091 0.000000 0.925251 649
