car -1 -1 nan 48793.000000 nan nan nan 0.615049 2.111727 4.079854 29.401374 2.639445 -0.727164 0.000000 0.633219 2542
other-vehicle -1 -1 nan 48768.000000 nan nan nan 0.187298 0.236164 1.430632 -33.311091 -23.200840 -1.706820 0.000000 0.380109 2539
car -1 -1 nan 48783.000000 nan nan nan 0.508863 1.268404 0.355160 -48.994885 10.990388 -2.501507 0.000000 0.815810 2540
car -1 -1 nan 48806.000000 nan nan nan 0.455043 1.350412 0.610219 42.649115 -2.465127 -0.205506 0.000000 0.895302 2522
car -1 -1 nan 48789.000000 nan nan nan 1.149253 1.063325 3.250446 42.798406 -4.167676 0.731298 0.000000 0.900289 2509
car -1 -1 nan 48784.000000 nan nan nan 1.198955 1.752993 3.501316 31.016844 -2.982809 -0.341882 0.000000 0.880128 2454
car -1 -1 nan 48750.000000 nan nan nan 0.356055 0.425045 0.761957 -22.355101 25.478634 -1.499852 0.000000 0.710157 2419
car -1 -1 nan 48799.000000 nan nan nan 0.998320 1.500100 1.018742 -21.351965 22.825134 -1.621551 0.000000 0.812030 2348
car -1 -1 nan 48792.000000 nan nan nan 1.284182 1.918978 3.791625 -22.629224 17.635212 -1.757385 0.000000 0.912313 2344
car -1 -1 nan 48805.000000 nan nan nan 1.159426 1.670050 3.922364 1.119039 -2.369103 -0.661519 0.000000 0.896056 2339
car -1 -1 nan 48804.000000 nan nan nan 1.250932 1.019942 2.310448 -21.975860 19.963659 -1.769289 0.000000 0.833425 2315
car -1 -1 nan 48794.000000 nan nan nan 1.109830 1.719153 2.361946 -22.537354 -3.262568 -1.388317 0.000000 0.841442 2288
car -1 -1 nan 48798.000000 nan nan nan 1.773475 2.058293 3.986905 -22.620720 11.988832 -1.460554 0.000000 0.935022 2291
car -1 -1 nan 48787.000000 nan nan nan 1.233137 0.878078 0.911108 -12.232537 13.600974 -1.468420 0.000000 0.822639 2282
car -1 -1 nan 48785.000000 nan nan nan 1.632049 1.832804 3.841433 -23.151250 8.872221 -1.529207 0.000000 0.891891 2268
car -1 -1 nan 48797.000000 nan nan nan 1.289337 1.891576 3.519501 -22.806499 4.239120 -1.685019 0.000000 0.949503 2264
car -1 -1 nan 48779.000000 nan nan nan 1.357794 1.830821 3.990013 -22.662799 -8.343519 -1.647427 0.000000 0.934232 2243
car -1 -1 nan 48803.000000 nan nan nan 1.179881 1.746290 3.596524 -22.610349 -11.025183 -1.628178 0.000000 0.941782 2238
car -1 -1 nan 48788.000000 nan nan nan 1.294330 4.144960 2.215204 -14.942543 -0.374670 -1.332597 0.000000 0.896082 2196
person -1 -1 nan 48795.000000 nan nan nan 1.465058 0.522554 0.730811 8.088447 1.234050 -0.745153 0.000000 0.881234 515
person -1 -1 nan 48781.000000 nan nan nan 1.527004 0.912464 0.908676 10.581272 -2.678760 -0.649707 0.000000 0.942881 511
bicycle -1 -1 nan 48711.000000 nan nan nan 0.809471 0.255922 0.740691 -6.596603 3.084041 -1.386171 0.000000 0.301764 685
