car -1 -1 nan 46708.000000 nan nan nan 1.230676 0.638841 1.412464 15.832192 40.746750 -0.483797 0.000000 0.841278 2457
car -1 -1 nan 46734.000000 nan nan nan 1.034255 1.895955 2.918178 37.247597 -17.891278 -0.710163 0.000000 0.583643 2454
car -1 -1 nan 46632.000000 nan nan nan 0.877466 1.848541 2.134724 0.126200 33.549219 -0.945527 0.000000 0.747065 2441
car -1 -1 nan 46736.000000 nan nan nan 1.294703 1.397872 1.723248 8.057298 47.588046 -1.069479 0.000000 0.812838 2424
car -1 -1 nan 46700.000000 nan nan nan 0.678524 1.275661 1.035536 0.161641 28.252035 -1.392473 0.000000 0.854852 2419
car -1 -1 nan 46729.000000 nan nan nan 0.469498 1.035277 1.478410 5.757325 41.623155 -1.253651 0.000000 0.844520 2375
car -1 -1 nan 46733.000000 nan nan nan 0.594149 0.815505 1.292157 4.095458 37.260379 -1.456524 0.000000 0.797204 2377
car -1 -1 nan 46702.000000 nan nan nan 0.797993 0.478817 0.836792 -29.236753 -40.041308 -1.736993 0.000000 0.693454 2363
car -1 -1 nan 46728.000000 nan nan nan 1.342355 1.696128 1.785239 -1.066233 25.869061 -1.118600 0.000000 0.763498 2348
car -1 -1 nan 46712.000000 nan nan nan 1.247634 2.911647 3.422702 -3.760836 21.858219 -1.192907 0.000000 0.933538 2344
car -1 -1 nan 46717.000000 nan nan nan 1.605499 1.714535 4.287026 9.943364 -5.391703 -0.857663 0.000000 0.925317 2339
other-vehicle -1 -1 nan 46716.000000 nan nan nan 1.337457 3.522103 4.087906 1.354406 34.747553 -0.910738 0.000000 0.915760 2330
car -1 -1 nan 46714.000000 nan nan nan 1.299779 3.304107 2.724948 7.588498 20.521704 -1.014913 0.000000 0.844236 2313
car -1 -1 nan 46727.000000 nan nan nan 1.219547 2.178182 2.653537 -2.457907 23.702485 -1.138622 0.000000 0.867163 2315
car -1 -1 nan 46713.000000 nan nan nan 1.347516 2.364656 2.687066 -12.178692 2.611324 -1.213121 0.000000 0.929712 2288
car -1 -1 nan 46719.000000 nan nan nan 1.879451 2.777386 3.544413 -5.848602 16.301201 -0.929426 0.000000 0.908352 2291
car -1 -1 nan 46704.000000 nan nan nan 1.286096 2.815867 1.837053 4.573394 14.592528 -1.041419 0.000000 0.846748 2282
car -1 -1 nan 46735.000000 nan nan nan 1.757338 2.258547 3.905801 -7.843594 13.499689 -1.031549 0.000000 0.965928 2268
car -1 -1 nan 46691.000000 nan nan nan 1.369941 2.107265 3.721611 -9.617068 9.290756 -1.185776 0.000000 0.925404 2264
car -1 -1 nan 46725.000000 nan nan nan 1.454139 3.379270 3.555475 -13.843582 -2.097618 -1.202758 0.000000 0.950392 2243
car -1 -1 nan 46706.000000 nan nan nan 1.355845 2.694711 4.022013 -15.419593 -4.705488 -1.277731 0.000000 0.924516 2238
car -1 -1 nan 46698.000000 nan nan nan 1.188788 4.576897 2.410853 -14.909466 -23.740428 -1.251804 0.000000 0.869910 2196
car -1 -1 nan 46726.000000 nan nan nan 1.130184 3.073099 2.015741 -11.512343 -24.303050 -1.255863 0.000000 0.913574 2146
person -1 -1 nan 46731.000000 nan nan nan 1.441616 0.839182 1.325072 24.105515 -8.329275 -0.822498 0.000000 0.935925 515
person -1 -1 nan 46662.000000 nan nan nan 1.385053 1.283510 0.616588 14.674749 -7.057981 -0.883852 0.000000 0.824454 511
person -1 -1 nan 46720.000000 nan nan nan 1.458148 0.844170 0.820738 6.845665 10.539734 -0.687020 0.000000 0.891052 493
person -1 -1 nan 46715.000000 nan nan nan 1.256568 0.658227 0.506056 -9.378979 -26.233011 -0.877346 0.000000 0.918060 455
bicycle -1 -1 nan 46705.000000 nan nan nan 1.035631 0.681383 1.565900 5.517183 1.658598 -1.079617 0.000000 0.723467 649
