car -1 -1 nan 45524.000000 nan nan nan 0.440363 0.454091 1.499327 -42.026558 20.899416 -2.350923 0.000000 0.821843 2385
car -1 -1 nan 45482.000000 nan nan nan 1.031325 3.071331 1.802564 -44.784639 -8.377127 -2.064140 0.000000 0.888893 2386
car -1 -1 nan 45523.000000 nan nan nan 0.280949 0.855708 0.545505 38.519370 22.146211 -0.462210 0.000000 0.749178 2375
car -1 -1 nan 45492.000000 nan nan nan 1.170043 1.640421 0.717798 45.131738 14.636230 0.121782 0.000000 0.897595 2376
car -1 -1 nan 45512.000000 nan nan nan 0.609086 0.862767 1.232646 34.566491 20.541302 -0.712078 0.000000 0.784727 2377
other-vehicle -1 -1 nan 45496.000000 nan nan nan 0.755045 1.372373 3.363488 -34.825977 23.799570 -2.266918 0.000000 0.918786 2373
other-vehicle -1 -1 nan 45474.000000 nan nan nan 1.537831 3.019521 1.820186 -42.641765 -24.787609 -0.630067 0.000000 0.804773 2367
car -1 -1 nan 45426.000000 nan nan nan 0.474264 0.795606 0.397360 -45.392492 -5.603284 -2.666894 0.000000 0.648459 2363
car -1 -1 nan 45511.000000 nan nan nan 1.030352 2.246550 1.816307 22.848741 16.186642 -0.542407 0.000000 0.790890 2348
car -1 -1 nan 45487.000000 nan nan nan 1.231447 1.931572 1.872907 17.886867 14.466398 -0.751499 0.000000 0.929940 2344
car -1 -1 nan 45504.000000 nan nan nan 1.567248 2.739409 2.187796 6.622544 -13.072245 -0.818295 0.000000 0.885021 2339
other-vehicle -1 -1 nan 45483.000000 nan nan nan 1.016360 2.081147 2.740522 30.938242 20.369388 -0.187725 0.000000 0.818688 2330
car -1 -1 nan 45469.000000 nan nan nan 1.256393 2.259864 3.707670 24.976321 6.988203 -0.560765 0.000000 0.918209 2313
car -1 -1 nan 45515.000000 nan nan nan 1.126932 2.102501 2.238192 20.292446 15.516267 -0.573579 0.000000 0.857002 2315
car -1 -1 nan 45491.000000 nan nan nan 1.384438 2.656636 2.615257 -2.086654 7.980892 -1.140397 0.000000 0.938599 2288
car -1 -1 nan 45500.000000 nan nan nan 1.891328 3.054030 2.569098 12.555780 12.872694 -0.572230 0.000000 0.850029 2291
car -1 -1 nan 45503.000000 nan nan nan 1.308124 2.562683 2.805788 18.542845 4.553040 -0.710058 0.000000 0.947980 2282
car -1 -1 nan 45509.000000 nan nan nan 1.664517 2.768404 2.558885 9.360863 12.203993 -0.753933 0.000000 0.933521 2268
car -1 -1 nan 45516.000000 nan nan nan 1.291749 2.990965 2.761541 4.848483 10.687509 -0.894931 0.000000 0.938952 2264
car -1 -1 nan 45506.000000 nan nan nan 1.430085 4.228505 1.748955 -6.281423 6.209265 -1.263034 0.000000 0.942131 2243
car -1 -1 nan 45473.000000 nan nan nan 1.384181 4.542619 2.783929 -9.212396 5.657708 -1.293939 0.000000 0.921658 2238
car -1 -1 nan 45493.000000 nan nan nan 0.474025 1.877716 2.407107 -39.609332 -14.503343 -2.061307 0.000000 0.672621 2196
car -1 -1 nan 45502.000000 nan nan nan 1.260634 2.411202 3.604058 -21.085479 -10.832452 -1.542599 0.000000 0.944509 2146
car -1 -1 nan 45501.000000 nan nan nan 1.126364 1.734237 3.092941 -28.095065 -13.106476 -1.747752 0.000000 0.921522 2143
person -1 -1 nan 45325.000000 nan nan nan 0.148643 0.266812 0.452843 11.735154 34.412783 -0.052751 0.000000 0.697211 501
person -1 -1 nan 45488.000000 nan nan nan 1.450938 0.551130 1.036696 17.219046 0.565979 -0.367102 0.000000 0.886103 493
person -1 -1 nan 45477.000000 nan nan nan 1.284979 0.622195 0.373758 -23.767465 -15.077266 -1.205144 0.000000 0.934872 455
bicycle -1 -1 nan 45489.000000 nan nan nan 1.031592 1.353280 0.719397 9.861575 -5.295145 -0.925208 0.000000 0.887535 649
