car -1 -1 nan 49130.000000 nan nan nan 0.391120 0.740172 0.500901 32.135197 7.179453 -0.222987 0.000000 0.637548 2551
car -1 -1 nan 49146.000000 nan nan nan 1.177504 1.849902 1.344304 38.213504 0.346063 -0.268831 0.000000 0.831591 2522
car -1 -1 nan 49135.000000 nan nan nan 1.280489 1.800537 3.431893 25.933770 -0.716059 -0.641371 0.000000 0.923895 2454
car -1 -1 nan 49125.000000 nan nan nan 0.688453 1.513569 3.186242 -29.633153 15.461965 -1.742447 0.000000 0.932183 2344
car -1 -1 nan 49123.000000 nan nan nan 1.658676 2.655701 4.397345 -3.538540 -2.717689 -0.868526 0.000000 0.889023 2339
car -1 -1 nan 49133.000000 nan nan nan 1.333205 1.524749 1.162338 -26.838156 -4.825218 -1.421660 0.000000 0.742383 2288
car -1 -1 nan 49140.000000 nan nan nan 1.735140 2.088891 4.303975 -28.682316 10.234823 -1.537703 0.000000 0.902005 2291
car -1 -1 nan 49132.000000 nan nan nan 0.803183 1.203602 1.846459 -27.824609 7.135152 -1.144861 0.000000 0.883464 2268
car -1 -1 nan 49137.000000 nan nan nan 1.046583 1.955207 3.489937 -28.287986 2.274057 -1.515250 0.000000 0.912974 2264
car -1 -1 nan 49139.000000 nan nan nan 1.249956 1.631300 4.025757 -27.082935 -10.018610 -1.251670 0.000000 0.942681 2243
car -1 -1 nan 49126.000000 nan nan nan 0.487010 1.870993 2.989983 -27.186230 -12.789569 -0.917585 0.000000 0.866613 2238
car -1 -1 nan 49128.000000 nan nan nan 1.216464 4.690612 1.659848 -20.526753 4.503566 -1.398997 0.000000 0.839155 2196
person -1 -1 nan 49131.000000 nan nan nan 1.530796 1.072630 1.082971 7.048325 -1.636471 -0.745965 0.000000 0.960333 511
bicyclist -1 -1 nan 49112.000000 nan nan nan 1.013140 1.110447 0.627470 28.748463 8.211931 -0.360847 0.000000 0.899229 698
bicyclist -1 -1 nan 49141.000000 nan nan nan 1.277494 1.375547 1.105956 39.955743 4.975559 -0.255003 0.000000 0.756012 694
