car -1 -1 nan 47288.000000 nan nan nan 0.391645 1.660835 0.525474 4.805060 20.966333 -0.453977 0.000000 0.476710 2481
other-vehicle -1 -1 nan 47267.000000 nan nan nan 0.522430 1.830313 0.913147 -4.323043 -9.493183 -1.156849 0.000000 0.758371 2479
car -1 -1 nan 47287.000000 nan nan nan 0.874700 1.906081 1.563604 -9.059552 -32.933838 -1.068046 0.000000 0.928386 2478
car -1 -1 nan 47299.000000 nan nan nan 0.404305 0.414760 0.545209 -6.219387 39.368398 -1.339866 0.000000 0.500535 2476
car -1 -1 nan 47226.000000 nan nan nan 0.440614 1.462205 0.457679 43.251450 -3.629209 0.464532 0.000000 0.461482 2464
car -1 -1 nan 47306.000000 nan nan nan 0.767526 3.981315 3.649438 48.321243 -5.415826 0.280038 0.000000 0.852210 2472
car -1 -1 nan 47300.000000 nan nan nan 1.104014 1.612828 1.804875 -9.009271 32.564191 -1.328328 0.000000 0.832117 2441
car -1 -1 nan 47295.000000 nan nan nan 0.470795 0.977773 0.766124 -4.524798 44.542235 -1.657617 0.000000 0.678424 2461
other-vehicle -1 -1 nan 47276.000000 nan nan nan 1.332859 0.526545 1.171875 7.866042 35.339776 -0.059819 0.000000 0.823006 2448
car -1 -1 nan 47268.000000 nan nan nan 0.963633 1.353924 2.113787 4.441772 43.719032 -1.230297 0.000000 0.832751 2457
car -1 -1 nan 47301.000000 nan nan nan 1.023399 1.719238 2.443322 38.260861 -9.468066 -0.182881 0.000000 0.851960 2454
car -1 -1 nan 47258.000000 nan nan nan 0.466173 0.831619 0.946711 -3.719992 47.772774 -1.732494 0.000000 0.645444 2424
car -1 -1 nan 47279.000000 nan nan nan 0.603001 1.193570 1.003405 -7.912441 27.549165 -1.719331 0.000000 0.856624 2419
car -1 -1 nan 47280.000000 nan nan nan 0.813487 1.093227 1.387627 -5.277630 41.938737 -1.702088 0.000000 0.865061 2375
car -1 -1 nan 47289.000000 nan nan nan 0.560720 1.090371 1.189457 -5.952734 37.343930 -1.828628 0.000000 0.701268 2377
car -1 -1 nan 47297.000000 nan nan nan 1.385733 2.011916 1.376893 -8.458168 25.099801 -1.482689 0.000000 0.711525 2348
car -1 -1 nan 47252.000000 nan nan nan 1.313532 1.773479 3.866490 -10.323088 20.113977 -1.538958 0.000000 0.935154 2344
car -1 -1 nan 47281.000000 nan nan nan 1.622122 1.766176 4.197022 9.164272 -3.475632 -0.698587 0.000000 0.938709 2339
other-vehicle -1 -1 nan 47264.000000 nan nan nan 1.230858 2.072845 3.221864 -7.920305 34.515389 -1.266547 0.000000 0.864195 2330
car -1 -1 nan 47277.000000 nan nan nan 1.234780 3.859009 2.248113 1.078818 22.118239 -1.144656 0.000000 0.952146 2313
car -1 -1 nan 47294.000000 nan nan nan 1.270008 1.885457 2.899886 -9.507724 22.392272 -1.461224 0.000000 0.753479 2315
car -1 -1 nan 47260.000000 nan nan nan 1.353800 1.859217 3.275168 -14.352401 -0.258043 -1.417604 0.000000 0.956721 2288
car -1 -1 nan 47291.000000 nan nan nan 1.842685 2.373923 3.558576 -11.081323 14.614162 -1.229849 0.000000 0.930831 2291
car -1 -1 nan 47283.000000 nan nan nan 1.319897 3.339142 1.932913 -0.349345 15.518107 -1.150576 0.000000 0.965077 2282
car -1 -1 nan 47273.000000 nan nan nan 1.753307 1.836763 3.959477 -12.339090 11.543226 -1.340592 0.000000 0.958409 2268
car -1 -1 nan 47285.000000 nan nan nan 1.355332 1.677806 3.682836 -13.141754 6.937242 -1.462650 0.000000 0.926855 2264
car -1 -1 nan 47292.000000 nan nan nan 1.449236 2.368573 3.896933 -14.886677 -5.369488 -1.376644 0.000000 0.940187 2243
car -1 -1 nan 47275.000000 nan nan nan 1.293396 1.760019 4.023568 -15.756838 -8.125969 -1.494297 0.000000 0.948450 2238
car -1 -1 nan 47257.000000 nan nan nan 1.308457 4.815335 1.958183 -9.921699 -18.989415 -1.247707 0.000000 0.782268 2196
car -1 -1 nan 47293.000000 nan nan nan 1.047508 3.371104 1.967712 -7.853285 -26.542577 -1.141669 0.000000 0.934126 2146
person -1 -1 nan 47296.000000 nan nan nan 1.346290 0.867780 0.935070 21.830288 -2.495880 -0.427154 0.000000 0.942232 515
person -1 -1 nan 47256.000000 nan nan nan 0.641172 0.411130 0.388276 15.042766 -4.904217 -0.067990 0.000000 0.466775 511
person -1 -1 nan 47263.000000 nan nan nan 1.501432 0.731273 0.677733 2.667801 11.582839 -0.709540 0.000000 0.892848 493
person -1 -1 nan 47271.000000 nan nan nan 1.238596 0.662628 0.574160 -4.992363 -26.125222 -0.746962 0.000000 0.875562 455
bicyclist -1 -1 nan 47210.000000 nan nan nan 0.678233 0.861164 0.505632 35.126088 -3.047178 0.096261 0.000000 0.866384 672
bicycle -1 -1 nan 47274.000000 nan nan nan 1.066500 0.605514 1.615875 3.338618 2.740141 -1.063264 0.000000 0.763934 649
