other-vehicle -1 -1 nan 44867.000000 nan nan nan 1.332292 0.310661 1.600776 -42.971074 -8.481926 -0.287446 0.000000 0.712643 2351
car -1 -1 nan 44841.000000 nan nan nan 0.713017 0.409348 1.448901 33.723326 5.804989 -0.473331 0.000000 0.849133 2348
car -1 -1 nan 44811.000000 nan nan nan 0.734190 1.050858 1.225951 28.447700 5.956662 -0.819382 0.000000 0.826407 2344
car -1 -1 nan 44833.000000 nan nan nan 0.425345 2.019364 2.393664 8.405364 -15.604079 -0.012654 0.000000 0.796754 2339
other-vehicle -1 -1 nan 44854.000000 nan nan nan 0.961456 2.390851 1.162005 42.997508 7.355475 0.189013 0.000000 0.892210 2330
other-vehicle -1 -1 nan 44803.000000 nan nan nan 0.702017 0.723205 1.497406 -46.233295 -8.029605 -1.051610 0.000000 0.559925 2324
car -1 -1 nan 44861.000000 nan nan nan 1.049811 1.373951 2.759620 32.285494 -3.215246 -0.199688 0.000000 0.915795 2313
car -1 -1 nan 44855.000000 nan nan nan 1.037407 1.286310 1.312626 31.016061 6.258454 -0.288127 0.000000 0.848084 2315
car -1 -1 nan 44825.000000 nan nan nan 1.273884 3.114563 1.831977 7.697927 7.625949 -0.949855 0.000000 0.962140 2288
car -1 -1 nan 44840.000000 nan nan nan 1.848172 3.210652 1.896004 22.945493 6.886761 -0.433949 0.000000 0.758236 2291
car -1 -1 nan 44846.000000 nan nan nan 1.226888 1.693044 3.221940 26.021800 -3.234139 -0.398370 0.000000 0.947757 2282
car -1 -1 nan 44849.000000 nan nan nan 1.640337 2.525518 1.760687 19.861691 7.171377 -0.583349 0.000000 0.909887 2268
car -1 -1 nan 44847.000000 nan nan nan 0.982404 3.596995 2.027017 14.854861 7.691874 -0.673813 0.000000 0.940301 2264
car -1 -1 nan 44852.000000 nan nan nan 1.495925 3.935073 1.657007 2.455096 7.029386 -1.114353 0.000000 0.931017 2243
car -1 -1 nan 44836.000000 nan nan nan 1.357141 3.980264 2.059498 -0.121145 7.253626 -1.226110 0.000000 0.914934 2238
car -1 -1 nan 44812.000000 nan nan nan 0.602930 1.517494 1.337258 -45.946757 -0.899702 -2.463668 0.000000 0.729221 2196
car -1 -1 nan 44838.000000 nan nan nan 1.311622 1.798603 3.760223 -16.708650 -3.853483 -1.468887 0.000000 0.921036 2146
car -1 -1 nan 44850.000000 nan nan nan 1.012862 1.704852 1.398166 -38.307848 6.451340 -2.319709 0.000000 0.896930 2144
car -1 -1 nan 44818.000000 nan nan nan 1.234022 1.372448 3.853412 -23.887857 -3.704035 -1.703484 0.000000 0.928425 2143
person -1 -1 nan 44839.000000 nan nan nan 1.051882 0.443285 0.445979 12.172536 -36.208774 -0.387377 0.000000 0.921597 502
person -1 -1 nan 44823.000000 nan nan nan 1.137465 0.376764 0.504796 28.532344 27.596188 -0.914273 0.000000 0.923721 501
person -1 -1 nan 44827.000000 nan nan nan 1.359764 0.549741 0.696700 23.173487 -5.667368 -0.161531 0.000000 0.931787 493
person -1 -1 nan 44851.000000 nan nan nan 1.173874 0.523840 0.507283 -22.513091 -6.978971 -1.224834 0.000000 0.841154 455
bicycle -1 -1 nan 44843.000000 nan nan nan 0.857124 0.723183 1.227440 -44.285433 -5.018367 -2.371544 0.000000 0.174399 605
