car -1 -1 nan 47097.000000 nan nan nan 0.629875 0.833788 0.779245 -3.282432 39.906092 -0.644427 0.000000 0.773287 2476
car -1 -1 nan 47119.000000 nan nan nan 0.650843 0.746679 0.453684 43.387784 -6.774759 -0.241179 0.000000 0.733276 2464
car -1 -1 nan 47090.000000 nan nan nan 0.541796 0.704252 0.322622 49.200114 -8.304751 -0.195121 0.000000 0.782789 2472
car -1 -1 nan 47136.000000 nan nan nan 0.900402 1.118011 1.409643 -6.323928 32.897734 -0.968726 0.000000 0.516397 2441
car -1 -1 nan 47122.000000 nan nan nan 0.422581 1.062484 0.752921 -1.298905 44.607015 -1.241026 0.000000 0.569326 2461
other-vehicle -1 -1 nan 47141.000000 nan nan nan 1.254669 0.316886 0.674364 10.595281 35.133238 -0.195509 0.000000 0.139036 2448
car -1 -1 nan 47114.000000 nan nan nan 1.291807 0.595406 1.694048 7.694235 42.900598 -0.593326 0.000000 0.818061 2457
car -1 -1 nan 47110.000000 nan nan nan 1.088229 1.860046 2.335086 38.220430 -11.905913 -0.404842 0.000000 0.820886 2454
car -1 -1 nan 47133.000000 nan nan nan 0.550957 0.402905 0.620589 -0.627510 47.951834 -1.095941 0.000000 0.604000 2424
car -1 -1 nan 47103.000000 nan nan nan 0.709163 1.505759 0.983550 -5.676998 28.055805 -1.403732 0.000000 0.920432 2419
car -1 -1 nan 47132.000000 nan nan nan 1.054340 1.007696 1.662630 -2.399973 42.024817 -1.206646 0.000000 0.762949 2375
car -1 -1 nan 47127.000000 nan nan nan 0.577743 0.812789 1.208098 -3.192027 37.471266 -1.389819 0.000000 0.805338 2377
car -1 -1 nan 47134.000000 nan nan nan 1.360995 1.752883 2.289461 -6.558845 25.426788 -1.204747 0.000000 0.761920 2348
car -1 -1 nan 47116.000000 nan nan nan 1.354619 2.599912 3.684896 -8.526074 20.745220 -1.237256 0.000000 0.920332 2344
car -1 -1 nan 47118.000000 nan nan nan 1.601401 1.754915 4.217101 9.467016 -3.948895 -0.781980 0.000000 0.915687 2339
other-vehicle -1 -1 nan 47137.000000 nan nan nan 1.430720 1.749011 3.012516 -5.268990 35.012222 -1.007102 0.000000 0.920762 2330
car -1 -1 nan 47109.000000 nan nan nan 1.273052 3.612189 2.328062 2.910502 21.835879 -0.948662 0.000000 0.927673 2313
car -1 -1 nan 47138.000000 nan nan nan 1.263857 1.874478 2.848200 -7.586685 22.875633 -1.188748 0.000000 0.835396 2315
car -1 -1 nan 47120.000000 nan nan nan 1.313031 2.005099 2.918112 -13.691076 0.502912 -1.364615 0.000000 0.962066 2288
car -1 -1 nan 47089.000000 nan nan nan 1.864611 2.444603 3.643490 -9.679633 15.174490 -1.014964 0.000000 0.905710 2291
car -1 -1 nan 47121.000000 nan nan nan 1.277079 3.058896 2.065174 1.099448 15.362623 -0.996699 0.000000 0.927149 2282
car -1 -1 nan 47125.000000 nan nan nan 1.690325 1.664096 3.785058 -11.166442 12.041200 -1.140064 0.000000 0.967352 2268
car -1 -1 nan 47111.000000 nan nan nan 1.342819 1.803479 3.620035 -12.186824 7.602519 -1.304075 0.000000 0.923864 2264
car -1 -1 nan 47100.000000 nan nan nan 1.401873 2.544367 3.882542 -14.586506 -4.579157 -1.361624 0.000000 0.947883 2243
car -1 -1 nan 47129.000000 nan nan nan 1.333731 2.022805 4.035235 -15.635119 -7.239109 -1.439303 0.000000 0.943436 2238
car -1 -1 nan 47095.000000 nan nan nan 1.215138 4.819864 1.873626 -10.943105 -20.690946 -1.333588 0.000000 0.861205 2196
car -1 -1 nan 47126.000000 nan nan nan 1.117203 3.499501 1.730333 -8.717171 -26.156385 -1.298725 0.000000 0.887984 2146
person -1 -1 nan 47113.000000 nan nan nan 1.287929 0.548170 0.825116 22.565474 -4.048694 -0.631920 0.000000 0.915174 515
person -1 -1 nan 47041.000000 nan nan nan 0.695832 0.461441 0.439931 15.021188 -5.626317 -0.242436 0.000000 0.874105 511
person -1 -1 nan 47104.000000 nan nan nan 1.509178 0.669904 0.733674 3.854898 11.399570 -0.619443 0.000000 0.802300 493
person -1 -1 nan 47112.000000 nan nan nan 1.329563 0.582971 0.505913 -6.020487 -26.375812 -0.986649 0.000000 0.913670 455
bicyclist -1 -1 nan 47101.000000 nan nan nan 0.712673 0.810176 0.475990 35.402588 -5.177310 -0.223433 0.000000 0.850735 672
bicycle -1 -1 nan 47117.000000 nan nan nan 0.990879 0.408789 1.039853 3.781189 2.591479 -1.074989 0.000000 0.531714 649
