car -1 -1 nan 48902.000000 nan nan nan 0.750475 0.993343 0.987625 33.001623 8.087525 -0.242856 0.000000 0.498388 2544
car -1 -1 nan 48951.000000 nan nan nan 1.164491 1.990965 1.476482 41.139292 -0.845881 -0.401868 0.000000 0.907615 2522
car -1 -1 nan 48942.000000 nan nan nan 0.790914 0.948605 1.042532 40.022597 -2.490896 0.261301 0.000000 0.677347 2509
car -1 -1 nan 48943.000000 nan nan nan 1.276690 2.040050 3.475484 28.978723 -1.682266 -0.602766 0.000000 0.898559 2454
car -1 -1 nan 48950.000000 nan nan nan 1.241362 2.044139 4.462675 -25.444513 16.692398 -1.601980 0.000000 0.924608 2344
car -1 -1 nan 48936.000000 nan nan nan 0.976642 2.564225 3.445812 -0.293453 -3.150315 -0.475144 0.000000 0.964489 2339
car -1 -1 nan 48939.000000 nan nan nan 1.037020 0.925135 1.954228 -24.664643 18.954809 -1.564866 0.000000 0.864296 2315
car -1 -1 nan 48935.000000 nan nan nan 1.274963 1.518743 2.913734 -24.761153 -4.028447 -1.455480 0.000000 0.839766 2288
car -1 -1 nan 48929.000000 nan nan nan 1.805315 2.070543 4.154070 -25.187613 11.095474 -1.304230 0.000000 0.890177 2291
car -1 -1 nan 48948.000000 nan nan nan 1.625576 1.919773 3.761047 -25.512226 7.969779 -1.402254 0.000000 0.915006 2268
car -1 -1 nan 48941.000000 nan nan nan 0.677840 1.514970 2.279928 -24.733856 3.408474 -1.261426 0.000000 0.858040 2264
car -1 -1 nan 48949.000000 nan nan nan 1.354239 1.587265 3.927865 -24.294531 -9.197738 -1.362671 0.000000 0.941526 2243
car -1 -1 nan 48940.000000 nan nan nan 0.949357 1.778904 3.516585 -24.294176 -11.950521 -1.286379 0.000000 0.919670 2238
car -1 -1 nan 48937.000000 nan nan nan 1.225419 4.471204 2.161310 -16.916316 1.513862 -1.259811 0.000000 0.620429 2196
person -1 -1 nan 48944.000000 nan nan nan 0.897170 0.385621 0.345289 5.301565 1.540494 -0.735460 0.000000 0.296901 515
person -1 -1 nan 48931.000000 nan nan nan 1.464111 0.936559 1.045004 9.331512 -2.168710 -0.728535 0.000000 0.933748 511
