truck -1 -1 nan 44622.000000 nan nan nan 0.445175 0.297797 1.679079 44.671437 -9.765388 1.548964 0.000000 0.623469 2338
car -1 -1 nan 44591.000000 nan nan nan 0.241511 0.297840 0.913531 12.852345 -14.702703 0.138955 0.000000 0.465463 2339
car -1 -1 nan 44638.000000 nan nan nan 1.004576 2.362347 0.618897 46.610574 7.324144 0.437327 0.000000 0.880883 2330
other-vehicle -1 -1 nan 44633.000000 nan nan nan 1.164344 1.024013 0.581288 -41.618163 -7.690434 -0.805166 0.000000 0.621120 2324
car -1 -1 nan 44608.000000 nan nan nan 1.253151 1.567800 3.792294 36.552913 -3.345281 -0.222655 0.000000 0.905502 2313
car -1 -1 nan 44637.000000 nan nan nan 0.953254 1.016402 1.821288 35.463293 5.893615 -0.273740 0.000000 0.768399 2315
car -1 -1 nan 44604.000000 nan nan nan 1.289539 2.761676 2.046567 11.539598 7.403285 -0.944317 0.000000 0.920189 2288
car -1 -1 nan 44617.000000 nan nan nan 1.694787 3.278688 1.755158 26.836817 6.845143 -0.339443 0.000000 0.799882 2291
car -1 -1 nan 44615.000000 nan nan nan 1.188263 1.712620 3.423610 29.901514 -3.300627 -0.467750 0.000000 0.938055 2282
car -1 -1 nan 44594.000000 nan nan nan 1.492618 2.435945 1.697233 23.764705 7.094863 -0.569718 0.000000 0.883412 2268
car -1 -1 nan 44613.000000 nan nan nan 0.913994 3.543866 1.706644 18.817947 7.636809 -0.592549 0.000000 0.939426 2264
car -1 -1 nan 44621.000000 nan nan nan 1.471889 3.730794 1.746976 6.336512 6.924063 -1.056318 0.000000 0.953772 2243
car -1 -1 nan 44596.000000 nan nan nan 1.393067 4.479494 1.991540 3.714013 7.501954 -1.131150 0.000000 0.936844 2238
car -1 -1 nan 44630.000000 nan nan nan 0.449237 1.763115 1.118563 -46.577700 -1.038947 -2.254970 0.000000 0.695874 2196
car -1 -1 nan 44593.000000 nan nan nan 1.312290 1.761640 3.765529 -12.929913 -3.818707 -1.336524 0.000000 0.937326 2146
car -1 -1 nan 44598.000000 nan nan nan 1.164140 3.894733 1.404683 -34.516346 7.232807 -2.067256 0.000000 0.854448 2144
car -1 -1 nan 44605.000000 nan nan nan 1.214978 1.622263 3.788404 -20.163988 -3.691869 -1.555901 0.000000 0.906407 2143
person -1 -1 nan 44601.000000 nan nan nan 1.401704 0.488347 0.773156 27.093401 -5.348426 -0.218048 0.000000 0.903334 493
person -1 -1 nan 44503.000000 nan nan nan 0.852159 0.429238 0.321697 -41.011392 -6.588204 -1.006886 0.000000 0.827867 482
person -1 -1 nan 44618.000000 nan nan nan 1.007555 0.571368 0.366806 -19.388207 -6.860878 -0.992548 0.000000 0.827653 455
bicycle -1 -1 nan 44624.000000 nan nan nan 0.812961 0.468388 1.655151 -40.468375 -4.874144 -2.186210 0.000000 0.084882 605
