car -1 -1 nan 48635.000000 nan nan nan 0.315341 1.567514 0.298686 49.423056 3.997747 0.697194 0.000000 0.693602 2519
car -1 -1 nan 48703.000000 nan nan nan 0.670021 1.047211 0.862633 43.944374 -3.089143 -0.288079 0.000000 0.605878 2522
car -1 -1 nan 48684.000000 nan nan nan 1.285515 1.047423 2.845754 43.789163 -4.580704 0.512645 0.000000 0.777461 2509
car -1 -1 nan 48678.000000 nan nan nan 1.257791 2.509998 3.087845 31.902977 -3.750151 -0.449684 0.000000 0.841803 2454
car -1 -1 nan 48681.000000 nan nan nan 0.968819 1.467830 1.249012 -20.530496 25.763969 -1.645927 0.000000 0.635212 2419
car -1 -1 nan 48701.000000 nan nan nan 1.256179 1.619839 1.449186 -20.040726 23.114686 -1.603449 0.000000 0.774191 2348
car -1 -1 nan 48688.000000 nan nan nan 1.270305 1.974502 3.929373 -21.175763 17.994322 -1.618858 0.000000 0.912282 2344
car -1 -1 nan 48687.000000 nan nan nan 1.645306 1.553797 4.218843 2.068549 -2.279321 -0.848592 0.000000 0.876026 2339
car -1 -1 nan 48696.000000 nan nan nan 1.241047 1.623953 2.534264 -20.660633 20.461257 -1.626426 0.000000 0.862417 2315
car -1 -1 nan 48650.000000 nan nan nan 0.614525 1.336974 2.185300 -21.931270 -2.633720 -1.132263 0.000000 0.894734 2288
car -1 -1 nan 48693.000000 nan nan nan 1.835520 2.045729 3.862111 -21.166437 12.376151 -1.296904 0.000000 0.923768 2291
car -1 -1 nan 48672.000000 nan nan nan 1.309212 1.133656 1.583094 -10.575148 14.141481 -1.328443 0.000000 0.797152 2282
car -1 -1 nan 48697.000000 nan nan nan 1.627277 1.832143 3.656408 -21.841841 9.213634 -1.426349 0.000000 0.923299 2268
car -1 -1 nan 48682.000000 nan nan nan 1.333062 1.812698 3.514374 -21.680381 4.588993 -1.549020 0.000000 0.942915 2264
car -1 -1 nan 48699.000000 nan nan nan 1.351414 1.818890 3.956720 -21.515215 -8.036873 -1.601299 0.000000 0.950570 2243
car -1 -1 nan 48677.000000 nan nan nan 1.232644 1.902927 4.253536 -21.900681 -10.721519 -1.609004 0.000000 0.945035 2238
car -1 -1 nan 48690.000000 nan nan nan 1.198506 4.695747 1.970900 -13.824794 -1.586549 -1.263927 0.000000 0.899827 2196
person -1 -1 nan 48694.000000 nan nan nan 1.488567 0.496076 0.437680 9.655832 1.027925 -0.757411 0.000000 0.938397 515
person -1 -1 nan 48676.000000 nan nan nan 1.445692 0.747863 1.008038 11.408368 -2.877412 -0.699754 0.000000 0.949402 511
motorcycle -1 -1 nan 48683.000000 nan nan nan 0.981957 0.293040 0.860502 -5.169962 3.115142 -1.297194 0.000000 0.701930 685
