car -1 -1 nan 49080.000000 nan nan nan 0.769833 1.857303 0.690139 35.031311 7.322615 -0.410459 0.000000 0.867038 2551
car -1 -1 nan 49094.000000 nan nan nan 1.607635 1.927592 1.758396 38.674146 0.274180 -0.127644 0.000000 0.874851 2522
car -1 -1 nan 49121.000000 nan nan nan 1.278464 2.441183 3.309784 26.400509 -0.853795 -0.643902 0.000000 0.909760 2454
car -1 -1 nan 49095.000000 nan nan nan 0.877867 1.552345 3.070717 -28.799423 15.491856 -1.695979 0.000000 0.950346 2344
car -1 -1 nan 49107.000000 nan nan nan 1.614298 2.428037 4.418215 -3.138074 -2.720123 -0.762247 0.000000 0.893203 2339
car -1 -1 nan 49106.000000 nan nan nan 1.200319 1.496129 1.167961 -26.499108 -4.821416 -1.419526 0.000000 0.716652 2288
car -1 -1 nan 49114.000000 nan nan nan 1.821699 2.159397 4.062281 -28.119123 10.223413 -1.454201 0.000000 0.911959 2291
car -1 -1 nan 49105.000000 nan nan nan 1.116772 1.574125 1.243179 -27.394270 7.185675 -1.276656 0.000000 0.790361 2268
car -1 -1 nan 49109.000000 nan nan nan 1.035113 1.760283 3.430790 -27.753704 2.235959 -1.435377 0.000000 0.931680 2264
car -1 -1 nan 49115.000000 nan nan nan 1.251244 1.580180 3.990219 -26.601520 -9.982765 -1.298362 0.000000 0.943423 2243
car -1 -1 nan 49097.000000 nan nan nan 0.493961 1.858384 2.918508 -26.815317 -12.779426 -0.971340 0.000000 0.878979 2238
car -1 -1 nan 49100.000000 nan nan nan 1.199128 4.725805 1.954309 -20.033332 3.980331 -1.357022 0.000000 0.950331 2196
person -1 -1 nan 49029.000000 nan nan nan 1.541239 0.403683 0.549935 2.011120 1.880972 -0.927045 0.000000 0.853191 515
person -1 -1 nan 49108.000000 nan nan nan 1.520408 1.078696 0.890217 7.491887 -1.637774 -0.744192 0.000000 0.945067 511
bicyclist -1 -1 nan 49112.000000 nan nan nan 1.013140 1.110447 0.627470 29.292684 7.390254 -0.460195 0.000000 0.899229 698
bicyclist -1 -1 nan 49111.000000 nan nan nan 1.387046 1.305218 1.097256 40.302766 4.873049 -0.302048 0.000000 0.802220 694
