car -1 -1 nan 46892.000000 nan nan nan 0.615010 0.820198 0.752522 0.961624 39.936794 -0.963492 0.000000 0.701683 2470
car -1 -1 nan 46830.000000 nan nan nan 0.493143 1.619919 0.491986 43.460248 -10.327974 -0.335624 0.000000 0.656070 2464
car -1 -1 nan 46873.000000 nan nan nan 0.969124 1.669733 2.372299 -2.529821 33.245870 -1.361818 0.000000 0.816313 2441
car -1 -1 nan 46902.000000 nan nan nan 0.450908 0.792197 0.663502 3.409613 44.449396 -1.458621 0.000000 0.763646 2461
other-vehicle -1 -1 nan 46885.000000 nan nan nan 2.050374 0.937457 1.015910 14.220038 34.231050 -0.218654 0.000000 0.695886 2448
car -1 -1 nan 46898.000000 nan nan nan 1.070977 0.585459 1.359292 12.383152 41.826331 -0.845741 0.000000 0.854478 2457
car -1 -1 nan 46893.000000 nan nan nan 1.151299 2.865889 2.398208 37.609966 -15.679482 -0.282763 0.000000 0.850030 2454
car -1 -1 nan 46879.000000 nan nan nan 0.595500 0.592746 1.047792 4.338681 47.932133 -1.561866 0.000000 0.755396 2424
car -1 -1 nan 46896.000000 nan nan nan 0.710513 1.173376 1.155785 -2.644853 28.094809 -1.626110 0.000000 0.789140 2419
car -1 -1 nan 46914.000000 nan nan nan 0.598515 1.139265 1.254919 2.188564 42.018414 -1.497753 0.000000 0.767623 2375
car -1 -1 nan 46907.000000 nan nan nan 0.734078 1.105657 1.379776 0.804556 37.633987 -1.668977 0.000000 0.780877 2377
car -1 -1 nan 46801.000000 nan nan nan 0.805074 0.331125 1.384274 -26.737030 -42.148507 -1.547550 0.000000 0.696352 2363
car -1 -1 nan 46909.000000 nan nan nan 1.362238 1.750298 2.241428 -3.722614 25.827762 -1.342238 0.000000 0.824789 2348
car -1 -1 nan 46910.000000 nan nan nan 1.237736 2.072607 3.488547 -5.928103 21.230668 -1.313441 0.000000 0.920899 2344
car -1 -1 nan 46888.000000 nan nan nan 1.587949 1.775631 4.223334 9.804569 -4.718302 -0.756355 0.000000 0.928897 2339
other-vehicle -1 -1 nan 46915.000000 nan nan nan 1.393230 1.971498 3.065257 -1.651714 35.064837 -1.162501 0.000000 0.886330 2330
car -1 -1 nan 46877.000000 nan nan nan 1.199405 3.591555 2.822212 5.564290 21.396109 -1.076710 0.000000 0.928874 2313
car -1 -1 nan 46883.000000 nan nan nan 1.099001 2.076083 2.734702 -4.811829 23.500460 -1.282603 0.000000 0.783786 2315
car -1 -1 nan 46891.000000 nan nan nan 1.333884 2.462271 2.902162 -12.955780 1.609908 -1.325646 0.000000 0.929053 2288
car -1 -1 nan 46903.000000 nan nan nan 1.828725 2.621963 3.497386 -7.548700 15.897789 -1.076744 0.000000 0.891876 2291
car -1 -1 nan 46900.000000 nan nan nan 1.314024 2.848184 2.284117 3.124274 15.018204 -1.118625 0.000000 0.944479 2282
car -1 -1 nan 46865.000000 nan nan nan 1.741992 1.803473 4.010366 -9.459331 12.764022 -1.178011 0.000000 0.949098 2268
car -1 -1 nan 46899.000000 nan nan nan 1.390078 2.064718 3.643757 -10.782032 8.604630 -1.322356 0.000000 0.922118 2264
car -1 -1 nan 46905.000000 nan nan nan 1.383091 2.858254 3.750693 -14.206296 -3.235883 -1.281108 0.000000 0.940871 2243
car -1 -1 nan 46880.000000 nan nan nan 1.313095 2.266977 3.923236 -15.457123 -5.839233 -1.338079 0.000000 0.919371 2238
car -1 -1 nan 46872.000000 nan nan nan 1.205309 3.650572 2.231080 -12.832246 -22.144439 -1.148064 0.000000 0.842891 2196
car -1 -1 nan 46904.000000 nan nan nan 1.098823 3.436365 2.234651 -10.324739 -25.326709 -1.080877 0.000000 0.923189 2146
person -1 -1 nan 46913.000000 nan nan nan 1.379350 0.570674 0.527961 23.427792 -6.414992 -0.644080 0.000000 0.933912 515
person -1 -1 nan 46835.000000 nan nan nan 1.468843 1.245022 0.602721 14.944240 -6.178418 -0.611463 0.000000 0.885935 511
person -1 -1 nan 46887.000000 nan nan nan 1.410784 0.816313 0.737868 5.511369 10.978748 -0.671992 0.000000 0.820172 493
person -1 -1 nan 46894.000000 nan nan nan 1.393117 0.610919 0.506156 -7.734312 -26.395972 -0.734801 0.000000 0.890825 455
bicycle -1 -1 nan 46881.000000 nan nan nan 1.036057 0.556755 1.553186 4.881172 2.096252 -1.066054 0.000000 0.499887 649
