car -1 -1 nan 44725.000000 nan nan nan 0.599120 0.215648 0.770445 35.703672 5.680349 -0.149573 0.000000 0.654184 2348
car -1 -1 nan 44715.000000 nan nan nan 0.670005 0.914818 0.721959 30.491960 5.842699 -0.563787 0.000000 0.846263 2344
other-vehicle -1 -1 nan 44660.000000 nan nan nan 0.732081 1.777521 0.273879 30.791047 -9.143384 0.420900 0.000000 0.457825 2346
truck -1 -1 nan 44643.000000 nan nan nan 0.251558 0.259532 0.643803 44.725177 -9.738797 1.762891 0.000000 0.490850 2338
car -1 -1 nan 44696.000000 nan nan nan 0.403410 1.879745 1.333326 10.892336 -15.476097 0.184397 0.000000 0.824931 2339
other-vehicle -1 -1 nan 44730.000000 nan nan nan 1.159733 1.965564 2.893503 44.860988 7.224954 0.456133 0.000000 0.773300 2330
other-vehicle -1 -1 nan 44668.000000 nan nan nan 1.459399 1.338363 2.008905 -43.810632 -7.660030 -1.489461 0.000000 0.787392 2324
car -1 -1 nan 44705.000000 nan nan nan 1.110196 0.830713 3.729839 34.822825 -3.010635 -0.054165 0.000000 0.778787 2313
car -1 -1 nan 44700.000000 nan nan nan 0.866738 1.255066 1.433803 33.417686 6.093870 -0.074384 0.000000 0.697148 2315
car -1 -1 nan 44709.000000 nan nan nan 1.307939 3.231882 2.086795 9.988173 7.552035 -0.898337 0.000000 0.903971 2288
car -1 -1 nan 44708.000000 nan nan nan 1.712320 3.290719 1.937662 25.219206 6.877838 -0.213611 0.000000 0.799647 2291
car -1 -1 nan 44713.000000 nan nan nan 1.129686 1.697795 3.313950 28.319251 -3.273722 -0.262516 0.000000 0.938572 2282
car -1 -1 nan 44719.000000 nan nan nan 1.666479 2.458086 1.722572 22.102315 7.124626 -0.383668 0.000000 0.894667 2268
car -1 -1 nan 44716.000000 nan nan nan 1.011663 3.406368 1.709936 17.207200 7.650047 -0.477708 0.000000 0.962438 2264
car -1 -1 nan 44687.000000 nan nan nan 1.440596 4.076585 1.801254 4.732699 7.090316 -1.045922 0.000000 0.937387 2243
car -1 -1 nan 44718.000000 nan nan nan 1.399020 4.380083 1.985126 2.128643 7.412880 -1.151885 0.000000 0.949708 2238
car -1 -1 nan 44723.000000 nan nan nan 0.514718 1.452411 1.776468 -46.254299 -0.930552 -2.852768 0.000000 0.374175 2196
car -1 -1 nan 44707.000000 nan nan nan 1.343846 1.819474 3.803964 -14.566755 -3.791573 -1.477246 0.000000 0.924723 2146
car -1 -1 nan 44699.000000 nan nan nan 1.229269 4.118859 1.519375 -36.020213 7.229444 -2.463781 0.000000 0.874168 2144
car -1 -1 nan 44714.000000 nan nan nan 1.251131 1.497839 4.321114 -21.777672 -3.675203 -1.733271 0.000000 0.955513 2143
person -1 -1 nan 44694.000000 nan nan nan 1.292273 0.772615 0.775510 25.429494 -5.569243 -0.041940 0.000000 0.907009 493
person -1 -1 nan 44692.000000 nan nan nan 1.358921 0.539668 0.400733 -20.764139 -6.939055 -1.267601 0.000000 0.921777 455
bicycle -1 -1 nan 44712.000000 nan nan nan 1.018231 0.771207 1.226150 -42.021282 -4.889770 -2.517031 0.000000 0.197886 605
