car -1 -1 nan 46244.000000 nan nan nan 0.595724 0.755507 0.884767 15.785303 36.961488 -1.262452 0.000000 0.746016 2429
car -1 -1 nan 46207.000000 nan nan nan 0.252265 0.546623 0.955400 21.727255 42.953368 -1.817222 0.000000 0.783843 2424
car -1 -1 nan 46214.000000 nan nan nan 0.559968 0.925677 0.837230 8.819644 27.004800 -1.824774 0.000000 0.727848 2419
car -1 -1 nan 46233.000000 nan nan nan 0.502328 0.932117 1.408163 17.486116 38.488148 -1.907071 0.000000 0.739928 2375
car -1 -1 nan 46222.000000 nan nan nan 0.199083 0.895731 0.841379 26.784896 35.561627 -1.184463 0.000000 0.848202 2376
car -1 -1 nan 46220.000000 nan nan nan 0.557914 0.990738 1.636477 14.634801 34.755979 -1.955982 0.000000 0.871017 2377
car -1 -1 nan 46161.000000 nan nan nan 0.787948 2.393074 2.667887 -37.573891 -31.798761 -0.547333 0.000000 0.848388 2363
car -1 -1 nan 46245.000000 nan nan nan 1.240996 1.677515 2.062900 6.847441 24.963094 -1.501037 0.000000 0.839916 2348
car -1 -1 nan 46226.000000 nan nan nan 1.252666 2.826667 2.780662 3.423838 21.494437 -1.476434 0.000000 0.935495 2344
car -1 -1 nan 46215.000000 nan nan nan 1.553103 1.974541 3.207986 9.208478 -7.957243 -0.754251 0.000000 0.916155 2339
other-vehicle -1 -1 nan 46246.000000 nan nan nan 1.248090 2.562382 2.922821 11.916518 33.336704 -1.467966 0.000000 0.878409 2330
car -1 -1 nan 46227.000000 nan nan nan 0.535932 2.246798 2.060317 13.682863 17.543739 -0.952849 0.000000 0.871269 2313
car -1 -1 nan 46242.000000 nan nan nan 1.144731 2.057606 2.691405 5.006857 23.042138 -1.388109 0.000000 0.795211 2315
car -1 -1 nan 46231.000000 nan nan nan 1.341533 2.811600 2.682638 -9.644174 5.244494 -1.192884 0.000000 0.920694 2288
car -1 -1 nan 46240.000000 nan nan nan 1.882058 3.239243 3.416438 -0.092339 16.965264 -1.147013 0.000000 0.847349 2291
car -1 -1 nan 46232.000000 nan nan nan 1.282441 2.811108 1.530295 9.112394 12.764515 -1.265760 0.000000 0.855179 2282
car -1 -1 nan 46216.000000 nan nan nan 1.742901 2.809043 3.763329 -2.691867 14.675557 -1.193882 0.000000 0.966732 2268
car -1 -1 nan 46236.000000 nan nan nan 1.392027 2.145458 3.578999 -5.494752 10.629478 -1.289673 0.000000 0.959387 2264
car -1 -1 nan 46213.000000 nan nan nan 1.453484 3.656302 3.039864 -12.387320 0.982147 -1.064024 0.000000 0.925635 2243
car -1 -1 nan 46241.000000 nan nan nan 1.351684 3.464461 4.034792 -14.676398 -0.973015 -1.106061 0.000000 0.905466 2238
car -1 -1 nan 46223.000000 nan nan nan 1.193355 3.708379 2.472424 -23.038302 -25.172858 -0.723946 0.000000 0.906067 2196
car -1 -1 nan 46206.000000 nan nan nan 1.094656 2.900503 2.634708 -15.785787 -20.953135 -0.736851 0.000000 0.910498 2146
person -1 -1 nan 46252.000000 nan nan nan 1.249091 0.593208 0.662449 23.678727 -15.439145 -0.712648 0.000000 0.892940 515
person -1 -1 nan 46234.000000 nan nan nan 1.428007 1.221918 0.747560 13.393243 -9.829373 -0.806883 0.000000 0.945327 511
person -1 -1 nan 46210.000000 nan nan nan 0.715090 0.758773 0.559283 10.640168 8.249896 -1.113311 0.000000 0.728629 493
person -1 -1 nan 46239.000000 nan nan nan 1.379161 0.490066 0.388260 -14.840500 -24.457847 -0.464702 0.000000 0.919306 455
bicycle -1 -1 nan 46224.000000 nan nan nan 1.032485 0.910800 1.172411 7.197490 -0.105714 -1.101216 0.000000 0.534689 649
