other-vehicle -1 -1 nan 48303.000000 nan nan nan 0.700099 0.493679 0.966026 46.106449 -4.977416 0.002984 0.000000 0.770540 2522
car -1 -1 nan 48329.000000 nan nan nan 0.752192 1.455984 0.681817 49.969516 0.301713 -0.897896 0.000000 0.704477 2519
other-vehicle -1 -1 nan 48322.000000 nan nan nan 1.023120 1.430632 2.941665 -17.540207 32.970875 -1.047833 0.000000 0.888094 2520
car -1 -1 nan 48320.000000 nan nan nan 0.402403 0.851689 1.257145 34.900389 0.847652 -1.091721 0.000000 0.829255 2521
car -1 -1 nan 48266.000000 nan nan nan 0.409576 0.416499 0.961100 43.080973 0.623468 -0.508932 0.000000 0.693338 2514
car -1 -1 nan 48324.000000 nan nan nan 0.324702 0.930972 0.434471 47.073946 -3.616441 -0.721739 0.000000 0.578437 2509
car -1 -1 nan 48249.000000 nan nan nan 0.826525 1.281594 2.158864 -16.037638 46.942178 -1.144443 0.000000 0.783395 2424
other-vehicle -1 -1 nan 48257.000000 nan nan nan 0.543511 1.552136 0.582079 -7.345550 -10.024275 -1.096600 0.000000 0.210435 2479
car -1 -1 nan 48280.000000 nan nan nan 0.435691 0.902272 1.237527 -16.757878 38.320896 -1.267219 0.000000 0.580286 2476
car -1 -1 nan 48290.000000 nan nan nan 0.874447 1.044951 1.007846 -15.691034 43.241147 -1.601168 0.000000 0.760732 2461
car -1 -1 nan 48310.000000 nan nan nan 1.120585 1.558475 2.969942 34.820849 -3.741791 -0.867661 0.000000 0.945501 2454
car -1 -1 nan 48323.000000 nan nan nan 1.092259 1.461065 1.653414 -16.802405 26.041797 -1.375384 0.000000 0.845998 2419
car -1 -1 nan 48321.000000 nan nan nan 0.419866 0.942059 1.251725 -15.991335 40.582246 -1.645489 0.000000 0.766078 2375
car -1 -1 nan 48308.000000 nan nan nan 1.261732 1.716929 2.074449 -16.580054 23.374624 -1.307188 0.000000 0.834178 2348
car -1 -1 nan 48294.000000 nan nan nan 1.271033 1.734497 3.906180 -17.735238 18.207947 -1.278644 0.000000 0.937012 2344
car -1 -1 nan 48305.000000 nan nan nan 1.679835 1.987459 4.179109 5.141938 -2.465328 -0.874741 0.000000 0.918088 2339
other-vehicle -1 -1 nan 48299.000000 nan nan nan 1.019648 1.400469 1.997030 -18.354819 30.534147 -1.190806 0.000000 0.839876 2330
car -1 -1 nan 48301.000000 nan nan nan 1.277183 2.309044 1.474368 -6.945971 21.050702 -1.153462 0.000000 0.789245 2313
car -1 -1 nan 48317.000000 nan nan nan 1.210523 1.651770 2.727887 -16.997707 20.769674 -1.278728 0.000000 0.815442 2315
car -1 -1 nan 48307.000000 nan nan nan 1.318610 1.623954 2.663153 -18.552777 -2.471069 -1.205099 0.000000 0.933416 2288
car -1 -1 nan 48311.000000 nan nan nan 1.872029 1.875090 3.765529 -17.715801 12.723126 -1.003362 0.000000 0.870043 2291
car -1 -1 nan 48309.000000 nan nan nan 1.278706 3.393127 1.564066 -7.179504 15.333041 -1.173670 0.000000 0.944831 2282
car -1 -1 nan 48315.000000 nan nan nan 1.656917 1.751918 3.654919 -18.475775 9.543995 -1.108918 0.000000 0.957239 2268
car -1 -1 nan 48298.000000 nan nan nan 1.292293 1.757718 3.421656 -18.543332 4.927432 -1.237487 0.000000 0.935977 2264
car -1 -1 nan 48316.000000 nan nan nan 1.237981 1.737762 3.906349 -18.550914 -7.608959 -1.134837 0.000000 0.947073 2243
car -1 -1 nan 48302.000000 nan nan nan 0.480940 1.536601 2.480111 -19.625977 -10.232209 -0.839429 0.000000 0.933852 2238
car -1 -1 nan 48288.000000 nan nan nan 1.320672 4.772738 1.821464 -10.981211 -6.583702 -1.068027 0.000000 0.737285 2196
car -1 -1 nan 48247.000000 nan nan nan 0.677322 0.876543 0.611617 -8.749120 -26.212386 -1.221399 0.000000 0.738892 2146
person -1 -1 nan 48293.000000 nan nan nan 1.481719 0.538473 0.671905 14.232120 0.775224 -0.935498 0.000000 0.912029 515
person -1 -1 nan 48314.000000 nan nan nan 1.506486 0.897771 0.971153 13.522758 -3.055411 -0.853055 0.000000 0.871040 511
person -1 -1 nan 48297.000000 nan nan nan 1.393781 1.003970 0.919723 -3.354979 11.861452 -0.687522 0.000000 0.898432 493
