car -1 -1 nan 49679.000000 nan nan nan 0.735055 0.411190 0.911979 46.679844 -1.023535 0.576092 0.000000 0.842671 2569
car -1 -1 nan 49681.000000 nan nan nan 0.871094 1.877493 0.870192 39.575700 -1.989487 0.431140 0.000000 0.840123 2567
car -1 -1 nan 49666.000000 nan nan nan 0.651258 0.286154 1.386061 26.117769 -1.434776 -0.433587 0.000000 0.811329 2566
car -1 -1 nan 49673.000000 nan nan nan 1.188336 1.534728 3.183909 21.752467 -1.887328 -0.409095 0.000000 0.918010 2522
car -1 -1 nan 49661.000000 nan nan nan 1.624148 1.949569 4.008901 9.028053 -2.637693 -0.698565 0.000000 0.929018 2454
car -1 -1 nan 49664.000000 nan nan nan 1.479205 1.909635 4.199761 -20.618805 -3.040646 -1.355870 0.000000 0.932713 2339
car -1 -1 nan 49670.000000 nan nan nan 0.941482 1.191549 1.106790 -43.809841 -4.151617 -1.998228 0.000000 0.825615 2288
car -1 -1 nan 49662.000000 nan nan nan 0.395316 1.038950 0.579452 -44.087860 3.170289 -1.663380 0.000000 0.719108 2264
person -1 -1 nan 49667.000000 nan nan nan 1.469788 0.821836 0.995845 -6.534865 -2.589521 -1.021027 0.000000 0.929929 511
bicyclist -1 -1 nan 49650.000000 nan nan nan 1.565540 0.489870 1.759196 -20.349174 0.084728 -1.451684 0.000000 0.835062 706
