car -1 -1 nan 50873.000000 nan nan nan 0.817811 0.536206 1.132449 -49.504367 1.220367 -2.068800 0.000000 0.499868 2617
car -1 -1 nan 50887.000000 nan nan nan 0.719332 0.360669 1.036542 -47.391288 4.683081 -1.660926 0.000000 0.745152 2619
car -1 -1 nan 50892.000000 nan nan nan 0.582188 0.567341 1.141517 -32.048940 1.440242 -1.982943 0.000000 0.698724 2609
car -1 -1 nan 50874.000000 nan nan nan 0.461710 1.078132 0.478913 42.309695 -2.104606 -0.289145 0.000000 0.685659 2615
car -1 -1 nan 50890.000000 nan nan nan 0.739623 1.695882 1.500077 -47.471220 1.893386 -2.165541 0.000000 0.855688 2598
other-vehicle -1 -1 nan 50876.000000 nan nan nan 1.335616 1.720042 2.056469 24.906817 -2.594204 -0.360059 0.000000 0.829968 2590
car -1 -1 nan 50872.000000 nan nan nan 1.389997 1.741793 4.378454 7.536513 -2.467008 -0.862289 0.000000 0.929230 2569
car -1 -1 nan 50882.000000 nan nan nan 1.138036 1.757370 3.730409 0.499385 -2.734097 -0.621783 0.000000 0.941097 2567
car -1 -1 nan 50885.000000 nan nan nan 1.255311 1.670519 4.103585 -13.058740 -2.467915 -1.377630 0.000000 0.890423 2566
car -1 -1 nan 50875.000000 nan nan nan 1.325965 1.299322 3.136166 -18.305096 -2.412120 -1.443940 0.000000 0.918978 2522
car -1 -1 nan 50886.000000 nan nan nan 1.130273 1.310368 3.463324 -30.772175 -2.886621 -1.590525 0.000000 0.835738 2454
person -1 -1 nan 50889.000000 nan nan nan 1.117673 0.723557 0.829690 -39.778213 -2.413879 -1.644819 0.000000 0.869545 511
bicycle -1 -1 nan 50869.000000 nan nan nan 0.829756 0.470233 1.376911 28.585615 -1.845535 -0.683887 0.000000 0.927546 724
