car -1 -1 nan 50164.000000 nan nan nan 0.880613 0.456905 2.565689 41.287342 1.688434 -0.879717 0.000000 0.677445 2579
car -1 -1 nan 50161.000000 nan nan nan 0.737803 0.597882 1.410355 -0.704840 -17.534537 -2.065086 0.000000 0.804822 2582
car -1 -1 nan 50165.000000 nan nan nan 1.063127 0.388939 3.472855 31.814535 -2.064784 -0.842931 0.000000 0.883935 2569
car -1 -1 nan 50160.000000 nan nan nan 1.676031 2.190945 3.809476 24.424920 -2.811129 -0.701268 0.000000 0.876507 2567
car -1 -1 nan 50166.000000 nan nan nan 1.273181 1.643649 3.997464 10.694270 -2.323469 -1.008846 0.000000 0.953822 2566
car -1 -1 nan 50154.000000 nan nan nan 1.400158 1.655529 3.565170 5.603762 -2.262078 -1.001315 0.000000 0.913571 2522
car -1 -1 nan 50163.000000 nan nan nan 1.378697 1.871722 4.090491 -7.187196 -2.598030 -1.082457 0.000000 0.933085 2454
car -1 -1 nan 50151.000000 nan nan nan 0.895279 1.668624 1.290914 -35.000806 -2.052455 -1.312929 0.000000 0.888929 2339
person -1 -1 nan 50158.000000 nan nan nan 1.415588 1.016882 0.995201 -20.336723 -2.066703 -0.974057 0.000000 0.924060 511
bicycle -1 -1 nan 50100.000000 nan nan nan 0.877385 1.902035 0.372917 -4.176739 8.764280 -0.567492 0.000000 0.837339 709
