other-vehicle -1 -1 nan 50393.000000 nan nan nan 0.325022 1.545408 1.000171 -31.050894 2.281207 -1.297722 0.000000 0.749082 2598
car -1 -1 nan 50388.000000 nan nan nan 0.911163 2.255764 1.113178 41.775271 2.795225 0.175923 0.000000 0.840643 2597
car -1 -1 nan 50395.000000 nan nan nan 0.435738 0.456275 1.050544 44.883815 -2.059843 -0.561797 0.000000 0.871120 2595
other-vehicle -1 -1 nan 50369.000000 nan nan nan 1.582753 1.686698 1.924602 40.911186 -2.956144 -0.117412 0.000000 0.824674 2590
car -1 -1 nan 50383.000000 nan nan nan 1.271751 0.786707 3.727256 23.572358 -2.068579 -0.679209 0.000000 0.928762 2569
car -1 -1 nan 50389.000000 nan nan nan 1.514734 2.033408 3.837837 16.412690 -2.692394 -0.670700 0.000000 0.928915 2567
car -1 -1 nan 50392.000000 nan nan nan 1.234866 1.839485 4.090562 2.536502 -2.497467 -0.992468 0.000000 0.915624 2566
car -1 -1 nan 50380.000000 nan nan nan 1.017299 1.807127 3.305892 -2.219461 -2.511645 -0.839482 0.000000 0.945521 2522
car -1 -1 nan 50385.000000 nan nan nan 1.371016 1.868485 4.020009 -15.321347 -2.580840 -1.240115 0.000000 0.946698 2454
car -1 -1 nan 50371.000000 nan nan nan 0.477411 1.469646 0.650618 -43.614479 -2.480875 -1.768352 0.000000 0.752241 2339
person -1 -1 nan 50384.000000 nan nan nan 1.442793 1.082030 1.313472 -26.769190 -2.164479 -1.248593 0.000000 0.871035 511
