car -1 -1 nan 51108.000000 nan nan nan 1.238085 1.156641 1.296831 -37.115810 -3.000420 -1.298402 0.000000 0.742518 2454
truck -1 -1 nan 51083.000000 nan nan nan 0.424071 1.798669 0.808096 46.141179 -3.851082 0.194289 0.000000 0.687696 2632
other-vehicle -1 -1 nan 51095.000000 nan nan nan 0.577141 0.931581 0.580988 -31.718995 4.320786 -0.988624 0.000000 0.797005 2623
car -1 -1 nan 51099.000000 nan nan nan 0.612358 1.506372 1.463101 -38.917239 0.981862 -1.732577 0.000000 0.783869 2609
car -1 -1 nan 51094.000000 nan nan nan 1.031320 2.022522 1.058407 35.652757 -2.263090 -0.765757 0.000000 0.876436 2615
other-vehicle -1 -1 nan 51098.000000 nan nan nan 1.521119 1.461959 2.557982 18.218767 -2.403562 -0.689293 0.000000 0.886352 2590
car -1 -1 nan 51087.000000 nan nan nan 1.088345 1.494283 3.995700 0.951676 -2.680200 -0.795245 0.000000 0.937915 2569
car -1 -1 nan 51097.000000 nan nan nan 1.564395 1.913935 4.264486 -5.927737 -2.528616 -0.928942 0.000000 0.959746 2567
car -1 -1 nan 51100.000000 nan nan nan 1.288641 1.617195 4.188800 -19.853448 -2.589045 -1.257682 0.000000 0.882718 2566
car -1 -1 nan 51090.000000 nan nan nan 1.331742 1.218391 2.879248 -25.070721 -2.489025 -1.204591 0.000000 0.869205 2522
motorcycle -1 -1 nan 51091.000000 nan nan nan 0.913282 0.682636 1.281799 25.081551 -1.799784 -0.894380 0.000000 0.661873 728
motorcycle -1 -1 nan 51081.000000 nan nan nan 0.953670 0.581179 1.436910 21.665252 -1.776394 -1.055236 0.000000 0.927811 724
