car -1 -1 nan 50777.000000 nan nan nan 0.700263 1.037415 0.573663 -21.571987 4.777258 -0.805576 0.000000 0.865289 2612
car -1 -1 nan 50745.000000 nan nan nan 0.654224 0.853752 0.923411 -44.030670 5.105731 -1.404017 0.000000 0.762930 2611
car -1 -1 nan 50784.000000 nan nan nan 0.564873 0.833699 0.986946 -28.725992 2.010104 -1.648411 0.000000 0.687080 2609
car -1 -1 nan 50783.000000 nan nan nan 0.731449 1.692980 0.807158 -44.001232 2.024797 -1.679794 0.000000 0.807245 2598
other-vehicle -1 -1 nan 50769.000000 nan nan nan 1.519218 1.338962 2.588360 28.307362 -2.566263 -0.439477 0.000000 0.877374 2590
car -1 -1 nan 50770.000000 nan nan nan 1.374756 1.758828 4.352673 10.849510 -2.461700 -0.839609 0.000000 0.949013 2569
car -1 -1 nan 50759.000000 nan nan nan 1.568898 1.873688 4.052276 3.680542 -2.478995 -0.839279 0.000000 0.932468 2567
car -1 -1 nan 50766.000000 nan nan nan 1.262923 1.779629 4.242329 -9.789721 -2.463697 -1.226377 0.000000 0.928881 2566
car -1 -1 nan 50774.000000 nan nan nan 1.364985 1.423941 3.298451 -14.924688 -2.363342 -1.274611 0.000000 0.929850 2522
car -1 -1 nan 50768.000000 nan nan nan 1.219553 1.439632 3.605938 -27.658615 -2.786744 -1.419185 0.000000 0.916840 2454
person -1 -1 nan 50764.000000 nan nan nan 0.900324 0.590327 0.624541 -37.170241 -2.315736 -1.518510 0.000000 0.901359 511
bicycle -1 -1 nan 50756.000000 nan nan nan 0.622053 0.490407 1.489337 31.897269 -1.933441 -0.982828 0.000000 0.878373 724
