car -1 -1 nan 49841.000000 nan nan nan 0.710809 0.553952 2.323569 42.994893 2.606167 -0.219403 0.000000 0.524577 2575
car -1 -1 nan 49828.000000 nan nan nan 0.821921 0.264320 0.404220 -49.833642 -3.690054 -1.684810 0.000000 0.694556 2288
car -1 -1 nan 49832.000000 nan nan nan 0.897268 0.509154 3.420725 42.132918 -1.060633 -0.107841 0.000000 0.848279 2569
car -1 -1 nan 49826.000000 nan nan nan 0.792585 1.153795 2.639753 34.303603 -1.736716 -0.420526 0.000000 0.463266 2567
car -1 -1 nan 49822.000000 nan nan nan 1.162456 1.294921 3.807812 21.268871 -1.735850 -0.679128 0.000000 0.842725 2566
car -1 -1 nan 49829.000000 nan nan nan 1.298027 1.555228 3.241664 16.011102 -2.029441 -0.741868 0.000000 0.923614 2522
car -1 -1 nan 49817.000000 nan nan nan 1.354995 1.745563 3.835485 3.196201 -2.552674 -0.932430 0.000000 0.925112 2454
car -1 -1 nan 49821.000000 nan nan nan 1.564971 1.843857 3.890568 -26.310908 -2.951037 -1.244704 0.000000 0.925809 2339
person -1 -1 nan 49823.000000 nan nan nan 1.447550 0.911632 1.384600 -11.542813 -2.444160 -1.040860 0.000000 0.852054 511
motorcycle -1 -1 nan 49835.000000 nan nan nan 1.350084 0.479930 1.610629 -27.539408 0.129455 -1.159944 0.000000 0.870443 706
