truck -1 -1 nan 50451.000000 nan nan nan 0.107232 0.996901 1.083751 43.275275 2.155766 0.290954 0.000000 0.802650 2601
car -1 -1 nan 50441.000000 nan nan nan 0.635392 0.783396 0.907564 -33.073577 1.643467 -1.417270 0.000000 0.416131 2598
car -1 -1 nan 50454.000000 nan nan nan 0.406095 0.430523 0.908863 42.868063 -1.877668 -0.620172 0.000000 0.685710 2595
other-vehicle -1 -1 nan 50448.000000 nan nan nan 1.240588 1.586479 1.722076 38.961212 -2.555062 -0.336901 0.000000 0.807246 2590
car -1 -1 nan 50436.000000 nan nan nan 1.332554 1.291824 3.661702 21.486042 -2.082861 -0.764240 0.000000 0.948522 2569
car -1 -1 nan 50445.000000 nan nan nan 1.532458 2.063573 4.191877 14.347394 -2.615633 -0.746200 0.000000 0.905847 2567
car -1 -1 nan 50440.000000 nan nan nan 0.982210 1.332946 3.995860 0.757239 -2.585609 -0.913973 0.000000 0.939997 2566
car -1 -1 nan 50447.000000 nan nan nan 1.372531 1.680088 3.600357 -4.219907 -2.426891 -1.077202 0.000000 0.923959 2522
car -1 -1 nan 50438.000000 nan nan nan 1.354739 2.176944 4.125143 -17.341937 -2.779265 -1.237660 0.000000 0.946263 2454
person -1 -1 nan 50446.000000 nan nan nan 1.483692 1.098345 1.387515 -28.478675 -2.281017 -1.282182 0.000000 0.464137 511
