car -1 -1 nan 49557.000000 nan nan nan 0.476744 0.844957 0.412992 43.657185 -2.029164 -0.373375 0.000000 0.841551 2567
car -1 -1 nan 49561.000000 nan nan nan 1.055277 0.581384 2.367693 30.750490 -1.825884 -0.546409 0.000000 0.599195 2566
car -1 -1 nan 49563.000000 nan nan nan 1.241855 1.803154 3.156875 26.187462 -2.281760 -0.689794 0.000000 0.870808 2522
car -1 -1 nan 49555.000000 nan nan nan 1.406621 1.935501 3.826761 13.206143 -2.794730 -0.867664 0.000000 0.908562 2454
car -1 -1 nan 49564.000000 nan nan nan 1.606839 2.524393 4.417680 -16.217250 -3.009125 -1.040047 0.000000 0.951706 2339
car -1 -1 nan 49562.000000 nan nan nan 1.168678 1.399691 0.638488 -39.746704 -3.707505 -1.403018 0.000000 0.754174 2288
car -1 -1 nan 49556.000000 nan nan nan 0.566152 1.288547 0.650506 -39.830038 3.767446 -1.069597 0.000000 0.836830 2264
person -1 -1 nan 49525.000000 nan nan nan 1.335388 0.614023 1.425391 -15.426820 0.356886 -0.982744 0.000000 0.856825 542
person -1 -1 nan 49565.000000 nan nan nan 1.535238 0.996472 1.154749 -3.202508 -2.561374 -0.883357 0.000000 0.891543 511
bicyclist -1 -1 nan 49522.000000 nan nan nan 0.860942 1.008295 1.312974 27.056792 2.361840 -0.481310 0.000000 0.817052 694
