car -1 -1 nan 50616.000000 nan nan nan 0.202458 0.533521 0.268253 -23.531088 1.747897 -1.543513 0.000000 0.276897 2606
car -1 -1 nan 50619.000000 nan nan nan 0.538530 0.441686 1.386984 36.622240 -1.859623 -0.946284 0.000000 0.883487 2595
other-vehicle -1 -1 nan 50608.000000 nan nan nan 0.488154 1.225892 0.471910 33.309195 3.214831 -0.675222 0.000000 0.791373 2602
car -1 -1 nan 50618.000000 nan nan nan 0.746919 1.625719 0.414709 -39.244404 1.993952 -1.263042 0.000000 0.827065 2598
other-vehicle -1 -1 nan 50621.000000 nan nan nan 1.319699 1.383390 1.740578 32.944953 -2.565197 -0.607054 0.000000 0.739838 2590
car -1 -1 nan 50606.000000 nan nan nan 1.351544 1.622140 4.012090 15.416288 -2.332058 -0.893839 0.000000 0.963229 2569
car -1 -1 nan 50611.000000 nan nan nan 1.569441 1.869657 4.138118 8.446574 -2.528641 -0.817731 0.000000 0.914194 2567
car -1 -1 nan 50603.000000 nan nan nan 1.287658 1.828838 4.334090 -5.138801 -2.487591 -1.106066 0.000000 0.958013 2566
car -1 -1 nan 50613.000000 nan nan nan 1.367154 1.730240 3.803682 -10.378513 -2.452400 -1.097670 0.000000 0.908489 2522
car -1 -1 nan 50607.000000 nan nan nan 1.338475 1.481845 3.834308 -23.295488 -2.698217 -1.194267 0.000000 0.932221 2454
person -1 -1 nan 50609.000000 nan nan nan 1.327651 1.127923 0.962763 -33.267878 -2.310141 -1.133446 0.000000 0.905713 511
