car -1 -1 nan 50705.000000 nan nan nan 0.627750 0.767780 0.949564 -41.987585 5.225514 -1.574911 0.000000 0.689173 2611
car -1 -1 nan 50707.000000 nan nan nan 0.798820 2.164218 3.609964 -27.825590 2.391971 -1.891111 0.000000 0.870081 2609
car -1 -1 nan 50690.000000 nan nan nan 0.725426 0.233878 0.845852 -44.435016 1.152314 -2.004321 0.000000 0.516893 2610
car -1 -1 nan 50688.000000 nan nan nan 0.681590 0.426516 1.359148 33.861516 -1.943744 -0.958543 0.000000 0.893747 2595
other-vehicle -1 -1 nan 50689.000000 nan nan nan 0.474254 1.505083 0.297167 30.502845 3.330045 -0.329909 0.000000 0.849177 2602
car -1 -1 nan 50710.000000 nan nan nan 0.201938 0.675799 0.396094 47.703427 -2.077663 -0.273214 0.000000 0.748678 2607
car -1 -1 nan 50709.000000 nan nan nan 0.742477 1.740754 0.841633 -41.905000 2.198800 -1.709898 0.000000 0.803211 2598
other-vehicle -1 -1 nan 50697.000000 nan nan nan 1.210884 1.207328 1.668096 30.194424 -2.540998 -0.405364 0.000000 0.815537 2590
car -1 -1 nan 50703.000000 nan nan nan 1.359607 1.715535 4.220463 12.932243 -2.484491 -0.829659 0.000000 0.944795 2569
car -1 -1 nan 50693.000000 nan nan nan 1.574982 1.907975 3.934991 5.709794 -2.506245 -0.824078 0.000000 0.940216 2567
car -1 -1 nan 50699.000000 nan nan nan 1.291580 1.679553 4.131162 -7.786479 -2.372413 -1.206348 0.000000 0.902112 2566
car -1 -1 nan 50706.000000 nan nan nan 1.342206 1.400427 3.272236 -13.164921 -2.344266 -1.221184 0.000000 0.933011 2522
car -1 -1 nan 50704.000000 nan nan nan 1.173339 1.419857 3.632015 -25.520859 -2.723671 -1.362906 0.000000 0.916790 2454
person -1 -1 nan 50701.000000 nan nan nan 1.449590 0.918850 0.826429 -35.392250 -2.221116 -1.266439 0.000000 0.821364 511
