car -1 -1 nan 49613.000000 nan nan nan 0.442932 0.304192 0.414794 47.775574 -1.258980 0.345916 0.000000 0.690057 2569
car -1 -1 nan 49638.000000 nan nan nan 0.880368 1.408047 0.639773 40.875277 -1.889801 -0.086224 0.000000 0.294738 2567
car -1 -1 nan 49635.000000 nan nan nan 1.073408 0.683300 3.699223 28.056998 -1.540983 -0.363690 0.000000 0.787479 2566
car -1 -1 nan 49641.000000 nan nan nan 1.232332 1.520534 3.167278 23.192191 -2.024497 -0.499897 0.000000 0.886380 2522
car -1 -1 nan 49645.000000 nan nan nan 1.402821 1.940001 4.226064 10.480016 -2.720505 -0.794279 0.000000 0.933995 2454
car -1 -1 nan 49630.000000 nan nan nan 1.512318 1.855010 4.175516 -19.178382 -2.886753 -1.256965 0.000000 0.937496 2339
car -1 -1 nan 49639.000000 nan nan nan 1.160304 1.317440 0.964574 -42.410985 -4.059066 -1.940187 0.000000 0.841541 2288
car -1 -1 nan 49633.000000 nan nan nan 0.413884 0.930241 0.932675 -42.692837 3.388440 -1.393377 0.000000 0.682284 2264
person -1 -1 nan 49640.000000 nan nan nan 1.565976 0.682045 0.896833 -5.325081 -2.660426 -0.997819 0.000000 0.932854 511
bicyclist -1 -1 nan 49624.000000 nan nan nan 1.222669 0.547241 1.394998 -18.860723 0.202310 -1.488953 0.000000 0.774889 706
bicyclist -1 -1 nan 49606.000000 nan nan nan 0.858727 0.897223 0.992373 24.333262 2.166021 -0.594061 0.000000 0.820368 694
