car -1 -1 nan 50873.000000 nan nan nan 0.817811 0.536206 1.132449 -49.924401 1.219656 -1.914316 0.000000 0.499868 2617
car -1 -1 nan 50887.000000 nan nan nan 0.719332 0.360669 1.036542 -48.067389 4.685067 -1.651890 0.000000 0.745152 2619
car -1 -1 nan 50892.000000 nan nan nan 0.582188 0.567341 1.141517 -32.590068 1.360721 -2.006831 0.000000 0.698724 2609
car -1 -1 nan 50895.000000 nan nan nan 0.808942 1.472178 0.369812 41.577804 -2.246896 -0.416851 0.000000 0.735592 2615
car -1 -1 nan 50910.000000 nan nan nan 0.538847 1.641172 0.812241 -48.097981 1.864211 -2.005180 0.000000 0.871622 2598
other-vehicle -1 -1 nan 50904.000000 nan nan nan 1.439303 1.492196 2.192140 24.259644 -2.557236 -0.396816 0.000000 0.823740 2590
car -1 -1 nan 50903.000000 nan nan nan 1.376756 2.070945 4.342178 6.859901 -2.514438 -0.871745 0.000000 0.966882 2569
car -1 -1 nan 50893.000000 nan nan nan 1.013362 1.868225 3.886318 -0.075073 -2.891415 -0.591586 0.000000 0.960950 2567
car -1 -1 nan 50898.000000 nan nan nan 1.258189 1.683480 3.884910 -13.689484 -2.518295 -1.378908 0.000000 0.925966 2566
car -1 -1 nan 50905.000000 nan nan nan 1.318593 1.375503 3.856522 -19.207398 -2.434401 -1.426625 0.000000 0.911315 2522
car -1 -1 nan 50906.000000 nan nan nan 1.163396 1.219011 3.837401 -31.442216 -2.878491 -1.641193 0.000000 0.891769 2454
person -1 -1 nan 50889.000000 nan nan nan 1.117673 0.723557 0.829690 -40.305852 -2.421870 -1.696685 0.000000 0.869545 511
bicycle -1 -1 nan 50908.000000 nan nan nan 0.726776 0.481557 1.066955 27.967585 -1.818696 -0.812132 0.000000 0.825095 724
