car -1 -1 nan 50263.000000 nan nan nan 0.770081 1.314473 3.961169 37.562134 2.266100 -0.856208 0.000000 0.820291 2579
other-vehicle -1 -1 nan 50268.000000 nan nan nan 0.972346 1.207075 1.092939 44.709550 -2.599308 -0.401639 0.000000 0.583063 2590
car -1 -1 nan 50243.000000 nan nan nan 0.492093 0.693608 1.387788 -4.681134 -17.457286 -2.059005 0.000000 0.843241 2582
car -1 -1 nan 50260.000000 nan nan nan 1.240837 0.628441 3.533174 27.544654 -1.953256 -0.750649 0.000000 0.912602 2569
car -1 -1 nan 50265.000000 nan nan nan 1.522808 2.188266 3.544910 20.387478 -2.669102 -0.692054 0.000000 0.897557 2567
car -1 -1 nan 50256.000000 nan nan nan 1.272503 1.701725 4.227102 6.638125 -2.303468 -0.983258 0.000000 0.895558 2566
car -1 -1 nan 50271.000000 nan nan nan 1.161895 1.462288 3.347435 1.612641 -2.336604 -0.899935 0.000000 0.926590 2522
car -1 -1 nan 50270.000000 nan nan nan 1.354682 1.859089 4.269705 -11.126751 -2.621404 -1.100149 0.000000 0.961415 2454
car -1 -1 nan 50264.000000 nan nan nan 0.429585 1.104189 0.763828 -39.286859 -2.421444 -1.418817 0.000000 0.933468 2339
person -1 -1 nan 50259.000000 nan nan nan 1.470387 0.968784 1.330391 -23.553738 -2.166827 -1.093324 0.000000 0.721804 511
