car -1 -1 nan 51290.000000 nan nan nan 0.917054 1.161849 1.576770 -42.634531 -2.921793 -1.656740 0.000000 0.633436 2454
car -1 -1 nan 51269.000000 nan nan nan 0.892833 1.492928 1.125944 40.665845 0.106523 0.956875 0.000000 0.496209 2637
car -1 -1 nan 51288.000000 nan nan nan 1.114494 0.639881 2.539097 -30.578275 -2.192791 -1.514564 0.000000 0.752562 2522
other-vehicle -1 -1 nan 51293.000000 nan nan nan 0.330609 0.284275 0.526498 16.216960 -1.847170 -0.932483 0.000000 0.664950 2633
car -1 -1 nan 51274.000000 nan nan nan 0.514135 0.376419 0.874217 -44.170162 1.375436 -2.032305 0.000000 0.778371 2609
car -1 -1 nan 51273.000000 nan nan nan 1.189440 3.277554 1.431166 30.449927 -2.929111 -0.625794 0.000000 0.921661 2615
other-vehicle -1 -1 nan 51278.000000 nan nan nan 1.548895 1.494365 2.530802 12.664926 -2.535701 -0.639089 0.000000 0.887099 2590
car -1 -1 nan 51284.000000 nan nan nan 1.393989 2.191789 4.521589 -4.307212 -2.656586 -1.063268 0.000000 0.963045 2569
car -1 -1 nan 51277.000000 nan nan nan 1.525729 2.145024 4.246330 -11.366857 -2.723627 -1.081644 0.000000 0.932046 2567
car -1 -1 nan 51286.000000 nan nan nan 1.111584 1.494753 4.012009 -25.166704 -2.530744 -1.525160 0.000000 0.832590 2566
person -1 -1 nan 51295.000000 nan nan nan 1.150932 0.927816 0.494716 -1.815516 21.748749 -0.654937 0.000000 0.816395 554
person -1 -1 nan 51299.000000 nan nan nan 1.354040 0.704484 0.600358 -1.287227 19.999351 -0.647219 0.000000 0.948867 555
motorcycle -1 -1 nan 51285.000000 nan nan nan 1.020188 0.701624 1.255998 19.422639 -1.932133 -0.884711 0.000000 0.854595 728
