other-vehicle -1 -1 nan 50498.000000 nan nan nan 0.392225 1.629042 0.534977 36.839249 3.478946 -0.226187 0.000000 0.740047 2602
car -1 -1 nan 50507.000000 nan nan nan 0.524440 1.257403 0.606145 -48.273609 -2.627941 -1.857064 0.000000 0.767730 2339
car -1 -1 nan 50515.000000 nan nan nan 0.834520 1.833075 3.288920 -36.905600 2.151875 -1.569474 0.000000 0.899077 2598
car -1 -1 nan 50516.000000 nan nan nan 0.421076 0.368044 0.985721 40.112762 -1.786528 -0.620923 0.000000 0.786571 2595
other-vehicle -1 -1 nan 50519.000000 nan nan nan 1.048699 1.795644 1.665291 36.209577 -2.646372 -0.306952 0.000000 0.756007 2590
car -1 -1 nan 50508.000000 nan nan nan 1.314735 1.166648 3.737390 18.837501 -2.149089 -0.715309 0.000000 0.940663 2569
car -1 -1 nan 50513.000000 nan nan nan 1.542670 2.185311 3.964571 11.832096 -2.542879 -0.727239 0.000000 0.940762 2567
car -1 -1 nan 50514.000000 nan nan nan 1.060775 2.042380 5.029437 -1.703786 -2.695050 -0.949385 0.000000 0.949699 2566
car -1 -1 nan 50505.000000 nan nan nan 1.386461 1.525429 3.387750 -6.863351 -2.436049 -1.158843 0.000000 0.913943 2522
car -1 -1 nan 50510.000000 nan nan nan 1.306458 1.897161 4.058397 -19.922892 -2.869086 -1.310270 0.000000 0.957604 2454
person -1 -1 nan 50509.000000 nan nan nan 1.427414 1.066556 1.091043 -30.578320 -2.310534 -1.310283 0.000000 0.873070 511
