other-vehicle -1 -1 nan 52131.000000 nan nan nan 0.707030 1.322304 2.086810 -24.468210 2.916135 -1.378729 0.000000 0.711732 2667
car -1 -1 nan 52133.000000 nan nan nan 1.031989 4.212760 1.558936 9.383440 -25.000573 -0.127512 0.000000 0.895066 2663
other-vehicle -1 -1 nan 52147.000000 nan nan nan 0.946093 1.507861 2.243411 -4.967483 -2.435987 -1.252471 0.000000 0.863032 2660
car -1 -1 nan 52138.000000 nan nan nan 1.233655 3.717422 1.570245 9.112460 -15.928958 -0.399677 0.000000 0.954051 2657
car -1 -1 nan 52125.000000 nan nan nan 1.389301 3.328652 1.582497 8.961991 -9.186476 -0.574627 0.000000 0.958447 2651
car -1 -1 nan 52130.000000 nan nan nan 1.359996 4.116678 1.854547 8.398181 11.867573 -1.139877 0.000000 0.952061 2649
car -1 -1 nan 52137.000000 nan nan nan 1.356794 3.899475 1.842927 8.474689 4.726514 -1.012043 0.000000 0.951476 2643
other-vehicle -1 -1 nan 52132.000000 nan nan nan 1.356044 1.206210 2.285605 -8.659530 -2.451560 -1.138406 0.000000 0.744404 2633
car -1 -1 nan 52140.000000 nan nan nan 1.289929 4.499813 1.972491 8.852562 -3.486496 -0.801464 0.000000 0.944709 2615
car -1 -1 nan 52141.000000 nan nan nan 1.220192 1.802851 3.703287 -25.721715 -2.904259 -1.716762 0.000000 0.928268 2569
car -1 -1 nan 52135.000000 nan nan nan 1.361554 0.875605 2.200833 -32.741334 -2.656695 -1.765669 0.000000 0.867440 2567
motorcycle -1 -1 nan 52149.000000 nan nan nan 1.369922 1.890654 0.564775 -1.396767 -2.970942 -1.060138 0.000000 0.879500 739
motorcycle -1 -1 nan 52142.000000 nan nan nan 1.057634 1.478846 0.574954 -2.506234 -2.789541 -1.108366 0.000000 0.802721 728
