car -1 -1 nan 53579.000000 nan nan nan 0.519018 0.885930 1.024077 46.583492 -3.877409 -0.415606 0.000000 0.782787 2731
car -1 -1 nan 53586.000000 nan nan nan 0.862648 0.586771 1.162029 40.170940 -1.028923 -1.064318 0.000000 0.418527 2728
car -1 -1 nan 53602.000000 nan nan nan 1.288639 1.594211 3.576157 30.075976 -1.519821 -1.065534 0.000000 0.896133 2721
car -1 -1 nan 53596.000000 nan nan nan 1.319245 1.607252 2.647671 25.136227 -1.984998 -1.154999 0.000000 0.864894 2679
car -1 -1 nan 53595.000000 nan nan nan 0.938197 1.272987 1.274037 -40.192446 -4.068713 -0.345638 0.000000 0.647712 2663
car -1 -1 nan 53603.000000 nan nan nan 1.185521 0.676289 2.794162 -28.698875 -3.332913 -0.759583 0.000000 0.910421 2657
car -1 -1 nan 53597.000000 nan nan nan 1.192777 1.490010 2.763055 -24.130552 -3.650194 -0.827018 0.000000 0.890869 2651
car -1 -1 nan 53601.000000 nan nan nan 1.307395 1.804093 4.333899 -2.895167 -2.835313 -1.093791 0.000000 0.949214 2649
car -1 -1 nan 53593.000000 nan nan nan 1.273451 1.903334 3.837784 -10.010566 -3.130306 -1.080714 0.000000 0.915838 2643
car -1 -1 nan 53599.000000 nan nan nan 1.168169 1.802864 3.891275 -18.313864 -3.410465 -0.974367 0.000000 0.938226 2615
