car -1 -1 nan 52375.000000 nan nan nan 1.028214 1.552467 2.035727 4.018536 -37.926018 0.263830 0.000000 0.768411 2676
car -1 -1 nan 52394.000000 nan nan nan 1.648804 3.202327 1.558267 3.901631 -40.177422 0.791247 0.000000 0.761450 2669
car -1 -1 nan 52377.000000 nan nan nan 1.212842 4.114099 1.871779 5.121766 -25.731800 0.002183 0.000000 0.932281 2663
other-vehicle -1 -1 nan 52387.000000 nan nan nan 0.885681 1.380617 1.852518 -6.844144 -1.755482 -1.357778 0.000000 0.494236 2660
car -1 -1 nan 52369.000000 nan nan nan 1.239405 3.554443 1.844409 5.994627 -16.115091 -0.461019 0.000000 0.914082 2657
car -1 -1 nan 52380.000000 nan nan nan 1.395808 3.612744 1.592828 6.456221 -9.924323 -0.604632 0.000000 0.927934 2651
car -1 -1 nan 52365.000000 nan nan nan 1.325452 4.400401 1.919448 8.115937 11.044873 -1.193073 0.000000 0.966112 2649
car -1 -1 nan 52379.000000 nan nan nan 1.356176 3.950329 1.848040 7.341304 3.826631 -1.061035 0.000000 0.934222 2643
other-vehicle -1 -1 nan 52371.000000 nan nan nan 1.351368 0.906016 2.026387 -10.364417 -1.434864 -1.087391 0.000000 0.571413 2633
car -1 -1 nan 52383.000000 nan nan nan 1.318388 4.430273 1.862364 6.888304 -4.340449 -0.846278 0.000000 0.950022 2615
car -1 -1 nan 52373.000000 nan nan nan 1.134237 2.563249 3.482374 -27.645401 0.136550 -1.643464 0.000000 0.724109 2569
motorcycle -1 -1 nan 52392.000000 nan nan nan 1.442944 1.985648 0.723464 -3.281834 -2.780478 -1.112883 0.000000 0.786832 739
motorcycle -1 -1 nan 52382.000000 nan nan nan 1.121548 1.976463 0.788854 -4.312609 -2.253230 -1.226256 0.000000 0.882828 728
