car -1 -1 nan 53632.000000 nan nan nan 0.172964 0.708314 1.228648 -39.619838 -3.636094 -0.889474 0.000000 0.904636 2732
car -1 -1 nan 53637.000000 nan nan nan 0.283158 0.325188 0.309418 38.185705 -0.983307 -1.035311 0.000000 0.661541 2728
car -1 -1 nan 53638.000000 nan nan nan 1.363896 1.619040 3.524687 28.584434 -1.546570 -0.933339 0.000000 0.950084 2721
car -1 -1 nan 53631.000000 nan nan nan 1.264461 1.609346 3.187999 23.755491 -2.013553 -1.049205 0.000000 0.894291 2679
car -1 -1 nan 53616.000000 nan nan nan 0.508423 1.032964 0.813802 -42.445352 -4.011568 -0.466208 0.000000 0.438007 2663
car -1 -1 nan 53639.000000 nan nan nan 0.941369 0.351982 3.281000 -30.347259 -3.209736 -0.868371 0.000000 0.901828 2657
car -1 -1 nan 53630.000000 nan nan nan 1.234067 1.373894 2.679786 -25.590056 -3.628169 -0.931332 0.000000 0.879125 2651
car -1 -1 nan 53627.000000 nan nan nan 1.269354 1.899359 4.379996 -4.279985 -2.846187 -1.123385 0.000000 0.959363 2649
car -1 -1 nan 53634.000000 nan nan nan 1.286809 1.907119 3.841687 -11.504873 -3.120598 -1.125706 0.000000 0.914359 2643
car -1 -1 nan 53636.000000 nan nan nan 1.211283 1.761485 3.682871 -19.658144 -3.391665 -1.041161 0.000000 0.926888 2615
