car -1 -1 nan 52313.000000 nan nan nan 1.827966 4.435979 1.959273 6.141403 -39.082664 0.694502 0.000000 0.838228 2669
car -1 -1 nan 52320.000000 nan nan nan 1.295434 4.160093 1.761150 6.704288 -25.427962 -0.092429 0.000000 0.938473 2663
other-vehicle -1 -1 nan 52316.000000 nan nan nan 0.931157 1.375400 1.890119 -6.368815 -2.079595 -1.287741 0.000000 0.789331 2660
car -1 -1 nan 52315.000000 nan nan nan 1.167220 3.590233 1.701924 7.018028 -15.942742 -0.529515 0.000000 0.933123 2657
car -1 -1 nan 52325.000000 nan nan nan 1.391093 3.243108 1.656961 7.191305 -9.654109 -0.669717 0.000000 0.950710 2651
car -1 -1 nan 52314.000000 nan nan nan 1.336213 4.216111 1.886689 7.815805 11.417551 -1.221863 0.000000 0.947574 2649
car -1 -1 nan 52322.000000 nan nan nan 1.357353 3.923452 1.664045 7.478768 4.226177 -1.104220 0.000000 0.937628 2643
other-vehicle -1 -1 nan 52329.000000 nan nan nan 1.395455 1.272027 2.418264 -10.118700 -2.032590 -1.007473 0.000000 0.852254 2633
car -1 -1 nan 52319.000000 nan nan nan 1.314343 4.442753 1.768888 7.345084 -3.970315 -0.891905 0.000000 0.971922 2615
car -1 -1 nan 52311.000000 nan nan nan 1.203451 2.221957 3.490587 -27.052453 -1.581568 -1.521713 0.000000 0.799105 2569
motorcycle -1 -1 nan 52326.000000 nan nan nan 1.408198 1.918929 0.660173 -2.789441 -2.968856 -1.109218 0.000000 0.602983 739
motorcycle -1 -1 nan 52330.000000 nan nan nan 1.112247 1.563586 0.624252 -3.871094 -2.248765 -1.270158 0.000000 0.769934 728
