truck -1 -1 nan 52889.000000 nan nan nan 0.999322 1.625922 0.736417 32.189613 15.666073 1.075211 0.000000 0.685780 2712
car -1 -1 nan 52928.000000 nan nan nan 1.184202 2.390297 1.572501 31.915044 19.908964 0.684610 0.000000 0.791713 2679
car -1 -1 nan 52918.000000 nan nan nan 1.959215 2.746436 4.262589 -29.552656 -29.082905 -1.719274 0.000000 0.876723 2669
car -1 -1 nan 52922.000000 nan nan nan 1.210024 2.947830 3.982205 -18.666815 -20.605962 -1.841314 0.000000 0.912428 2663
other-vehicle -1 -1 nan 52940.000000 nan nan nan 0.856838 2.184453 1.808925 -9.472942 4.544963 -1.262253 0.000000 0.758964 2660
car -1 -1 nan 52926.000000 nan nan nan 1.210516 2.492378 3.091428 -10.284315 -13.677965 -1.622351 0.000000 0.945754 2657
car -1 -1 nan 52937.000000 nan nan nan 1.306741 2.811523 3.100770 -6.337709 -10.925479 -1.412820 0.000000 0.933342 2651
car -1 -1 nan 52921.000000 nan nan nan 1.391218 3.755129 3.188363 9.717423 2.453482 -0.705533 0.000000 0.948529 2649
car -1 -1 nan 52930.000000 nan nan nan 1.625538 3.346789 3.095301 4.232430 -2.016542 -0.883337 0.000000 0.947258 2643
other-vehicle -1 -1 nan 52933.000000 nan nan nan 1.529597 2.442536 1.921130 -11.621524 7.311663 -0.917430 0.000000 0.832319 2633
car -1 -1 nan 52914.000000 nan nan nan 1.261723 3.347456 4.210640 -1.805234 -7.084101 -1.306868 0.000000 0.953454 2615
car -1 -1 nan 52934.000000 nan nan nan 1.265791 3.884053 2.534141 -22.076341 20.902775 -1.000558 0.000000 0.909918 2569
motorcycle -1 -1 nan 52925.000000 nan nan nan 1.006259 1.189731 1.632064 -7.927879 2.397516 -1.350667 0.000000 0.871065 752
motorcycle -1 -1 nan 52943.000000 nan nan nan 1.280501 1.372065 1.510643 -7.552604 1.115693 -1.223999 0.000000 0.868847 728
