car -1 -1 nan 53326.000000 nan nan nan 0.327087 0.893436 1.522922 -12.809102 28.679965 0.243442 0.000000 0.710671 2727
other-vehicle -1 -1 nan 53311.000000 nan nan nan 0.574208 1.411021 0.685808 -10.470158 10.753505 -0.270698 0.000000 0.605640 2633
car -1 -1 nan 53319.000000 nan nan nan 1.142383 1.333568 0.886598 36.850278 1.753085 -0.716436 0.000000 0.753905 2721
car -1 -1 nan 53312.000000 nan nan nan 1.081024 1.771318 2.442211 33.160902 0.863374 -0.839679 0.000000 0.889042 2679
car -1 -1 nan 53325.000000 nan nan nan 1.759524 1.618983 2.342435 -44.265944 -8.751465 -0.007943 0.000000 0.782592 2669
car -1 -1 nan 53317.000000 nan nan nan 1.197522 1.715269 3.691453 -31.342275 -7.044479 -0.677054 0.000000 0.824276 2663
car -1 -1 nan 53309.000000 nan nan nan 1.095814 1.052705 3.384555 -20.410690 -5.505492 -0.919373 0.000000 0.938304 2657
car -1 -1 nan 53318.000000 nan nan nan 1.271288 1.702175 2.977564 -15.767504 -5.224698 -0.926741 0.000000 0.916833 2651
car -1 -1 nan 53315.000000 nan nan nan 1.370986 2.264796 4.108563 5.061744 -2.456728 -1.062400 0.000000 0.943644 2649
car -1 -1 nan 53305.000000 nan nan nan 1.295506 1.900902 4.003434 -1.855141 -3.350167 -1.086242 0.000000 0.970221 2643
car -1 -1 nan 53314.000000 nan nan nan 1.277345 2.065392 4.537670 -10.134929 -4.467568 -1.067662 0.000000 0.945870 2615
motorcycle -1 -1 nan 53300.000000 nan nan nan 1.013926 0.584440 2.129789 -10.452843 6.994315 -0.785774 0.000000 0.912955 752
motorcycle -1 -1 nan 53321.000000 nan nan nan 1.303915 0.627279 1.847644 -10.638308 5.793910 -0.679211 0.000000 0.742231 728
