car -1 -1 nan 51671.000000 nan nan nan 0.684484 0.283158 1.495407 43.494711 1.217640 -0.744434 0.000000 0.918367 2652
car -1 -1 nan 51656.000000 nan nan nan 1.169111 1.896799 1.833092 19.454349 -8.657467 -0.757840 0.000000 0.897856 2651
car -1 -1 nan 51655.000000 nan nan nan 1.099676 1.235054 1.198849 18.831488 10.424281 -0.797434 0.000000 0.775546 2649
car -1 -1 nan 51663.000000 nan nan nan 0.923763 2.720430 1.465941 19.086502 3.979028 -0.732203 0.000000 0.952052 2643
other-vehicle -1 -1 nan 51670.000000 nan nan nan 0.980771 1.625321 3.129909 4.998639 -2.446535 -1.085465 0.000000 0.863503 2633
car -1 -1 nan 51665.000000 nan nan nan 1.219054 4.438252 1.769238 19.215995 -3.653023 -0.794592 0.000000 0.969057 2615
other-vehicle -1 -1 nan 51657.000000 nan nan nan 0.609775 0.532480 0.491684 1.658826 -2.224121 -0.679563 0.000000 0.446352 2590
car -1 -1 nan 51652.000000 nan nan nan 1.344049 1.765869 4.110971 -15.489609 -2.547582 -1.256012 0.000000 0.939701 2569
car -1 -1 nan 51661.000000 nan nan nan 1.413538 1.051382 4.271482 -22.425843 -2.402707 -1.266443 0.000000 0.881246 2567
motorcycle -1 -1 nan 51672.000000 nan nan nan 1.273652 1.889058 0.736247 8.029401 -2.628045 -0.974734 0.000000 0.945908 728
