car -1 -1 nan 53523.000000 nan nan nan 0.235698 0.330261 0.375472 43.002002 -0.634671 -1.323184 0.000000 0.512059 2728
car -1 -1 nan 53519.000000 nan nan nan 1.197686 1.536541 3.336970 32.732775 -1.362217 -1.097177 0.000000 0.886458 2721
car -1 -1 nan 53510.000000 nan nan nan 1.204683 1.633799 3.095174 28.608977 -1.891214 -1.131772 0.000000 0.875361 2679
car -1 -1 nan 53512.000000 nan nan nan 1.543481 1.598593 1.877619 -49.350664 -4.883978 0.723321 0.000000 0.813900 2669
car -1 -1 nan 53506.000000 nan nan nan 1.102022 1.414606 3.824414 -36.518197 -4.178491 -0.399114 0.000000 0.865746 2663
car -1 -1 nan 53522.000000 nan nan nan 1.078709 0.797660 3.396193 -25.456506 -3.528946 -0.699986 0.000000 0.917294 2657
car -1 -1 nan 53513.000000 nan nan nan 1.205413 1.528733 2.829301 -20.786145 -3.729322 -0.823321 0.000000 0.934175 2651
car -1 -1 nan 53508.000000 nan nan nan 1.238729 1.443688 4.217946 0.393347 -2.721428 -0.666746 0.000000 0.947819 2649
car -1 -1 nan 53514.000000 nan nan nan 1.281708 1.882483 4.097409 -6.718950 -3.112264 -1.059499 0.000000 0.950969 2643
car -1 -1 nan 53517.000000 nan nan nan 1.177930 1.876084 4.297520 -14.954251 -3.468584 -0.975308 0.000000 0.941509 2615
motorcycle -1 -1 nan 53511.000000 nan nan nan 0.554351 0.364244 1.552733 -14.625648 6.718370 -0.376582 0.000000 0.783011 728
