car -1 -1 nan 53062.000000 nan nan nan 0.435046 1.246939 2.069740 36.626529 21.514071 1.253449 0.000000 0.479471 2720
car -1 -1 nan 53093.000000 nan nan nan 1.158499 0.847429 1.187138 37.045787 15.878264 1.006842 0.000000 0.705248 2721
other-vehicle -1 -1 nan 53051.000000 nan nan nan 1.306260 1.945218 0.524848 32.931727 9.742475 0.809469 0.000000 0.864339 2719
car -1 -1 nan 53086.000000 nan nan nan 1.161460 1.660927 3.038955 -34.987293 -16.174676 -1.643342 0.000000 0.889735 2715
car -1 -1 nan 53096.000000 nan nan nan 1.064744 2.106080 1.630832 33.622804 13.413292 0.568039 0.000000 0.762295 2679
car -1 -1 nan 53075.000000 nan nan nan 1.887340 2.127144 3.885745 -35.652379 -22.874857 -1.658488 0.000000 0.909940 2669
car -1 -1 nan 53082.000000 nan nan nan 1.186264 2.437316 4.038923 -23.502672 -16.774127 -1.770509 0.000000 0.856645 2663
other-vehicle -1 -1 nan 53079.000000 nan nan nan 0.861546 2.370952 1.590572 -9.951476 6.201903 -1.133308 0.000000 0.838777 2660
car -1 -1 nan 53078.000000 nan nan nan 1.151949 2.091950 3.266935 -13.889046 -11.519911 -1.593771 0.000000 0.949719 2657
car -1 -1 nan 53087.000000 nan nan nan 1.273807 2.480744 3.120899 -9.597276 -9.541953 -1.409181 0.000000 0.920759 2651
car -1 -1 nan 53074.000000 nan nan nan 1.374264 3.283697 3.485223 8.728328 0.510736 -0.770250 0.000000 0.929609 2649
car -1 -1 nan 53085.000000 nan nan nan 1.234347 2.774701 3.568894 2.537722 -2.750707 -1.030868 0.000000 0.958225 2643
other-vehicle -1 -1 nan 53094.000000 nan nan nan 1.501813 2.484303 1.492562 -11.363322 9.355587 -0.762771 0.000000 0.878692 2633
car -1 -1 nan 53081.000000 nan nan nan 1.265199 2.910575 4.466236 -4.496150 -6.651540 -1.336315 0.000000 0.943778 2615
car -1 -1 nan 53076.000000 nan nan nan 0.826447 1.005432 1.498464 -18.992227 23.391536 -0.914099 0.000000 0.597942 2569
motorcycle -1 -1 nan 53097.000000 nan nan nan 1.156451 1.028377 1.705549 -8.766357 3.802171 -1.214351 0.000000 0.907431 752
motorcycle -1 -1 nan 53089.000000 nan nan nan 1.325907 1.134689 1.630661 -8.569736 2.511920 -1.175995 0.000000 0.912907 728
