car -1 -1 nan 53135.000000 nan nan nan 0.909031 1.212558 0.842296 37.395075 12.919277 0.872977 0.000000 0.694664 2721
car -1 -1 nan 53139.000000 nan nan nan 1.172385 2.041174 1.482633 33.855240 11.022786 0.452680 0.000000 0.698355 2679
car -1 -1 nan 53145.000000 nan nan nan 1.879103 2.123821 4.114754 -37.802025 -20.464295 -1.486785 0.000000 0.934251 2669
car -1 -1 nan 53132.000000 nan nan nan 1.212766 2.303156 4.173524 -25.191242 -15.074184 -1.656034 0.000000 0.944623 2663
other-vehicle -1 -1 nan 53115.000000 nan nan nan 0.858698 2.147836 1.410819 -10.028063 6.703018 -1.110012 0.000000 0.749444 2660
car -1 -1 nan 53125.000000 nan nan nan 1.101543 1.775749 3.278022 -15.232950 -10.482995 -1.544777 0.000000 0.938423 2657
car -1 -1 nan 53136.000000 nan nan nan 1.323000 2.376513 3.043747 -10.857770 -8.895911 -1.386883 0.000000 0.921159 2651
car -1 -1 nan 53122.000000 nan nan nan 1.398816 3.077488 3.731821 8.196189 -0.150681 -0.810876 0.000000 0.929818 2649
car -1 -1 nan 53134.000000 nan nan nan 1.001411 2.695226 3.684646 1.791948 -2.985076 -0.937889 0.000000 0.958570 2643
other-vehicle -1 -1 nan 53126.000000 nan nan nan 1.523890 2.471533 1.360457 -11.300427 10.104384 -0.747037 0.000000 0.838629 2633
car -1 -1 nan 53131.000000 nan nan nan 1.260847 2.827898 4.632882 -5.602941 -6.397943 -1.317100 0.000000 0.924836 2615
motorcycle -1 -1 nan 53142.000000 nan nan nan 1.023292 0.934173 1.831994 -9.088089 4.423874 -1.207136 0.000000 0.872786 752
motorcycle -1 -1 nan 53133.000000 nan nan nan 1.163572 1.031273 1.641212 -8.992356 3.088664 -1.165684 0.000000 0.905639 728
