car -1 -1 nan 53414.000000 nan nan nan 1.048208 1.553419 2.636104 36.013168 -0.662980 -0.841597 0.000000 0.699001 2721
car -1 -1 nan 53401.000000 nan nan nan 1.151830 1.697170 2.523300 31.201728 -1.261361 -1.060756 0.000000 0.931270 2679
car -1 -1 nan 53398.000000 nan nan nan 1.613003 1.770674 3.587790 -46.910726 -5.955257 0.298215 0.000000 0.819621 2669
car -1 -1 nan 53403.000000 nan nan nan 1.096896 1.490597 3.763471 -33.579054 -4.971633 -0.562371 0.000000 0.878351 2663
car -1 -1 nan 53409.000000 nan nan nan 1.177108 1.005589 3.258150 -22.541628 -4.124334 -0.846374 0.000000 0.917658 2657
car -1 -1 nan 53407.000000 nan nan nan 1.243811 1.539563 3.054771 -17.951097 -4.177807 -0.875759 0.000000 0.921644 2651
car -1 -1 nan 53405.000000 nan nan nan 1.290411 1.885566 4.281276 3.156730 -2.699384 -1.056704 0.000000 0.965576 2649
car -1 -1 nan 53396.000000 nan nan nan 1.290773 1.883356 4.004143 -3.886503 -3.152083 -1.073682 0.000000 0.956959 2643
car -1 -1 nan 53404.000000 nan nan nan 1.236741 1.966788 4.451098 -12.212291 -3.805117 -1.018093 0.000000 0.928505 2615
motorcycle -1 -1 nan 53402.000000 nan nan nan 0.700293 0.368214 1.701600 -11.991729 7.579358 -0.505266 0.000000 0.838917 752
motorcycle -1 -1 nan 53413.000000 nan nan nan 0.975100 0.487731 1.826361 -12.114526 6.405922 -0.565175 0.000000 0.442896 728
