car -1 -1 nan 51906.000000 nan nan nan 0.653528 1.193679 2.240663 -1.277252 -2.571790 -1.041660 0.000000 0.762252 2660
car -1 -1 nan 51902.000000 nan nan nan 1.197559 3.780670 1.697341 12.830319 -16.379992 -0.485619 0.000000 0.948608 2657
car -1 -1 nan 51893.000000 nan nan nan 1.302290 3.183315 1.557205 12.708714 -9.253600 -0.614022 0.000000 0.932371 2651
car -1 -1 nan 51896.000000 nan nan nan 0.828081 4.198306 1.672080 12.083450 11.954349 -0.795156 0.000000 0.941019 2649
car -1 -1 nan 51901.000000 nan nan nan 1.238443 3.895505 1.794828 12.292430 4.648404 -0.967472 0.000000 0.967875 2643
other-vehicle -1 -1 nan 51904.000000 nan nan nan 1.420753 1.345184 2.824527 -4.953611 -2.564397 -0.959698 0.000000 0.691435 2633
car -1 -1 nan 51903.000000 nan nan nan 1.260259 4.449054 2.020679 12.606423 -3.560675 -0.840526 0.000000 0.921771 2615
car -1 -1 nan 51900.000000 nan nan nan 1.323651 1.949238 4.037570 -22.191894 -2.755154 -1.457692 0.000000 0.887250 2569
car -1 -1 nan 51905.000000 nan nan nan 1.433267 1.901798 3.441432 -29.074214 -2.772633 -1.457596 0.000000 0.902309 2567
motorcycle -1 -1 nan 51909.000000 nan nan nan 1.230690 1.807084 0.612960 2.293183 -2.935812 -1.104940 0.000000 0.850967 739
motorcycle -1 -1 nan 51899.000000 nan nan nan 0.585102 0.808603 0.304676 1.029678 -2.558253 -1.016748 0.000000 0.778400 728
