car -1 -1 nan 51496.000000 nan nan nan 0.891370 0.906905 3.368341 -30.627769 3.682289 -0.954236 0.000000 0.771768 2646
car -1 -1 nan 51490.000000 nan nan nan 0.208015 1.665014 0.655922 24.715047 3.563614 -0.404316 0.000000 0.862917 2643
car -1 -1 nan 51502.000000 nan nan nan 0.438093 0.293990 0.816323 -47.407640 -2.233858 -1.302321 0.000000 0.465406 2454
other-vehicle -1 -1 nan 51498.000000 nan nan nan 0.783436 0.967561 1.554975 10.894691 -2.138477 -1.032939 0.000000 0.840694 2633
car -1 -1 nan 51480.000000 nan nan nan 1.089710 4.492449 1.770038 25.181608 -3.706331 -0.852849 0.000000 0.925077 2615
other-vehicle -1 -1 nan 51485.000000 nan nan nan 1.745380 1.394181 2.376302 7.322824 -2.521069 -0.688765 0.000000 0.851862 2590
car -1 -1 nan 51491.000000 nan nan nan 1.381098 1.893593 4.488558 -9.716013 -2.545163 -1.022530 0.000000 0.955409 2569
car -1 -1 nan 51484.000000 nan nan nan 1.553512 1.978206 3.817462 -16.688402 -2.599493 -1.011117 0.000000 0.917362 2567
car -1 -1 nan 51494.000000 nan nan nan 1.149291 1.247346 4.209956 -30.192049 -2.316887 -1.262941 0.000000 0.870048 2566
person -1 -1 nan 51432.000000 nan nan nan 0.493519 0.344955 0.464984 -6.427691 19.008677 -0.122189 0.000000 0.890013 555
motorcycle -1 -1 nan 51493.000000 nan nan nan 1.167878 1.765144 1.652506 14.138992 -2.506467 -1.056383 0.000000 0.899408 728
