car -1 -1 nan 52223.000000 nan nan nan 1.748407 0.965798 1.178031 13.048119 35.979389 0.197468 0.000000 0.499807 2670
car -1 -1 nan 52234.000000 nan nan nan 1.756138 2.451217 1.759601 8.442507 -37.737430 0.670875 0.000000 0.780467 2669
car -1 -1 nan 52240.000000 nan nan nan 1.284179 4.426001 1.586489 8.299582 -25.146546 -0.176024 0.000000 0.902779 2663
other-vehicle -1 -1 nan 52251.000000 nan nan nan 0.979082 1.511718 2.310973 -5.785475 -2.406325 -1.275813 0.000000 0.824537 2660
car -1 -1 nan 52238.000000 nan nan nan 1.141004 3.697800 1.549365 8.172708 -15.797854 -0.516533 0.000000 0.933216 2657
car -1 -1 nan 52249.000000 nan nan nan 1.374512 3.315186 1.571404 8.086950 -9.256250 -0.665051 0.000000 0.945771 2651
car -1 -1 nan 52246.000000 nan nan nan 1.352448 4.128353 1.873789 7.698544 11.795660 -1.147722 0.000000 0.939470 2649
car -1 -1 nan 52239.000000 nan nan nan 1.304037 3.904482 1.876043 7.795577 4.610761 -1.042783 0.000000 0.966443 2643
other-vehicle -1 -1 nan 52244.000000 nan nan nan 1.482471 1.241994 2.587235 -9.472246 -2.443187 -1.059614 0.000000 0.827416 2633
car -1 -1 nan 52242.000000 nan nan nan 1.302740 4.466436 1.944226 7.977781 -3.576850 -0.874526 0.000000 0.961443 2615
car -1 -1 nan 52236.000000 nan nan nan 1.228506 2.053548 3.779761 -26.561467 -2.725078 -1.574130 0.000000 0.895989 2569
car -1 -1 nan 52250.000000 nan nan nan 0.820264 0.479597 1.715574 -33.174616 -2.029680 -1.767157 0.000000 0.758153 2567
motorcycle -1 -1 nan 52231.000000 nan nan nan 1.338849 1.890717 0.572343 -2.186652 -2.945669 -1.074295 0.000000 0.759729 739
motorcycle -1 -1 nan 52254.000000 nan nan nan 1.043371 1.609320 0.536194 -3.162753 -2.452147 -1.208973 0.000000 0.798185 728
