other-vehicle -1 -1 nan 54322.000000 nan nan nan 0.574027 1.153708 1.029284 26.335637 -6.144255 -0.410127 0.000000 0.830392 2751
car -1 -1 nan 54319.000000 nan nan nan 1.281916 1.378821 2.209495 29.819473 -3.469830 -0.278460 0.000000 0.910304 2743
car -1 -1 nan 54314.000000 nan nan nan 1.164101 1.547634 3.208991 20.960470 -3.302376 -0.587705 0.000000 0.868707 2744
car -1 -1 nan 54325.000000 nan nan nan 1.070719 1.813477 3.608057 10.405684 -2.727259 -0.923941 0.000000 0.955365 2738
car -1 -1 nan 54317.000000 nan nan nan 1.424229 1.875874 3.815057 5.738712 -2.724079 -0.971465 0.000000 0.961637 2728
car -1 -1 nan 54310.000000 nan nan nan 1.503344 1.939897 4.100903 -4.741748 -2.852480 -1.045905 0.000000 0.905467 2721
car -1 -1 nan 54321.000000 nan nan nan 1.340717 1.451665 3.280379 -9.805774 -2.927236 -1.294654 0.000000 0.906590 2679
car -1 -1 nan 54324.000000 nan nan nan 1.132284 1.796438 2.506176 -37.129899 -3.297824 -2.172686 0.000000 0.866798 2649
car -1 -1 nan 54312.000000 nan nan nan 0.832208 1.256601 2.628524 -44.395650 -3.079690 -2.195547 0.000000 0.750448 2643
person -1 -1 nan 54326.000000 nan nan nan 0.907499 0.641482 0.752292 -42.164493 -5.650082 -2.013308 0.000000 0.904605 578
