car -1 -1 nan 55423.000000 nan nan nan 0.662961 0.306442 2.679336 41.129445 -0.966791 -0.680422 0.000000 0.888713 2795
car -1 -1 nan 55384.000000 nan nan nan 0.346975 0.891004 0.584397 -5.858813 37.041637 -0.499302 0.000000 0.772403 2796
car -1 -1 nan 55413.000000 nan nan nan 1.552227 1.897505 3.105985 -7.829514 24.444904 -0.197126 0.000000 0.834295 2791
car -1 -1 nan 55420.000000 nan nan nan 1.225039 1.714879 3.204685 36.726689 -1.853049 -0.898924 0.000000 0.864632 2761
car -1 -1 nan 55414.000000 nan nan nan 1.098619 1.818668 2.869360 33.034480 3.003169 -0.795836 0.000000 0.817347 2758
car -1 -1 nan 55406.000000 nan nan nan 1.335142 1.561916 4.078485 16.700296 -2.797547 -0.998279 0.000000 0.945722 2755
car -1 -1 nan 55419.000000 nan nan nan 1.485523 1.669666 3.508903 10.444244 -2.978278 -0.941901 0.000000 0.933599 2743
car -1 -1 nan 55412.000000 nan nan nan 1.078547 1.614126 3.492829 1.241057 -2.819951 -0.938110 0.000000 0.892132 2744
car -1 -1 nan 55421.000000 nan nan nan 1.083789 1.729775 3.538786 -9.011269 -2.640574 -1.320733 0.000000 0.913055 2738
car -1 -1 nan 55409.000000 nan nan nan 1.299693 1.808821 3.767858 -13.913503 -2.845415 -1.285154 0.000000 0.936122 2728
car -1 -1 nan 55418.000000 nan nan nan 1.388514 1.782928 3.593972 -24.607153 -3.187787 -1.310521 0.000000 0.940445 2721
person -1 -1 nan 55417.000000 nan nan nan 1.431962 1.458719 1.092021 6.061857 -7.857895 -0.521962 0.000000 0.923814 584
person -1 -1 nan 55401.000000 nan nan nan 0.951606 0.305827 0.380402 -45.138006 -7.561796 0.064295 0.000000 0.809596 582
