car -1 -1 nan 55042.000000 nan nan nan 1.163125 1.806900 3.185622 42.663090 -0.683552 -1.139090 0.000000 0.900924 2761
car -1 -1 nan 55035.000000 nan nan nan 0.712303 1.620699 0.554609 38.815932 4.036971 -1.187316 0.000000 0.790298 2758
car -1 -1 nan 55030.000000 nan nan nan 1.249274 1.187302 3.559409 23.106465 -1.990073 -1.103353 0.000000 0.954152 2755
car -1 -1 nan 55037.000000 nan nan nan 1.520856 1.653408 3.311748 16.966835 -2.593606 -0.978131 0.000000 0.914276 2743
car -1 -1 nan 55034.000000 nan nan nan 1.260932 1.779073 3.415756 7.597491 -2.765882 -1.065386 0.000000 0.936065 2744
car -1 -1 nan 55026.000000 nan nan nan 1.096379 1.451338 3.823049 -2.815078 -2.718104 -1.234155 0.000000 0.941360 2738
car -1 -1 nan 55038.000000 nan nan nan 1.320934 1.859306 3.826923 -7.219854 -3.079760 -1.154610 0.000000 0.957653 2728
car -1 -1 nan 55036.000000 nan nan nan 1.564807 1.859494 3.927428 -18.153663 -3.784645 -1.097129 0.000000 0.923990 2721
car -1 -1 nan 55031.000000 nan nan nan 1.269057 0.524117 1.814346 -23.696824 -3.690516 -1.208655 0.000000 0.805249 2679
car -1 -1 nan 55027.000000 nan nan nan 0.532742 1.494638 0.446327 -49.812789 -6.061432 -1.830453 0.000000 0.656642 2649
person -1 -1 nan 55032.000000 nan nan nan 1.192795 0.540085 0.538852 5.999526 23.532201 -0.505640 0.000000 0.866400 583
person -1 -1 nan 54997.000000 nan nan nan 1.019932 0.459050 0.424261 -38.312424 -8.791580 0.521827 0.000000 0.868794 582
