truck -1 -1 nan 54956.000000 nan nan nan 1.080517 4.346490 0.470292 -42.749756 -23.648682 1.321931 0.000000 0.766956 2767
car -1 -1 nan 54966.000000 nan nan nan 0.926196 1.611245 1.034842 43.121875 -0.644172 -0.840362 0.000000 0.800658 2761
car -1 -1 nan 54960.000000 nan nan nan 0.840696 1.620349 2.632393 40.571064 4.111069 -1.071626 0.000000 0.901481 2758
car -1 -1 nan 54957.000000 nan nan nan 1.282832 1.119297 3.751027 24.033956 -1.962813 -1.010090 0.000000 0.940594 2755
car -1 -1 nan 54961.000000 nan nan nan 1.505769 1.622408 3.341894 18.005924 -2.533585 -0.909718 0.000000 0.909370 2743
car -1 -1 nan 54951.000000 nan nan nan 1.293021 1.806427 3.564357 8.627672 -2.721032 -1.034014 0.000000 0.943819 2744
car -1 -1 nan 54964.000000 nan nan nan 0.923674 1.477212 3.694334 -1.826426 -2.717351 -1.140134 0.000000 0.937029 2738
car -1 -1 nan 54958.000000 nan nan nan 1.309012 1.873110 4.125734 -6.184343 -3.082413 -1.160604 0.000000 0.945441 2728
car -1 -1 nan 54963.000000 nan nan nan 1.593250 1.958177 4.012719 -17.163277 -3.798751 -1.175308 0.000000 0.923844 2721
car -1 -1 nan 54954.000000 nan nan nan 1.220186 0.441352 2.032269 -22.670184 -3.698503 -1.282560 0.000000 0.748428 2679
car -1 -1 nan 54952.000000 nan nan nan 0.761084 1.540379 1.583023 -49.326494 -6.134208 -1.803132 0.000000 0.779495 2649
person -1 -1 nan 54955.000000 nan nan nan 1.103750 0.315836 0.582035 6.939189 23.491606 -0.400207 0.000000 0.853012 583
person -1 -1 nan 54959.000000 nan nan nan 1.051078 0.451001 0.234855 -37.383911 -8.754378 0.696370 0.000000 0.846012 582
