other-vehicle -1 -1 nan 54607.000000 nan nan nan 1.305984 2.164530 0.205086 -39.714888 -22.059918 1.112209 0.000000 0.878805 2767
car -1 -1 nan 54620.000000 nan nan nan 0.965669 1.580175 0.616883 47.009648 -3.552480 -0.436568 0.000000 0.823144 2761
car -1 -1 nan 54613.000000 nan nan nan 0.680915 1.582732 0.746858 44.109550 1.475803 -0.473428 0.000000 0.779435 2758
car -1 -1 nan 54608.000000 nan nan nan 1.160100 0.710741 3.416023 28.215806 -3.480266 -0.704715 0.000000 0.904566 2755
other-vehicle -1 -1 nan 54597.000000 nan nan nan 0.569159 0.611865 0.637306 18.239332 -6.254142 -0.598501 0.000000 0.780166 2751
car -1 -1 nan 54614.000000 nan nan nan 1.447093 1.862079 3.572274 22.131270 -3.827946 -0.680334 0.000000 0.937243 2743
car -1 -1 nan 54603.000000 nan nan nan 1.261505 1.656071 3.495220 12.717318 -3.472048 -0.895704 0.000000 0.950868 2744
car -1 -1 nan 54618.000000 nan nan nan 1.019882 2.013246 3.496043 2.213202 -2.871853 -1.113507 0.000000 0.928958 2738
car -1 -1 nan 54609.000000 nan nan nan 1.177410 1.805890 3.907649 -2.211943 -2.815370 -1.054454 0.000000 0.979192 2728
car -1 -1 nan 54617.000000 nan nan nan 1.576828 1.803614 4.015519 -13.005038 -2.919119 -1.230287 0.000000 0.911575 2721
car -1 -1 nan 54606.000000 nan nan nan 1.331216 0.724493 2.453415 -18.257300 -2.639760 -1.436989 0.000000 0.910572 2679
car -1 -1 nan 54616.000000 nan nan nan 0.656301 1.656597 1.883022 -44.871641 -3.257983 -2.250249 0.000000 0.829881 2649
person -1 -1 nan 54600.000000 nan nan nan 0.180063 0.491044 0.733295 -48.504219 -5.826032 -1.114368 0.000000 0.492927 578
