car -1 -1 nan 54634.000000 nan nan nan 1.447744 0.563310 3.178041 -27.471918 -6.322250 -0.211193 0.000000 0.791264 2768
other-vehicle -1 -1 nan 54643.000000 nan nan nan 1.107303 1.154389 0.276106 -21.520746 -11.680132 -0.381709 0.000000 0.643804 2769
other-vehicle -1 -1 nan 54632.000000 nan nan nan 1.477549 2.536827 0.218911 -39.966199 -22.032724 1.006890 0.000000 0.878577 2767
car -1 -1 nan 54631.000000 nan nan nan 1.045810 1.593371 0.863637 46.740232 -3.369465 -0.422147 0.000000 0.848977 2761
car -1 -1 nan 54638.000000 nan nan nan 0.706307 1.589932 0.796322 43.794757 1.625923 -0.489451 0.000000 0.770178 2758
car -1 -1 nan 54637.000000 nan nan nan 1.195647 0.505394 3.679847 27.903168 -3.351037 -0.742882 0.000000 0.928030 2755
car -1 -1 nan 54628.000000 nan nan nan 1.466069 1.506316 3.250357 21.779359 -3.702626 -0.690815 0.000000 0.944947 2743
car -1 -1 nan 54635.000000 nan nan nan 1.245343 1.631549 3.626177 12.296294 -3.423894 -0.900258 0.000000 0.948179 2744
car -1 -1 nan 54633.000000 nan nan nan 0.976641 1.640730 3.534230 1.891234 -2.820005 -1.109340 0.000000 0.941787 2738
car -1 -1 nan 54641.000000 nan nan nan 1.212035 1.794580 3.927771 -2.560590 -2.837679 -1.098828 0.000000 0.959012 2728
car -1 -1 nan 54630.000000 nan nan nan 1.609580 1.892424 4.203817 -13.264057 -2.990923 -1.250819 0.000000 0.930210 2721
car -1 -1 nan 54640.000000 nan nan nan 1.284704 0.740185 2.556389 -18.608853 -2.711657 -1.427492 0.000000 0.891327 2679
car -1 -1 nan 54639.000000 nan nan nan 0.633786 1.777806 1.889931 -45.365708 -3.328060 -2.231667 0.000000 0.801350 2649
person -1 -1 nan 54600.000000 nan nan nan 0.180063 0.491044 0.733295 -48.930873 -5.850888 -1.163768 0.000000 0.492927 578
