car -1 -1 nan 55586.000000 nan nan nan 1.079643 0.987921 0.999801 38.971427 2.673656 -0.634300 0.000000 0.680686 2798
car -1 -1 nan 55577.000000 nan nan nan 0.961095 0.392318 3.011805 36.326258 -1.463538 -0.761142 0.000000 0.757407 2795
car -1 -1 nan 55581.000000 nan nan nan 1.223793 1.704072 3.570246 31.786914 -2.270205 -0.835860 0.000000 0.897948 2761
car -1 -1 nan 55575.000000 nan nan nan 1.209145 1.672326 3.010970 28.524151 2.521458 -0.777555 0.000000 0.923023 2758
car -1 -1 nan 55580.000000 nan nan nan 1.340831 1.712275 4.217279 11.772822 -3.108997 -0.988457 0.000000 0.941940 2755
car -1 -1 nan 55572.000000 nan nan nan 1.556352 1.756036 3.460053 5.616366 -3.147776 -0.924077 0.000000 0.938284 2743
car -1 -1 nan 55578.000000 nan nan nan 1.329720 1.772042 3.666564 -3.475306 -2.937181 -1.144488 0.000000 0.929208 2744
car -1 -1 nan 55576.000000 nan nan nan 1.043500 1.625170 3.499088 -13.925148 -2.555523 -1.383322 0.000000 0.921751 2738
car -1 -1 nan 55583.000000 nan nan nan 1.281856 1.640338 3.174672 -18.800212 -2.610016 -1.332512 0.000000 0.945942 2728
car -1 -1 nan 55574.000000 nan nan nan 1.437299 1.650655 3.714518 -29.330617 -2.860176 -1.297614 0.000000 0.967425 2721
person -1 -1 nan 55579.000000 nan nan nan 0.610243 0.461395 0.306465 0.611335 -7.835503 -0.508334 0.000000 0.863560 584
