car -1 -1 nan 55019.000000 nan nan nan 1.156910 1.673102 1.045484 42.297902 -0.717619 -0.955009 0.000000 0.864398 2761
car -1 -1 nan 55015.000000 nan nan nan 1.055142 1.561016 1.045784 39.517980 4.045522 -1.005614 0.000000 0.782970 2758
car -1 -1 nan 55011.000000 nan nan nan 1.303369 1.231251 3.693113 23.384426 -1.973719 -1.049544 0.000000 0.950502 2755
car -1 -1 nan 55016.000000 nan nan nan 1.491572 1.664673 3.439623 17.193048 -2.580965 -0.940459 0.000000 0.956441 2743
car -1 -1 nan 55006.000000 nan nan nan 1.298120 1.724303 3.385573 7.863035 -2.767192 -1.042784 0.000000 0.913449 2744
car -1 -1 nan 55018.000000 nan nan nan 1.064850 1.484632 3.904305 -2.570780 -2.731043 -1.217331 0.000000 0.952790 2738
car -1 -1 nan 55012.000000 nan nan nan 1.301217 1.852769 3.845121 -6.974031 -3.077585 -1.173633 0.000000 0.949239 2728
car -1 -1 nan 55017.000000 nan nan nan 1.546310 2.105661 3.974365 -17.880378 -3.833093 -1.152595 0.000000 0.911074 2721
car -1 -1 nan 55010.000000 nan nan nan 1.269104 0.451226 1.920316 -23.385418 -3.670019 -1.290182 0.000000 0.758867 2679
car -1 -1 nan 55007.000000 nan nan nan 0.532750 1.568872 0.576750 -49.585432 -6.099211 -1.867461 0.000000 0.784620 2649
person -1 -1 nan 55013.000000 nan nan nan 0.979603 0.278502 0.471357 6.248461 23.485358 -0.486831 0.000000 0.751406 583
person -1 -1 nan 54997.000000 nan nan nan 1.019932 0.459050 0.424261 -38.079951 -8.769971 0.537918 0.000000 0.868794 582
