car -1 -1 nan 54753.000000 nan nan nan 0.989141 2.303108 3.287836 -21.090749 -8.677097 -0.037669 0.000000 0.786117 2773
car -1 -1 nan 54727.000000 nan nan nan 0.944489 1.655341 1.686833 43.795230 4.159479 0.603221 0.000000 0.725183 2772
car -1 -1 nan 54754.000000 nan nan nan 0.546740 0.575327 1.722223 -13.875181 -6.627239 -0.210265 0.000000 0.680234 2771
car -1 -1 nan 54723.000000 nan nan nan 1.333928 1.022217 2.956149 -29.281765 -6.672068 -0.418941 0.000000 0.851062 2768
other-vehicle -1 -1 nan 54743.000000 nan nan nan 1.347632 2.929366 0.300059 -41.015167 -22.609870 1.128093 0.000000 0.878879 2767
car -1 -1 nan 54756.000000 nan nan nan 1.031765 1.629920 1.756625 45.757916 -2.032860 -0.378038 0.000000 0.912323 2761
car -1 -1 nan 54747.000000 nan nan nan 0.650148 1.520849 0.504649 42.057625 2.806250 -0.641507 0.000000 0.668446 2758
car -1 -1 nan 54742.000000 nan nan nan 1.276531 0.989015 3.756724 26.384445 -2.706670 -0.786326 0.000000 0.940448 2755
car -1 -1 nan 54749.000000 nan nan nan 1.422483 1.890500 3.214311 20.405665 -3.203370 -0.786695 0.000000 0.951098 2743
car -1 -1 nan 54746.000000 nan nan nan 1.284974 1.696994 3.418334 10.892493 -3.048795 -0.929575 0.000000 0.928656 2744
car -1 -1 nan 54737.000000 nan nan nan 0.769328 1.815309 3.583310 0.554548 -2.885576 -0.982817 0.000000 0.916416 2738
car -1 -1 nan 54752.000000 nan nan nan 1.337096 1.795198 3.925962 -3.890711 -2.891001 -1.175841 0.000000 0.951830 2728
car -1 -1 nan 54745.000000 nan nan nan 1.501352 1.842930 4.272483 -14.835283 -3.288417 -1.190758 0.000000 0.911465 2721
car -1 -1 nan 54750.000000 nan nan nan 1.269373 0.533419 2.295297 -20.358658 -3.080091 -1.431021 0.000000 0.894405 2679
car -1 -1 nan 54738.000000 nan nan nan 1.191916 2.277657 2.513812 -47.294199 -4.615545 -2.136828 0.000000 0.844039 2649
person -1 -1 nan 54740.000000 nan nan nan 1.239231 0.431636 0.582996 10.143118 23.134465 -0.050451 0.000000 0.928990 583
person -1 -1 nan 54744.000000 nan nan nan 1.216857 0.781023 0.477689 -35.219082 -7.791530 0.130971 0.000000 0.892937 582
