other-vehicle -1 -1 nan 57908.000000 nan nan nan 0.666703 0.965459 1.618170 7.051695 24.777840 -1.418875 0.000000 0.903736 2853
car -1 -1 nan 57934.000000 nan nan nan 0.607749 0.807277 1.164049 1.393714 19.537896 -1.435764 0.000000 0.750760 2854
truck -1 -1 nan 57920.000000 nan nan nan 1.013289 2.850760 2.758524 -46.872681 11.412767 1.279326 0.000000 0.829218 2852
other-vehicle -1 -1 nan 57941.000000 nan nan nan 2.231769 2.260395 3.504629 6.834500 37.830442 -0.997750 0.000000 0.744764 2847
other-vehicle -1 -1 nan 57921.000000 nan nan nan 1.968868 1.448555 3.567657 27.110367 -1.132719 -0.007339 0.000000 0.380762 2849
car -1 -1 nan 57919.000000 nan nan nan 1.352481 2.268788 2.648293 -1.456789 19.781512 -1.057306 0.000000 0.814193 2843
car -1 -1 nan 57933.000000 nan nan nan 1.364151 1.851032 4.443056 -6.737101 -2.824524 -1.125266 0.000000 0.939034 2821
truck -1 -1 nan 57903.000000 nan nan nan 2.077757 2.170823 3.884459 20.624886 -1.662447 -0.398786 0.000000 0.810825 2817
car -1 -1 nan 57914.000000 nan nan nan 1.526197 1.800723 4.008910 10.592354 2.445058 -0.826536 0.000000 0.950442 2808
car -1 -1 nan 57929.000000 nan nan nan 1.318797 1.895010 4.285396 -5.029050 2.538911 -1.100024 0.000000 0.900099 2806
car -1 -1 nan 57927.000000 nan nan nan 1.597432 1.796908 4.127242 -12.396864 -2.216159 -1.094946 0.000000 0.946837 2801
car -1 -1 nan 57907.000000 nan nan nan 1.330982 1.920571 4.534384 -14.316198 2.517549 -1.193681 0.000000 0.913229 2798
car -1 -1 nan 57925.000000 nan nan nan 1.147557 0.322111 2.102889 -18.698964 -1.707441 -1.298348 0.000000 0.851195 2795
car -1 -1 nan 57928.000000 nan nan nan 1.386690 1.231058 3.597501 -22.889726 -2.252267 -1.271668 0.000000 0.912254 2761
car -1 -1 nan 57913.000000 nan nan nan 1.101261 1.673311 3.413426 -25.730005 2.333750 -1.340092 0.000000 0.957282 2758
car -1 -1 nan 57916.000000 nan nan nan 1.009721 0.949475 2.052962 -41.804863 -2.522416 -1.687529 0.000000 0.612362 2755
person -1 -1 nan 57926.000000 nan nan nan 1.248354 1.265678 1.323590 7.087418 32.282127 -1.153266 0.000000 0.927745 609
person -1 -1 nan 57885.000000 nan nan nan 1.021770 0.294012 0.494689 14.548715 -2.299103 -0.655748 0.000000 0.454595 590
person -1 -1 nan 57931.000000 nan nan nan 1.489723 1.242578 0.725191 7.893109 -2.850099 -0.724001 0.000000 0.913257 604
person -1 -1 nan 57923.000000 nan nan nan 1.347914 0.559553 0.530194 5.777173 -3.101695 -0.830366 0.000000 0.940192 593
person -1 -1 nan 57896.000000 nan nan nan 1.109290 0.416606 0.637937 7.955956 -2.174305 -0.709224 0.000000 0.744079 589
bicycle -1 -1 nan 57910.000000 nan nan nan 0.691260 0.429390 0.751364 6.394216 -9.332014 -0.872933 0.000000 0.200696 781
motorcycle -1 -1 nan 57918.000000 nan nan nan 0.970446 0.806857 1.980283 -1.075248 2.870979 -0.949954 0.000000 0.927641 779
