car -1 -1 nan 57292.000000 nan nan nan 0.440340 0.620187 0.411718 -44.876590 -7.061843 -1.763368 0.000000 0.802841 2828
car -1 -1 nan 57288.000000 nan nan nan 1.220613 1.822107 4.244843 1.605148 -2.691818 -0.913288 0.000000 0.940675 2821
truck -1 -1 nan 57289.000000 nan nan nan 1.964713 3.210531 2.849582 28.873443 -0.752319 -0.139771 0.000000 0.755126 2817
car -1 -1 nan 57291.000000 nan nan nan 1.530650 1.711602 3.493136 18.743809 3.253472 -0.586344 0.000000 0.942770 2808
car -1 -1 nan 57284.000000 nan nan nan 1.358631 1.673093 4.250937 2.785098 2.537180 -0.923150 0.000000 0.944283 2806
car -1 -1 nan 57274.000000 nan nan nan 1.586295 1.621170 4.261023 -3.993527 -2.286264 -0.962446 0.000000 0.927657 2801
car -1 -1 nan 57290.000000 nan nan nan 1.435219 1.955778 5.124182 -6.114199 2.222279 -1.128772 0.000000 0.949357 2798
car -1 -1 nan 57294.000000 nan nan nan 1.346273 1.450472 3.839489 -9.655167 -2.651675 -1.181887 0.000000 0.958614 2795
car -1 -1 nan 57286.000000 nan nan nan 1.424596 1.538384 3.949820 -14.371256 -3.047818 -1.191696 0.000000 0.963788 2761
car -1 -1 nan 57279.000000 nan nan nan 1.237636 1.825365 3.916659 -17.498987 1.651915 -1.311271 0.000000 0.937141 2758
car -1 -1 nan 57278.000000 nan nan nan 1.232476 1.612789 3.776712 -34.214996 -4.362119 -1.744967 0.000000 0.931367 2755
car -1 -1 nan 57285.000000 nan nan nan 1.039000 0.506182 1.490774 -39.869740 -3.777212 -1.624237 0.000000 0.807579 2743
person -1 -1 nan 57297.000000 nan nan nan 1.545745 0.957103 0.620448 14.246207 -2.587438 -0.621734 0.000000 0.915629 604
person -1 -1 nan 57282.000000 nan nan nan 1.402459 0.526211 0.606143 12.475825 -3.002595 -0.722988 0.000000 0.884453 593
person -1 -1 nan 57280.000000 nan nan nan 1.177218 0.356703 0.663961 23.112921 -1.250170 -0.599320 0.000000 0.872763 590
person -1 -1 nan 57293.000000 nan nan nan 1.299111 0.352502 0.492700 16.714086 -1.473574 -0.701418 0.000000 0.212156 589
motorcycle -1 -1 nan 57295.000000 nan nan nan 1.250283 0.829090 2.365723 7.333395 3.156076 -1.043572 0.000000 0.736132 779
