car -1 -1 nan 55732.000000 nan nan nan 0.902138 0.679665 0.769707 35.505510 -1.606809 -0.909984 0.000000 0.669339 2801
car -1 -1 nan 55736.000000 nan nan nan 1.122159 1.258833 1.507784 33.871365 2.382929 -0.580297 0.000000 0.703702 2798
car -1 -1 nan 55726.000000 nan nan nan 1.158309 0.750636 3.283869 31.270208 -1.959508 -0.793490 0.000000 0.927103 2795
car -1 -1 nan 55730.000000 nan nan nan 1.281401 1.680811 3.836089 26.506614 -2.578927 -0.777725 0.000000 0.918340 2761
car -1 -1 nan 55721.000000 nan nan nan 1.264218 1.785060 3.423139 23.427323 2.264863 -0.755447 0.000000 0.906692 2758
car -1 -1 nan 55727.000000 nan nan nan 1.384113 2.072743 4.168534 6.593870 -3.343916 -1.002029 0.000000 0.935513 2755
car -1 -1 nan 55717.000000 nan nan nan 1.497862 1.990134 3.403980 0.521428 -3.031971 -0.752070 0.000000 0.939963 2743
car -1 -1 nan 55725.000000 nan nan nan 1.297570 1.796505 3.585840 -8.634413 -2.955604 -1.179697 0.000000 0.916114 2744
car -1 -1 nan 55729.000000 nan nan nan 0.992221 1.711139 3.535422 -19.074225 -2.494055 -1.464831 0.000000 0.942126 2738
car -1 -1 nan 55720.000000 nan nan nan 1.271887 1.544432 3.017774 -24.031449 -2.448336 -1.428258 0.000000 0.915054 2728
car -1 -1 nan 55724.000000 nan nan nan 1.332966 1.338653 3.887992 -34.178583 -2.550010 -1.400417 0.000000 0.928292 2721
