other-vehicle -1 -1 nan 56765.000000 nan nan nan 1.191760 2.461626 1.457599 28.726991 -9.471884 0.655117 0.000000 0.893754 2824
car -1 -1 nan 56761.000000 nan nan nan 1.254118 1.531306 3.912563 10.971871 -3.059932 -0.724888 0.000000 0.920816 2821
truck -1 -1 nan 56788.000000 nan nan nan 1.785992 1.935795 1.190148 37.742860 -2.048503 0.315587 0.000000 0.901101 2817
car -1 -1 nan 56764.000000 nan nan nan 0.413605 0.487807 0.445188 -18.649172 -6.714359 -1.395681 0.000000 0.496407 2815
car -1 -1 nan 56767.000000 nan nan nan 1.540178 1.725957 1.049495 27.282257 2.224867 -0.183444 0.000000 0.845895 2808
car -1 -1 nan 56781.000000 nan nan nan 1.460236 1.748497 4.143619 12.367418 2.169255 -0.629745 0.000000 0.886303 2806
car -1 -1 nan 56777.000000 nan nan nan 1.668146 1.942575 3.923091 5.025788 -2.507387 -0.770755 0.000000 0.928326 2801
car -1 -1 nan 56789.000000 nan nan nan 1.408627 1.794035 4.425051 3.268945 2.177754 -0.850367 0.000000 0.889551 2798
car -1 -1 nan 56780.000000 nan nan nan 1.149201 1.528126 4.414476 -0.051663 -2.777357 -0.760832 0.000000 0.931149 2795
car -1 -1 nan 56775.000000 nan nan nan 1.416460 1.751120 4.233552 -4.744163 -2.780320 -1.151826 0.000000 0.962506 2761
car -1 -1 nan 56768.000000 nan nan nan 1.351427 1.947961 3.710291 -7.573901 2.149155 -1.258065 0.000000 0.938740 2758
car -1 -1 nan 56774.000000 nan nan nan 1.203979 1.797926 3.662565 -24.641037 -3.122411 -1.818348 0.000000 0.941543 2755
car -1 -1 nan 56771.000000 nan nan nan 1.492977 1.350579 2.943726 -31.134696 -2.680183 -1.942279 0.000000 0.908161 2743
car -1 -1 nan 56762.000000 nan nan nan 0.823424 0.679337 1.044314 -39.196929 -2.058525 -2.467395 0.000000 0.629288 2744
person -1 -1 nan 56770.000000 nan nan nan 0.657663 0.368911 0.302293 21.287637 -5.038019 -0.081716 0.000000 0.762285 593
person -1 -1 nan 56773.000000 nan nan nan 1.066110 0.393948 0.381595 32.898179 -2.548705 -0.236438 0.000000 0.901287 590
person -1 -1 nan 56778.000000 nan nan nan 1.296296 0.431532 0.598477 26.228439 -2.525657 -0.364660 0.000000 0.925880 589
