car -1 -1 nan 56550.000000 nan nan nan 0.240136 0.907183 0.493241 -44.121666 -1.245357 -2.638577 0.000000 0.576324 2822
car -1 -1 nan 56545.000000 nan nan nan 1.168281 0.600951 2.486058 16.458966 -2.636293 -0.698412 0.000000 0.864728 2821
truck -1 -1 nan 56561.000000 nan nan nan 1.816557 3.396410 2.653610 43.414057 -2.986293 0.295374 0.000000 0.844006 2817
car -1 -1 nan 56544.000000 nan nan nan 1.284843 0.928146 1.238218 -14.814456 -7.203783 -1.275475 0.000000 0.808454 2815
car -1 -1 nan 56547.000000 nan nan nan 1.444875 1.644482 1.049195 32.358335 1.940938 -0.228260 0.000000 0.889742 2808
car -1 -1 nan 56556.000000 nan nan nan 1.377361 1.650432 4.265006 17.217872 1.987726 -0.591681 0.000000 0.923971 2806
car -1 -1 nan 56543.000000 nan nan nan 0.602533 0.657969 1.087917 -8.540702 5.767248 -0.886257 0.000000 0.806023 2804
car -1 -1 nan 56554.000000 nan nan nan 1.603386 1.641943 3.854135 9.824170 -2.469945 -0.726855 0.000000 0.911537 2801
car -1 -1 nan 56548.000000 nan nan nan 1.437449 1.849337 4.467663 8.058866 2.132719 -0.812002 0.000000 0.936375 2798
car -1 -1 nan 56557.000000 nan nan nan 1.348571 1.645381 4.433493 4.420808 -2.620519 -0.961107 0.000000 0.977417 2795
car -1 -1 nan 56537.000000 nan nan nan 1.212919 1.448810 4.010021 -0.084565 -2.728756 -0.675489 0.000000 0.957081 2761
car -1 -1 nan 56552.000000 nan nan nan 0.874448 1.929890 3.711783 -2.923456 2.322958 -0.832849 0.000000 0.926221 2758
car -1 -1 nan 56553.000000 nan nan nan 1.296398 1.774945 4.017590 -19.890924 -2.928868 -1.616936 0.000000 0.918206 2755
car -1 -1 nan 56540.000000 nan nan nan 1.424048 1.517409 3.774858 -25.874941 -2.532203 -1.687297 0.000000 0.920542 2743
car -1 -1 nan 56546.000000 nan nan nan 1.134305 0.813453 3.285462 -35.635593 -1.726233 -2.005790 0.000000 0.839791 2744
person -1 -1 nan 56549.000000 nan nan nan 0.377654 0.216914 0.270528 26.915843 -5.209537 0.087907 0.000000 0.777524 593
person -1 -1 nan 56559.000000 nan nan nan 1.016505 0.339212 0.403455 37.718881 -2.822468 -0.164114 0.000000 0.891324 590
person -1 -1 nan 56558.000000 nan nan nan 1.193589 0.387220 0.471461 31.198515 -2.757907 -0.335826 0.000000 0.955526 589
