car -1 -1 nan 57209.000000 nan nan nan 0.464936 0.667842 1.169112 -48.383528 -4.216180 -1.616238 0.000000 0.689744 2829
car -1 -1 nan 57227.000000 nan nan nan 0.421942 0.613087 0.584323 -43.781095 -7.276762 -1.738612 0.000000 0.844179 2828
car -1 -1 nan 57223.000000 nan nan nan 1.343431 1.885979 4.287992 2.624006 -2.702214 -0.947651 0.000000 0.891520 2821
truck -1 -1 nan 57215.000000 nan nan nan 1.882404 1.867465 2.725849 29.464136 -0.209183 -0.072022 0.000000 0.874248 2817
car -1 -1 nan 57219.000000 nan nan nan 1.518121 1.747372 3.426259 19.762137 3.361831 -0.582654 0.000000 0.925573 2808
car -1 -1 nan 57217.000000 nan nan nan 1.396276 1.921080 4.267955 3.740402 2.598086 -0.906023 0.000000 0.932237 2806
car -1 -1 nan 57218.000000 nan nan nan 1.260805 1.691510 4.193736 -2.996383 -2.334712 -0.805564 0.000000 0.921980 2801
car -1 -1 nan 57225.000000 nan nan nan 1.429647 2.060904 4.575149 -4.993765 2.233613 -1.096501 0.000000 0.925563 2798
car -1 -1 nan 57228.000000 nan nan nan 1.336793 1.477828 4.160288 -8.570838 -2.731745 -1.164939 0.000000 0.956335 2795
car -1 -1 nan 57224.000000 nan nan nan 1.449489 1.628406 3.932357 -13.334707 -3.139686 -1.174519 0.000000 0.945625 2761
car -1 -1 nan 57207.000000 nan nan nan 1.275099 1.904157 4.006018 -16.504177 1.623870 -1.282920 0.000000 0.936645 2758
car -1 -1 nan 57211.000000 nan nan nan 1.222514 2.219582 3.796038 -33.091428 -4.693475 -1.691328 0.000000 0.908060 2755
car -1 -1 nan 57240.000000 nan nan nan 0.837442 0.491293 1.200143 -38.885204 -3.964906 -1.674402 0.000000 0.645870 2743
person -1 -1 nan 57236.000000 nan nan nan 1.454062 0.797369 0.671434 15.098562 -2.486533 -0.662316 0.000000 0.953576 604
person -1 -1 nan 57210.000000 nan nan nan 1.374957 0.373244 0.507137 13.386458 -2.980244 -0.668196 0.000000 0.940125 593
person -1 -1 nan 57226.000000 nan nan nan 1.192603 0.310876 0.564315 24.150936 -1.110938 -0.595508 0.000000 0.744979 590
person -1 -1 nan 57196.000000 nan nan nan 1.104798 0.321536 0.746073 17.743013 -1.310626 -0.726301 0.000000 0.472745 589
motorcycle -1 -1 nan 57230.000000 nan nan nan 1.289785 0.889501 2.552870 8.384841 3.218733 -0.996342 0.000000 0.826352 779
