other-vehicle -1 -1 nan 57718.000000 nan nan nan 1.905475 2.166144 2.055676 8.851498 37.725571 -0.649397 0.000000 0.804707 2847
car -1 -1 nan 57747.000000 nan nan nan 1.976472 0.781257 3.599863 29.239449 -1.051870 0.056929 0.000000 0.496471 2849
car -1 -1 nan 57750.000000 nan nan nan 1.429525 2.581619 4.181851 2.111136 19.460483 -1.024401 0.000000 0.896714 2843
car -1 -1 nan 57745.000000 nan nan nan 1.265357 1.837090 4.435252 -4.633324 -2.772999 -1.052921 0.000000 0.950558 2821
truck -1 -1 nan 57748.000000 nan nan nan 2.034915 1.937537 1.263218 21.980189 -1.785495 -0.319202 0.000000 0.733976 2817
car -1 -1 nan 57737.000000 nan nan nan 1.511349 1.759272 3.950848 12.678501 2.386460 -0.798476 0.000000 0.951654 2808
car -1 -1 nan 57738.000000 nan nan nan 1.132596 1.723270 4.476744 -3.024821 2.506500 -0.975028 0.000000 0.974665 2806
car -1 -1 nan 57739.000000 nan nan nan 1.599543 1.717468 4.191793 -10.271423 -2.072638 -1.034436 0.000000 0.958358 2801
car -1 -1 nan 57715.000000 nan nan nan 1.348098 1.853097 4.812976 -12.265868 2.569673 -1.171988 0.000000 0.933745 2798
car -1 -1 nan 57736.000000 nan nan nan 1.218183 0.480158 2.344227 -16.541339 -1.623396 -1.262292 0.000000 0.827514 2795
car -1 -1 nan 57741.000000 nan nan nan 1.355075 1.297738 3.713071 -20.562264 -2.109228 -1.229640 0.000000 0.912542 2761
car -1 -1 nan 57727.000000 nan nan nan 1.187226 1.827675 3.417948 -23.589583 2.676713 -1.339656 0.000000 0.927053 2758
car -1 -1 nan 57732.000000 nan nan nan 0.587038 1.140057 1.482807 -39.877970 -2.184435 -1.833535 0.000000 0.735545 2755
car -1 -1 nan 57708.000000 nan nan nan 0.527345 0.274888 0.469420 -46.081746 -1.519057 -1.791179 0.000000 0.751655 2743
person -1 -1 nan 57720.000000 nan nan nan 1.184055 0.321866 0.657392 16.767372 -2.384568 -0.759060 0.000000 0.684042 590
person -1 -1 nan 57751.000000 nan nan nan 1.558820 0.712544 0.569397 9.370929 -3.118962 -0.701452 0.000000 0.917799 604
person -1 -1 nan 57743.000000 nan nan nan 1.400116 0.612276 0.562354 7.266200 -3.214004 -0.861781 0.000000 0.956391 593
person -1 -1 nan 57734.000000 nan nan nan 1.140543 0.361972 0.668482 10.227716 -2.247851 -1.054104 0.000000 0.745623 589
motorcycle -1 -1 nan 57729.000000 nan nan nan 1.076412 0.590370 1.651289 8.723887 -9.400739 -0.813604 0.000000 0.394262 781
motorcycle -1 -1 nan 57724.000000 nan nan nan 1.159482 0.860969 2.399249 1.271196 2.828122 -1.064132 0.000000 0.876345 779
