other-vehicle -1 -1 nan 57408.000000 nan nan nan 0.617747 1.433293 0.795818 -14.221366 -10.353216 -0.920372 0.000000 0.742616 2835
car -1 -1 nan 57448.000000 nan nan nan 1.119551 1.620510 4.509909 -0.729208 -2.812252 -0.850223 0.000000 0.961996 2821
truck -1 -1 nan 57441.000000 nan nan nan 2.082965 1.919473 3.056226 26.588682 -0.918958 -0.233301 0.000000 0.722401 2817
car -1 -1 nan 57439.000000 nan nan nan 1.444241 1.666027 3.389858 16.438660 2.859783 -0.710811 0.000000 0.918901 2808
car -1 -1 nan 57432.000000 nan nan nan 1.002267 1.343501 4.243130 0.708357 2.658107 -0.782390 0.000000 0.948388 2806
car -1 -1 nan 57442.000000 nan nan nan 1.622103 1.652050 4.251197 -6.269536 -2.230662 -1.009653 0.000000 0.938896 2801
car -1 -1 nan 57454.000000 nan nan nan 1.403401 1.828176 4.459286 -8.206339 2.329896 -1.082111 0.000000 0.938697 2798
car -1 -1 nan 57449.000000 nan nan nan 1.283917 1.081585 3.367897 -12.232225 -2.302081 -1.182585 0.000000 0.950745 2795
car -1 -1 nan 57444.000000 nan nan nan 1.384591 1.519997 3.714120 -16.797871 -2.748757 -1.209409 0.000000 0.947959 2761
car -1 -1 nan 57436.000000 nan nan nan 1.303472 1.929203 3.905023 -19.826917 2.049316 -1.353633 0.000000 0.919336 2758
car -1 -1 nan 57438.000000 nan nan nan 1.267557 1.390593 2.330287 -36.052047 -3.571363 -1.640408 0.000000 0.898200 2755
car -1 -1 nan 57447.000000 nan nan nan 1.184499 1.080143 1.548584 -42.837382 -3.400213 -1.546495 0.000000 0.800221 2743
person -1 -1 nan 57453.000000 nan nan nan 1.531348 0.715067 0.603786 12.387016 -2.694711 -0.679309 0.000000 0.915124 604
person -1 -1 nan 57445.000000 nan nan nan 1.321834 0.618190 0.457869 10.318149 -3.118022 -0.758481 0.000000 0.935672 593
person -1 -1 nan 57375.000000 nan nan nan 1.233778 0.385960 0.697778 20.611432 -1.642121 -0.766250 0.000000 0.839004 590
person -1 -1 nan 57456.000000 nan nan nan 0.353108 0.316024 0.348059 14.245328 -1.829301 -1.048112 0.000000 0.269655 589
motorcycle -1 -1 nan 57450.000000 nan nan nan 1.366289 0.781405 2.517989 5.038107 2.923866 -1.121059 0.000000 0.855774 779
