car -1 -1 nan 55797.000000 nan nan nan 1.159184 0.708804 1.527091 33.394226 -1.676561 -0.683018 0.000000 0.694504 2801
car -1 -1 nan 55787.000000 nan nan nan 1.200136 1.637680 2.062743 31.505402 2.537672 -0.645620 0.000000 0.781914 2798
car -1 -1 nan 55792.000000 nan nan nan 1.049972 0.256775 3.498183 28.914503 -1.879459 -0.914538 0.000000 0.893722 2795
car -1 -1 nan 55780.000000 nan nan nan 1.336483 1.736394 3.718243 24.137348 -2.602201 -0.795363 0.000000 0.941136 2761
car -1 -1 nan 55790.000000 nan nan nan 1.231418 1.872572 3.482141 21.063713 2.285238 -0.825348 0.000000 0.912437 2758
car -1 -1 nan 55788.000000 nan nan nan 1.374708 1.789176 4.217868 4.191302 -3.243073 -1.027425 0.000000 0.936464 2755
car -1 -1 nan 55782.000000 nan nan nan 1.544577 1.794418 3.442631 -1.819492 -3.208600 -0.876662 0.000000 0.954457 2743
car -1 -1 nan 55786.000000 nan nan nan 1.251198 1.754581 3.612779 -11.103117 -2.978916 -1.169455 0.000000 0.920076 2744
car -1 -1 nan 55784.000000 nan nan nan 0.987143 1.823898 3.476855 -21.300345 -2.536203 -1.488617 0.000000 0.914441 2738
car -1 -1 nan 55789.000000 nan nan nan 1.143748 1.454808 3.300536 -26.435779 -2.429935 -1.413206 0.000000 0.896228 2728
car -1 -1 nan 55781.000000 nan nan nan 1.149938 1.364035 1.831206 -36.092513 -2.514462 -1.336795 0.000000 0.784003 2721
bicycle -1 -1 nan 55749.000000 nan nan nan 1.108387 0.828217 1.010631 -6.278018 -5.457977 -1.132128 0.000000 0.706892 776
