car -1 -1 nan 58323.000000 nan nan nan 1.255305 1.771399 2.276820 -4.213356 20.027493 -1.439023 0.000000 0.870714 2854
other-vehicle -1 -1 nan 58313.000000 nan nan nan 0.725360 1.936767 0.709313 0.353973 37.800715 -1.617274 0.000000 0.690565 2847
other-vehicle -1 -1 nan 58306.000000 nan nan nan 1.980838 0.537823 4.487087 22.413314 -0.508066 -0.016778 0.000000 0.544446 2849
car -1 -1 nan 58330.000000 nan nan nan 0.808337 0.263144 0.393563 -7.568588 19.476988 -1.210343 0.000000 0.562192 2843
car -1 -1 nan 58318.000000 nan nan nan 1.374652 1.864261 4.076191 -11.380423 -2.929263 -1.211622 0.000000 0.957183 2821
truck -1 -1 nan 58317.000000 nan nan nan 2.005669 1.947633 3.855403 15.413505 -1.343894 -0.323772 0.000000 0.788492 2817
car -1 -1 nan 58298.000000 nan nan nan 1.579480 1.839137 4.150661 5.718667 2.475839 -0.856598 0.000000 0.938938 2808
car -1 -1 nan 58307.000000 nan nan nan 1.351058 1.929202 4.234226 -9.770186 2.553701 -1.179805 0.000000 0.928427 2806
car -1 -1 nan 58319.000000 nan nan nan 1.565757 1.703624 4.010072 -17.230156 -2.324984 -1.218275 0.000000 0.911382 2801
car -1 -1 nan 58309.000000 nan nan nan 1.383450 1.650976 4.488929 -19.211821 2.201648 -1.421789 0.000000 0.954855 2798
car -1 -1 nan 58326.000000 nan nan nan 1.148862 0.606993 2.889986 -27.669756 -2.316713 -1.408736 0.000000 0.853586 2761
car -1 -1 nan 58308.000000 nan nan nan 0.940031 1.023627 3.223164 -30.530877 1.857663 -1.687712 0.000000 0.910767 2758
car -1 -1 nan 58299.000000 nan nan nan 0.410157 0.764718 0.895601 -46.469889 -2.967426 -2.223636 0.000000 0.709335 2755
person -1 -1 nan 58197.000000 nan nan nan 1.219507 0.281507 0.259643 10.014356 -2.004985 -0.857785 0.000000 0.237994 590
person -1 -1 nan 58331.000000 nan nan nan 1.453500 0.753366 0.580742 4.143135 -3.009597 -0.714812 0.000000 0.891881 604
person -1 -1 nan 58316.000000 nan nan nan 0.582780 0.481787 0.352737 2.166852 -3.040613 -0.970655 0.000000 0.805808 593
motorcycle -1 -1 nan 58325.000000 nan nan nan 1.341730 0.848048 2.192541 -5.717410 2.810542 -1.315974 0.000000 0.928621 779
