other-vehicle -1 -1 nan 57346.000000 nan nan nan 0.656966 3.367721 2.654362 -11.178587 -7.962095 -0.794466 0.000000 0.648475 2831
car -1 -1 nan 57355.000000 nan nan nan 0.189461 0.306095 0.501328 -50.004208 -3.305285 -2.314367 0.000000 0.553621 2829
car -1 -1 nan 57371.000000 nan nan nan 0.907461 1.550446 4.263973 0.179901 -2.765544 -0.739030 0.000000 0.955317 2821
truck -1 -1 nan 57385.000000 nan nan nan 1.877072 1.956697 2.771952 27.020343 -0.764031 -0.139625 0.000000 0.785498 2817
car -1 -1 nan 57383.000000 nan nan nan 1.500627 1.672121 3.444995 17.350000 3.023881 -0.676878 0.000000 0.930560 2808
car -1 -1 nan 57391.000000 nan nan nan 1.319354 1.666607 4.339155 1.518860 2.595444 -0.921494 0.000000 0.968740 2806
car -1 -1 nan 57387.000000 nan nan nan 1.640718 1.661649 4.193483 -5.371264 -2.272722 -1.010802 0.000000 0.938363 2801
car -1 -1 nan 57381.000000 nan nan nan 1.736214 1.845581 4.550941 -7.473203 2.270856 -1.026893 0.000000 0.945838 2798
car -1 -1 nan 57384.000000 nan nan nan 1.312478 1.404179 3.330231 -11.162259 -2.531413 -1.189841 0.000000 0.959389 2795
car -1 -1 nan 57388.000000 nan nan nan 1.396851 1.551818 3.731804 -15.824052 -2.889883 -1.232047 0.000000 0.956490 2761
car -1 -1 nan 57376.000000 nan nan nan 1.290201 1.847594 3.833294 -18.865564 1.892204 -1.368465 0.000000 0.923986 2758
car -1 -1 nan 57379.000000 nan nan nan 1.359117 1.486326 3.077082 -35.285457 -3.905070 -1.705881 0.000000 0.873526 2755
car -1 -1 nan 57386.000000 nan nan nan 1.280700 1.059687 2.554587 -42.053248 -3.746951 -1.552600 0.000000 0.910994 2743
person -1 -1 nan 57394.000000 nan nan nan 1.486356 0.679780 0.672744 13.202196 -2.615910 -0.695384 0.000000 0.926059 604
person -1 -1 nan 57380.000000 nan nan nan 1.348981 0.590806 0.379507 11.075013 -3.056807 -0.740422 0.000000 0.956427 593
person -1 -1 nan 57375.000000 nan nan nan 1.233778 0.385960 0.697778 21.626514 -1.498054 -0.703070 0.000000 0.839004 590
person -1 -1 nan 57389.000000 nan nan nan 0.947652 0.221059 0.239837 15.189070 -1.671689 -0.811356 0.000000 0.371966 589
motorcycle -1 -1 nan 57390.000000 nan nan nan 1.253406 0.752099 2.648250 5.980751 2.989886 -1.115383 0.000000 0.838738 779
