car -1 -1 nan 55899.000000 nan nan nan 1.468151 1.258683 1.743792 29.290105 -1.952408 -0.538958 0.000000 0.766212 2801
car -1 -1 nan 55897.000000 nan nan nan 1.227557 1.383267 2.879599 27.650137 2.340763 -0.622216 0.000000 0.846336 2798
car -1 -1 nan 55898.000000 nan nan nan 1.198687 1.231351 3.614349 24.508549 -2.268524 -0.727607 0.000000 0.898880 2795
car -1 -1 nan 55887.000000 nan nan nan 1.366978 1.720282 3.684151 19.800005 -2.627643 -0.740302 0.000000 0.921285 2761
car -1 -1 nan 55895.000000 nan nan nan 1.286056 1.726998 3.451617 16.655039 2.184123 -0.768152 0.000000 0.893167 2758
car -1 -1 nan 55884.000000 nan nan nan 1.236983 2.100783 4.260625 0.010566 -3.220522 -0.868131 0.000000 0.900543 2755
car -1 -1 nan 55894.000000 nan nan nan 1.541912 1.806368 3.429049 -6.038331 -3.332310 -1.067440 0.000000 0.949577 2743
car -1 -1 nan 55888.000000 nan nan nan 1.297541 1.764694 3.401973 -15.401282 -3.025528 -1.295068 0.000000 0.914037 2744
car -1 -1 nan 55891.000000 nan nan nan 0.814384 1.550521 3.308558 -25.963004 -2.452572 -1.691919 0.000000 0.892925 2738
car -1 -1 nan 55896.000000 nan nan nan 1.093743 1.105045 2.414237 -31.155638 -2.287955 -1.528402 0.000000 0.829954 2728
car -1 -1 nan 55886.000000 nan nan nan 0.484574 0.520523 1.399839 -40.715723 -2.322822 -1.569453 0.000000 0.777942 2721
