other-vehicle -1 -1 nan 57832.000000 nan nan nan 1.004258 3.005484 0.925908 -44.985920 11.779052 1.291309 0.000000 0.809223 2852
other-vehicle -1 -1 nan 57831.000000 nan nan nan 2.056674 2.103835 1.982366 7.353633 37.799094 -0.922132 0.000000 0.705595 2847
other-vehicle -1 -1 nan 57843.000000 nan nan nan 2.011289 1.546511 3.931991 28.070806 -1.203579 0.022874 0.000000 0.688344 2849
car -1 -1 nan 57835.000000 nan nan nan 1.304923 1.799493 2.613263 -0.104811 20.004709 -1.027624 0.000000 0.892222 2843
car -1 -1 nan 57828.000000 nan nan nan 1.352845 1.856245 4.421807 -5.880286 -2.807340 -1.095454 0.000000 0.942559 2821
truck -1 -1 nan 57833.000000 nan nan nan 2.050246 1.920748 2.970814 20.919454 -1.676320 -0.370635 0.000000 0.876844 2817
car -1 -1 nan 57839.000000 nan nan nan 1.530036 1.884994 3.982560 11.439976 2.341501 -0.799478 0.000000 0.937032 2808
car -1 -1 nan 57851.000000 nan nan nan 1.140403 1.892249 4.550850 -4.225966 2.552959 -1.040259 0.000000 0.962405 2806
car -1 -1 nan 57849.000000 nan nan nan 1.564560 1.793448 4.088746 -11.607135 -2.157594 -1.059906 0.000000 0.942960 2801
car -1 -1 nan 57840.000000 nan nan nan 1.373448 1.892725 4.582616 -13.515382 2.560250 -1.196583 0.000000 0.951310 2798
car -1 -1 nan 57847.000000 nan nan nan 1.195632 0.341676 2.429886 -17.742758 -1.660090 -1.280975 0.000000 0.854282 2795
car -1 -1 nan 57854.000000 nan nan nan 1.261367 1.333466 3.835292 -21.920918 -2.208734 -1.288881 0.000000 0.929749 2761
car -1 -1 nan 57834.000000 nan nan nan 1.173051 1.616594 3.365558 -24.802329 2.425521 -1.346053 0.000000 0.932984 2758
car -1 -1 nan 57836.000000 nan nan nan 0.432049 0.865741 0.965632 -40.629120 -2.319140 -1.955635 0.000000 0.737877 2755
person -1 -1 nan 57815.000000 nan nan nan 0.449983 0.293305 0.386956 15.536840 -2.392953 -0.357118 0.000000 0.353031 590
person -1 -1 nan 57856.000000 nan nan nan 1.526320 0.800380 0.576224 8.381519 -3.139121 -0.712477 0.000000 0.917966 604
person -1 -1 nan 57846.000000 nan nan nan 1.374725 0.789088 0.737459 6.410015 -3.248660 -0.864099 0.000000 0.937669 593
person -1 -1 nan 57859.000000 nan nan nan 1.173371 0.385061 0.647768 8.860306 -2.216811 -0.750373 0.000000 0.789569 589
bicycle -1 -1 nan 57837.000000 nan nan nan 1.166911 0.469604 1.268351 7.462230 -9.380547 -0.770056 0.000000 0.673479 781
motorcycle -1 -1 nan 57842.000000 nan nan nan 0.869897 0.741985 2.090416 -0.118490 2.822202 -0.904185 0.000000 0.961424 779
