car -1 -1 nan 56184.000000 nan nan nan 1.139057 2.504432 0.371490 -4.689892 -9.273831 -0.978471 0.000000 0.817074 2815
car -1 -1 nan 56204.000000 nan nan nan 1.374386 1.241564 0.973630 41.529061 3.375070 -0.320206 0.000000 0.697665 2808
car -1 -1 nan 56191.000000 nan nan nan 1.297486 1.471859 1.776348 25.235318 2.848745 -0.632786 0.000000 0.656900 2806
car -1 -1 nan 56181.000000 nan nan nan 1.834382 3.509584 1.979545 0.674225 6.987749 -0.440666 0.000000 0.956776 2804
car -1 -1 nan 56199.000000 nan nan nan 1.537285 1.721577 3.766577 19.229208 -1.812789 -0.702154 0.000000 0.934061 2801
car -1 -1 nan 56196.000000 nan nan nan 1.384297 1.795017 4.421280 17.277787 2.772763 -0.731861 0.000000 0.934008 2798
car -1 -1 nan 56177.000000 nan nan nan 1.301732 1.565187 3.958823 13.854409 -2.126090 -0.878017 0.000000 0.944777 2795
car -1 -1 nan 56197.000000 nan nan nan 1.459463 1.773098 3.859221 8.967747 -2.508823 -0.843388 0.000000 0.965953 2761
car -1 -1 nan 56192.000000 nan nan nan 1.354332 1.766537 3.874375 5.862129 2.302506 -0.920757 0.000000 0.931037 2758
car -1 -1 nan 56193.000000 nan nan nan 1.379300 1.899596 4.550698 -10.614609 -3.398210 -1.212303 0.000000 0.941670 2755
car -1 -1 nan 56180.000000 nan nan nan 1.454558 1.872860 3.375238 -16.860781 -3.441093 -1.216483 0.000000 0.951377 2743
car -1 -1 nan 56188.000000 nan nan nan 1.228071 1.220273 3.343111 -26.250482 -3.056489 -1.471114 0.000000 0.931044 2744
car -1 -1 nan 56185.000000 nan nan nan 0.727171 1.144847 3.633037 -36.138929 -2.661275 -1.897720 0.000000 0.848311 2738
person -1 -1 nan 56179.000000 nan nan nan 1.024152 0.332275 0.266790 47.186141 -1.082343 -0.399189 0.000000 0.853666 590
person -1 -1 nan 56194.000000 nan nan nan 0.935647 0.333450 0.322418 40.614318 -1.217143 -0.507621 0.000000 0.913043 589
