car -1 -1 nan 58464.000000 nan nan nan 0.574855 0.850738 0.677456 -5.946930 38.404188 -1.879657 0.000000 0.860343 2872
car -1 -1 nan 58452.000000 nan nan nan 0.837232 0.244443 2.591803 35.335190 -0.956538 -0.494483 0.000000 0.641671 2871
car -1 -1 nan 58498.000000 nan nan nan 1.335612 1.804504 3.522899 -7.127684 20.069683 -1.265865 0.000000 0.899189 2854
other-vehicle -1 -1 nan 58477.000000 nan nan nan 1.905820 0.581248 4.480992 19.738122 -0.872215 -0.057830 0.000000 0.453968 2849
car -1 -1 nan 58473.000000 nan nan nan 1.347888 1.876849 4.134982 -14.211346 -2.714595 -1.242888 0.000000 0.954889 2821
truck -1 -1 nan 58489.000000 nan nan nan 2.050508 1.934636 4.190962 13.131423 -1.653450 -0.408650 0.000000 0.872401 2817
car -1 -1 nan 58480.000000 nan nan nan 1.550829 1.514525 4.253771 3.105926 2.401622 -0.857309 0.000000 0.964565 2808
car -1 -1 nan 58495.000000 nan nan nan 1.350711 1.942950 4.262117 -12.586293 2.673472 -1.209649 0.000000 0.952001 2806
car -1 -1 nan 58491.000000 nan nan nan 1.522479 1.694225 4.430392 -19.885503 -1.962890 -1.234488 0.000000 0.944638 2801
car -1 -1 nan 58485.000000 nan nan nan 1.224372 1.601224 4.043524 -21.948041 2.559948 -1.373253 0.000000 0.929983 2798
car -1 -1 nan 58481.000000 nan nan nan 1.112857 0.693411 3.338816 -30.308184 -1.741405 -1.429497 0.000000 0.837260 2761
car -1 -1 nan 58492.000000 nan nan nan 1.026189 1.388028 1.898998 -32.744423 2.525256 -1.595249 0.000000 0.904733 2758
person -1 -1 nan 58385.000000 nan nan nan 0.557906 0.569254 0.335993 2.135199 -3.113650 0.048121 0.000000 0.688963 604
bicyclist -1 -1 nan 58484.000000 nan nan nan 0.649283 0.565917 0.724566 -10.706711 -12.272461 -0.539276 0.000000 0.781808 797
bicycle -1 -1 nan 58454.000000 nan nan nan 0.890129 0.703680 2.411029 -8.336868 11.677497 -1.144605 0.000000 0.499038 799
motorcycle -1 -1 nan 58417.000000 nan nan nan 0.639392 1.033352 0.469837 -10.553994 24.823128 -0.974942 0.000000 0.782943 793
motorcycle -1 -1 nan 58378.000000 nan nan nan 0.921289 0.792078 0.700001 -6.253271 38.966348 -1.544445 0.000000 0.855284 795
motorcycle -1 -1 nan 58487.000000 nan nan nan 1.313825 0.895148 2.161724 -8.471356 2.948273 -1.278669 0.000000 0.937928 779
