other-vehicle -1 -1 nan 56882.000000 nan nan nan 1.338690 1.810374 0.748203 25.961900 -9.295803 0.542257 0.000000 0.697944 2824
car -1 -1 nan 56895.000000 nan nan nan 1.361600 1.720082 4.074100 8.530656 -2.918947 -0.917082 0.000000 0.921963 2821
truck -1 -1 nan 56901.000000 nan nan nan 1.862681 1.861755 1.329002 35.633310 -1.379084 0.078158 0.000000 0.848037 2817
car -1 -1 nan 56900.000000 nan nan nan 1.414115 1.604086 2.915238 25.843058 2.510411 -0.425752 0.000000 0.866231 2808
car -1 -1 nan 56891.000000 nan nan nan 1.441168 1.768193 4.165951 9.982999 2.324340 -0.766502 0.000000 0.930120 2806
car -1 -1 nan 56898.000000 nan nan nan 1.577777 1.608860 3.996553 2.824878 -2.307083 -0.860592 0.000000 0.858873 2801
car -1 -1 nan 56893.000000 nan nan nan 1.185726 1.765269 4.539404 1.029805 2.196832 -0.819304 0.000000 0.941563 2798
car -1 -1 nan 56879.000000 nan nan nan 1.307659 1.688085 4.467845 -2.403579 -2.752334 -1.061223 0.000000 0.969620 2795
car -1 -1 nan 56899.000000 nan nan nan 1.447655 1.746646 4.116097 -7.102652 -2.881768 -1.144500 0.000000 0.951578 2761
car -1 -1 nan 56887.000000 nan nan nan 1.343590 1.937964 3.689831 -10.088782 2.054645 -1.200604 0.000000 0.927895 2758
car -1 -1 nan 56894.000000 nan nan nan 1.325251 1.810903 3.543397 -26.919394 -3.525798 -1.697222 0.000000 0.919729 2755
car -1 -1 nan 56888.000000 nan nan nan 1.273214 0.673367 2.748705 -33.396740 -2.780968 -1.776224 0.000000 0.870354 2743
car -1 -1 nan 56881.000000 nan nan nan 0.739359 0.794986 1.974321 -41.585479 -2.668920 -2.114952 0.000000 0.776370 2744
person -1 -1 nan 56897.000000 nan nan nan 1.119236 0.437957 0.383171 19.169389 -4.456642 -0.463737 0.000000 0.841783 593
person -1 -1 nan 56892.000000 nan nan nan 1.187489 0.356600 0.454316 30.470507 -2.105653 -0.439574 0.000000 0.893769 590
person -1 -1 nan 56889.000000 nan nan nan 1.197270 0.335188 0.645013 23.909768 -2.173013 -0.583321 0.000000 0.899819 589
