car -1 -1 nan 56095.000000 nan nan nan 1.008810 0.904320 0.532114 44.917275 3.178656 -0.364263 0.000000 0.786496 2808
car -1 -1 nan 56087.000000 nan nan nan 1.259928 1.132083 0.898560 28.697875 2.692925 -0.766786 0.000000 0.708628 2806
car -1 -1 nan 56078.000000 nan nan nan 1.766245 2.467701 2.146253 4.682794 6.401139 -0.509764 0.000000 0.889357 2804
car -1 -1 nan 56094.000000 nan nan nan 1.487031 1.634022 3.682487 22.885621 -1.705063 -0.736773 0.000000 0.948166 2801
car -1 -1 nan 56074.000000 nan nan nan 1.344697 1.681775 4.432060 20.884197 2.725358 -0.773540 0.000000 0.928910 2798
car -1 -1 nan 56093.000000 nan nan nan 1.293153 1.444029 3.625413 17.354467 -2.083551 -0.904230 0.000000 0.957864 2795
car -1 -1 nan 56085.000000 nan nan nan 1.426916 1.852871 4.191848 12.484482 -2.467751 -0.847571 0.000000 0.967134 2761
car -1 -1 nan 56092.000000 nan nan nan 1.349750 1.725106 3.669516 9.432072 2.328000 -0.876648 0.000000 0.929483 2758
car -1 -1 nan 56090.000000 nan nan nan 1.394164 1.699826 4.459232 -7.016434 -3.344762 -1.132863 0.000000 0.912099 2755
car -1 -1 nan 56076.000000 nan nan nan 1.549154 1.884860 3.469215 -13.248803 -3.418841 -1.095293 0.000000 0.936175 2743
car -1 -1 nan 56086.000000 nan nan nan 1.154009 1.488468 3.444949 -22.698281 -3.195338 -1.325017 0.000000 0.935199 2744
car -1 -1 nan 56096.000000 nan nan nan 0.786239 1.459614 3.751166 -32.638951 -2.723644 -1.676587 0.000000 0.926087 2738
car -1 -1 nan 56051.000000 nan nan nan 0.528006 0.284531 0.504963 -47.608878 -2.499066 -1.804531 0.000000 0.620661 2721
person -1 -1 nan 56091.000000 nan nan nan 0.756449 0.425765 0.212569 44.287595 -1.228342 -0.520298 0.000000 0.862830 589
