car -1 -1 nan 59101.000000 nan nan nan 1.294034 1.446289 4.247205 14.759040 -3.171102 -1.030002 0.000000 0.939718 2885
car -1 -1 nan 59106.000000 nan nan nan 1.536792 1.005373 4.246669 28.002880 -3.213507 -0.780046 0.000000 0.932390 2880
car -1 -1 nan 59109.000000 nan nan nan 1.527066 1.742415 4.110122 21.859742 -3.428306 -0.874317 0.000000 0.930873 2871
other-vehicle -1 -1 nan 59125.000000 nan nan nan 2.140762 2.226915 4.871672 5.464398 -2.958810 -0.602238 0.000000 0.757608 2849
car -1 -1 nan 59112.000000 nan nan nan 1.046662 1.306843 3.529771 -28.486659 -3.009456 -1.439157 0.000000 0.949976 2821
car -1 -1 nan 59096.000000 nan nan nan 1.919195 2.046452 4.831308 -0.601714 -2.913854 -0.577273 0.000000 0.854879 2817
car -1 -1 nan 59110.000000 nan nan nan 1.619706 1.907970 4.534933 -10.955798 1.534651 -0.942267 0.000000 0.909906 2808
car -1 -1 nan 59114.000000 nan nan nan 1.210379 1.789356 3.916262 -26.884914 1.770316 -1.182484 0.000000 0.866322 2806
car -1 -1 nan 59127.000000 nan nan nan 0.473371 1.607709 1.639801 -33.177011 -2.060538 -1.539267 0.000000 0.807531 2801
car -1 -1 nan 59116.000000 nan nan nan 0.683983 0.626245 0.924947 -36.078798 1.331539 -1.303158 0.000000 0.587023 2798
person -1 -1 nan 59122.000000 nan nan nan 1.283312 0.561817 0.431728 -10.482566 -3.958562 -0.929120 0.000000 0.828876 604
