car -1 -1 nan 59249.000000 nan nan nan 0.738454 0.431335 1.031383 33.441455 -2.251390 -1.223293 0.000000 0.592452 2893
car -1 -1 nan 59255.000000 nan nan nan 1.373628 1.740746 4.159861 10.941392 -2.844799 -1.087815 0.000000 0.936125 2885
car -1 -1 nan 59256.000000 nan nan nan 1.755389 1.132818 4.238702 23.944309 -2.120767 -0.844170 0.000000 0.808542 2880
car -1 -1 nan 59244.000000 nan nan nan 1.584689 1.911006 3.901620 17.866385 -2.600320 -0.942649 0.000000 0.941807 2871
other-vehicle -1 -1 nan 59251.000000 nan nan nan 1.697400 2.184446 4.569565 1.596328 -2.841238 -0.514832 0.000000 0.669605 2849
car -1 -1 nan 59259.000000 nan nan nan 1.196958 1.131256 3.349201 -32.435460 -4.273895 -1.468167 0.000000 0.938095 2821
car -1 -1 nan 59257.000000 nan nan nan 1.993730 2.175899 4.976571 -4.474593 -3.055804 -0.687272 0.000000 0.969521 2817
car -1 -1 nan 59258.000000 nan nan nan 1.593210 1.955738 4.482710 -15.113678 1.036232 -0.964887 0.000000 0.873465 2808
car -1 -1 nan 59262.000000 nan nan nan 1.148815 0.750722 1.559874 -30.366662 0.388243 -1.169773 0.000000 0.791481 2806
car -1 -1 nan 59269.000000 nan nan nan 0.526393 0.258012 0.799303 -39.661342 -3.356524 -1.007180 0.000000 0.372692 2801
person -1 -1 nan 59253.000000 nan nan nan 1.198126 0.379281 0.534435 -25.912744 -4.545301 -1.251518 0.000000 0.901817 617
person -1 -1 nan 59270.000000 nan nan nan 1.243400 0.298237 0.591411 -27.841813 -4.535519 -1.221340 0.000000 0.912073 616
person -1 -1 nan 59199.000000 nan nan nan 1.319210 0.568461 0.380486 -13.957913 -4.596090 -0.944314 0.000000 0.767785 604
