other-vehicle -1 -1 nan 60961.000000 nan nan nan 0.559081 1.003576 0.654222 24.749203 -25.933096 -2.293789 0.000000 0.627213 2953
car -1 -1 nan 60975.000000 nan nan nan 0.702395 0.411975 0.723237 30.320964 5.365376 -0.172037 0.000000 0.696358 2955
other-vehicle -1 -1 nan 60971.000000 nan nan nan 0.713539 1.746904 1.018325 19.307664 -30.224640 -2.207158 0.000000 0.882715 2951
car -1 -1 nan 60927.000000 nan nan nan 1.463552 2.049446 2.226082 13.331021 23.121555 0.142775 0.000000 0.760778 2952
car -1 -1 nan 60965.000000 nan nan nan 0.407938 2.197233 1.583828 12.129452 -23.710011 -1.470600 0.000000 0.832283 2946
car -1 -1 nan 60983.000000 nan nan nan 0.690735 1.051610 0.513642 43.678791 6.473220 -0.326043 0.000000 0.820457 2945
car -1 -1 nan 60981.000000 nan nan nan 0.986639 1.666007 1.108096 24.516672 5.214464 -0.227225 0.000000 0.830893 2940
car -1 -1 nan 60982.000000 nan nan nan 1.213341 2.374819 1.438274 21.805016 5.157194 -0.433363 0.000000 0.885284 2937
car -1 -1 nan 60967.000000 nan nan nan 0.740078 0.705209 0.992843 35.320066 5.486389 -0.658047 0.000000 0.717910 2923
car -1 -1 nan 60990.000000 nan nan nan 1.137303 1.125178 3.249255 26.927033 -2.392553 -0.744093 0.000000 0.885366 2930
car -1 -1 nan 60973.000000 nan nan nan 1.195462 4.157587 1.876877 13.272033 13.368722 -0.356893 0.000000 0.915203 2921
other-vehicle -1 -1 nan 60984.000000 nan nan nan 2.681912 2.933689 5.707209 33.318958 -2.235456 0.065348 0.000000 0.592666 2917
car -1 -1 nan 60966.000000 nan nan nan 1.362905 1.543632 3.908896 21.222580 -2.936670 -0.786529 0.000000 0.924497 2911
car -1 -1 nan 60977.000000 nan nan nan 1.198925 3.458681 2.135933 19.603072 5.409759 -0.458726 0.000000 0.905467 2902
car -1 -1 nan 60955.000000 nan nan nan 1.311566 4.393860 2.016613 13.657969 7.180133 -0.584725 0.000000 0.951180 2896
car -1 -1 nan 60976.000000 nan nan nan 1.412190 1.663023 3.537892 -4.724754 -3.154112 -1.139041 0.000000 0.933134 2906
car -1 -1 nan 60963.000000 nan nan nan 1.244449 1.713484 4.116248 0.536962 -2.842217 -0.699520 0.000000 0.930900 2893
car -1 -1 nan 60972.000000 nan nan nan 1.254447 1.061073 3.644033 -22.842486 -3.900225 -1.314423 0.000000 0.887367 2885
car -1 -1 nan 60970.000000 nan nan nan 1.740895 1.886559 4.764478 -9.920718 -3.159277 -0.942500 0.000000 0.950023 2880
car -1 -1 nan 60959.000000 nan nan nan 1.560358 1.671604 4.098147 -16.004280 -3.626031 -1.092902 0.000000 0.916180 2871
other-vehicle -1 -1 nan 60964.000000 nan nan nan 1.964792 2.094644 4.511846 -32.304263 -4.939717 -0.641541 0.000000 0.672641 2849
car -1 -1 nan 60956.000000 nan nan nan 0.779203 1.962821 0.827562 -47.817696 -1.622315 -1.724833 0.000000 0.877670 2808
