car -1 -1 nan 59026.000000 nan nan nan 1.245040 0.913193 4.062510 17.057941 -3.540298 -1.025109 0.000000 0.947386 2885
car -1 -1 nan 59029.000000 nan nan nan 1.514126 1.000603 4.122714 30.328590 -4.364567 -0.772322 0.000000 0.835217 2880
car -1 -1 nan 59033.000000 nan nan nan 1.488722 1.628092 3.974844 24.032833 -4.397544 -0.864957 0.000000 0.922192 2871
other-vehicle -1 -1 nan 59031.000000 nan nan nan 2.218023 2.187634 5.053494 7.639230 -3.155040 -0.559555 0.000000 0.882915 2849
car -1 -1 nan 59035.000000 nan nan nan 1.150138 1.635617 4.222296 -26.313801 -2.004711 -1.444210 0.000000 0.933031 2821
car -1 -1 nan 59022.000000 nan nan nan 1.884870 0.819136 4.582950 1.521535 -2.411477 -0.633732 0.000000 0.759374 2817
car -1 -1 nan 59028.000000 nan nan nan 1.619256 1.775329 4.606648 -8.577958 1.858103 -0.918096 0.000000 0.945976 2808
car -1 -1 nan 59032.000000 nan nan nan 1.347459 1.887740 4.062225 -24.551813 2.969184 -1.119450 0.000000 0.920379 2806
car -1 -1 nan 59046.000000 nan nan nan 1.183068 0.651915 2.808093 -32.250045 -0.517590 -1.270629 0.000000 0.848556 2801
car -1 -1 nan 59044.000000 nan nan nan 1.084462 1.387341 2.949743 -33.619488 2.763088 -1.199189 0.000000 0.895688 2798
person -1 -1 nan 59034.000000 nan nan nan 1.563033 0.633858 0.483707 -9.077800 -3.607890 -1.095923 0.000000 0.727053 604
motorcycle -1 -1 nan 58992.000000 nan nan nan 1.005992 0.606557 1.635762 -20.471313 3.153427 -1.099545 0.000000 0.727418 779
