car -1 -1 nan 61325.000000 nan nan nan 0.274300 0.572199 0.762355 46.779043 16.522726 -1.195978 0.000000 0.579587 2965
car -1 -1 nan 61330.000000 nan nan nan 0.793338 1.045956 3.353053 25.054298 -33.908872 -1.769478 0.000000 0.921720 2962
car -1 -1 nan 61341.000000 nan nan nan 1.527665 2.987076 2.567757 4.606871 25.173470 -0.526221 0.000000 0.890536 2964
car -1 -1 nan 61324.000000 nan nan nan 0.606132 0.450720 0.967277 15.646630 -46.406485 -2.230669 0.000000 0.635579 2960
car -1 -1 nan 61328.000000 nan nan nan 1.135836 3.031692 2.367005 2.815422 30.372306 -0.263112 0.000000 0.907308 2959
car -1 -1 nan 61353.000000 nan nan nan 0.907484 0.241690 1.285981 40.749697 14.920408 -0.842061 0.000000 0.753690 2957
car -1 -1 nan 61336.000000 nan nan nan 1.173601 0.938023 1.029496 25.306119 11.333144 -0.768496 0.000000 0.703133 2955
car -1 -1 nan 61327.000000 nan nan nan 0.748017 3.584256 1.830535 13.150692 -20.582623 -1.181776 0.000000 0.901464 2946
car -1 -1 nan 61337.000000 nan nan nan 0.676607 1.426525 1.353222 38.530599 15.173450 -0.921948 0.000000 0.712170 2945
car -1 -1 nan 61343.000000 nan nan nan 1.393886 1.822520 1.543397 19.826583 9.894206 -0.809097 0.000000 0.791488 2940
car -1 -1 nan 61349.000000 nan nan nan 1.083596 1.690614 1.542356 17.249850 8.988610 -0.770689 0.000000 0.903218 2937
car -1 -1 nan 61344.000000 nan nan nan 0.792250 1.039138 1.294484 30.044113 12.392744 -1.109376 0.000000 0.838577 2923
car -1 -1 nan 61340.000000 nan nan nan 1.290241 1.380375 3.132479 23.502533 3.050109 -1.024890 0.000000 0.893530 2930
car -1 -1 nan 61333.000000 nan nan nan 1.286216 3.993048 2.480394 6.852486 15.436172 -0.800753 0.000000 0.925583 2921
other-vehicle -1 -1 nan 61356.000000 nan nan nan 2.868216 3.883912 5.851715 29.753002 4.499712 -0.157497 0.000000 0.146178 2917
car -1 -1 nan 61334.000000 nan nan nan 1.361038 2.170830 3.498545 18.034802 1.281844 -0.957306 0.000000 0.933794 2911
car -1 -1 nan 61322.000000 nan nan nan 1.193908 3.769533 2.629166 14.521228 9.147528 -0.783810 0.000000 0.927510 2902
car -1 -1 nan 61339.000000 nan nan nan 1.414905 4.103663 2.741545 8.646753 9.404878 -0.905226 0.000000 0.959434 2896
car -1 -1 nan 61346.000000 nan nan nan 1.405050 2.142669 3.520237 -7.308650 -4.367549 -1.072531 0.000000 0.928011 2906
car -1 -1 nan 61342.000000 nan nan nan 1.334403 1.893561 4.307313 -2.161785 -2.922471 -1.111769 0.000000 0.969794 2893
car -1 -1 nan 61332.000000 nan nan nan 0.962327 0.955554 2.727167 -24.865042 -8.548965 -1.108767 0.000000 0.818253 2885
car -1 -1 nan 61326.000000 nan nan nan 1.767206 2.482202 4.512769 -12.427012 -5.377529 -0.821152 0.000000 0.960120 2880
car -1 -1 nan 61338.000000 nan nan nan 1.535274 1.738790 3.814602 -18.313516 -6.908128 -0.909095 0.000000 0.915674 2871
other-vehicle -1 -1 nan 61335.000000 nan nan nan 1.989935 3.042694 1.275552 -33.003515 -11.852792 -0.375622 0.000000 0.898548 2849
