car -1 -1 nan 59999.000000 nan nan nan 0.843541 0.439200 1.937761 29.231810 10.518153 0.082147 0.000000 0.773384 2921
truck -1 -1 nan 60020.000000 nan nan nan 2.086563 2.293426 4.461362 47.582219 -4.360776 0.763843 0.000000 0.786050 2917
truck -1 -1 nan 59995.000000 nan nan nan 1.666081 2.540278 0.588297 -49.734733 -8.719396 1.061242 0.000000 0.852605 2914
car -1 -1 nan 60001.000000 nan nan nan 0.683757 1.632273 1.713896 35.194987 -4.483115 -0.302588 0.000000 0.822149 2911
car -1 -1 nan 60006.000000 nan nan nan 0.959191 2.552166 0.760903 34.137723 3.674022 0.254927 0.000000 0.906861 2902
car -1 -1 nan 60012.000000 nan nan nan 1.132747 3.132492 1.716029 28.897317 5.548966 0.113785 0.000000 0.923803 2896
car -1 -1 nan 60013.000000 nan nan nan 1.289167 1.654552 3.160172 9.605471 -3.102203 -0.814851 0.000000 0.917598 2906
car -1 -1 nan 60000.000000 nan nan nan 1.243304 1.712002 3.930372 14.997659 -2.965832 -0.732414 0.000000 0.932127 2893
car -1 -1 nan 60007.000000 nan nan nan 1.321830 1.903410 4.818277 -8.387653 -3.039964 -1.278789 0.000000 0.900195 2885
car -1 -1 nan 60011.000000 nan nan nan 1.834413 2.111190 4.423744 4.311222 -2.877351 -0.723632 0.000000 0.944526 2880
car -1 -1 nan 59993.000000 nan nan nan 1.501232 1.808991 4.387267 -1.350628 -2.931200 -0.774302 0.000000 0.965639 2871
other-vehicle -1 -1 nan 60003.000000 nan nan nan 2.402860 2.192338 5.738972 -17.518982 -3.023848 -0.990807 0.000000 0.681093 2849
car -1 -1 nan 60008.000000 nan nan nan 1.847387 0.287689 4.416624 -24.373809 -2.255268 -1.304199 0.000000 0.831305 2817
car -1 -1 nan 60021.000000 nan nan nan 1.361654 1.739890 2.275636 -34.105515 1.197825 -1.775773 0.000000 0.946681 2808
person -1 -1 nan 60004.000000 nan nan nan 0.482618 0.427407 0.321837 19.384999 5.349119 0.027847 0.000000 0.873101 624
