car -1 -1 nan 62297.000000 nan nan nan 1.074863 0.639897 1.270599 27.002359 28.027634 -0.874798 0.000000 0.824378 3000
car -1 -1 nan 62219.000000 nan nan nan 0.966938 0.292129 0.584688 -33.858722 -26.453719 -1.751566 0.000000 0.555041 2998
car -1 -1 nan 62258.000000 nan nan nan 0.940112 1.789079 1.887849 31.705815 32.422329 -0.616530 0.000000 0.794687 2996
car -1 -1 nan 62262.000000 nan nan nan 0.453279 0.694666 0.696622 21.870683 -3.966290 -0.530004 0.000000 0.854250 2994
car -1 -1 nan 62278.000000 nan nan nan 1.029629 0.864790 1.012770 15.956448 21.200793 -0.882444 0.000000 0.815657 2992
car -1 -1 nan 62289.000000 nan nan nan 0.573637 0.824081 1.453593 23.840504 -7.897112 -0.160673 0.000000 0.696938 2978
car -1 -1 nan 62291.000000 nan nan nan 1.368408 1.203596 1.482779 -20.835215 37.144948 -2.235252 0.000000 0.735493 2980
car -1 -1 nan 62276.000000 nan nan nan 0.990045 1.419629 0.988153 -17.919814 32.795918 -2.331574 0.000000 0.606289 2977
car -1 -1 nan 62266.000000 nan nan nan 1.315749 2.396902 2.928408 -10.792711 24.262059 -1.955823 0.000000 0.948309 2964
car -1 -1 nan 62285.000000 nan nan nan 1.496223 3.163243 3.422597 -14.747987 29.025137 -1.992986 0.000000 0.869045 2959
car -1 -1 nan 62293.000000 nan nan nan 1.136820 2.608690 1.931398 13.491952 19.858930 -0.880472 0.000000 0.890524 2955
car -1 -1 nan 62286.000000 nan nan nan 1.528539 3.794313 2.825451 14.002899 -14.847092 -0.314139 0.000000 0.943554 2946
car -1 -1 nan 62277.000000 nan nan nan 1.032765 1.695755 1.478046 24.200766 27.870731 -0.855049 0.000000 0.843871 2945
car -1 -1 nan 62292.000000 nan nan nan 1.394030 2.273792 2.039948 9.026664 16.089229 -0.981185 0.000000 0.820720 2940
car -1 -1 nan 62294.000000 nan nan nan 1.328420 1.709854 2.119602 6.996880 14.257439 -1.020144 0.000000 0.898050 2937
car -1 -1 nan 62296.000000 nan nan nan 0.909860 1.247381 1.383870 17.729380 22.308510 -1.007794 0.000000 0.918012 2923
car -1 -1 nan 62282.000000 nan nan nan 0.493523 0.451834 0.816496 15.015954 11.164780 -0.264793 0.000000 0.301141 2930
car -1 -1 nan 62273.000000 nan nan nan 1.289674 3.221113 3.476554 -4.971988 16.159905 -1.582453 0.000000 0.928644 2921
other-vehicle -1 -1 nan 62290.000000 nan nan nan 2.389698 5.756653 4.949119 20.133359 14.016527 -0.094555 0.000000 0.438475 2917
car -1 -1 nan 62272.000000 nan nan nan 1.447404 2.957836 3.303158 10.697024 7.125704 -0.707009 0.000000 0.918073 2911
car -1 -1 nan 62288.000000 nan nan nan 1.336087 3.375199 3.816852 4.315482 13.516386 -1.031978 0.000000 0.961136 2902
car -1 -1 nan 62281.000000 nan nan nan 1.424829 3.355062 3.658668 -1.180899 11.265495 -1.315141 0.000000 0.954936 2896
car -1 -1 nan 62257.000000 nan nan nan 1.273167 2.105258 2.639811 -11.069531 -7.623366 -1.176464 0.000000 0.922978 2906
car -1 -1 nan 62280.000000 nan nan nan 1.287257 3.169958 3.268547 -6.059582 -3.762308 -1.177491 0.000000 0.909838 2893
car -1 -1 nan 62284.000000 nan nan nan 1.249961 2.705707 1.634548 -15.725305 -10.522623 -0.800957 0.000000 0.853142 2880
car -1 -1 nan 62307.000000 nan nan nan 0.871136 1.707342 2.433371 -18.854013 -14.003160 -0.965007 0.000000 0.855385 2871
other-vehicle -1 -1 nan 62246.000000 nan nan nan 1.339630 1.768758 1.423584 -31.477638 -23.339529 -0.830828 0.000000 0.742990 2849
person -1 -1 nan 62261.000000 nan nan nan 0.867611 0.420643 0.506104 -39.876179 -30.433005 -1.537612 0.000000 0.804124 638
person -1 -1 nan 62299.000000 nan nan nan 1.409489 0.861354 0.872279 -9.973103 25.942505 -1.774205 0.000000 0.880366 634
