car -1 -1 nan 61951.000000 nan nan nan 0.398330 1.403012 1.721580 32.263041 -22.530782 -0.061705 0.000000 0.852823 2993
car -1 -1 nan 61929.000000 nan nan nan 0.187657 0.328803 0.404889 23.693110 -3.510896 -0.807972 0.000000 0.667745 2994
car -1 -1 nan 61961.000000 nan nan nan 0.569933 0.499660 0.716652 17.804011 21.239817 -0.803614 0.000000 0.701702 2992
car -1 -1 nan 61946.000000 nan nan nan 0.594493 2.695329 1.919898 22.570983 -23.849513 -0.180090 0.000000 0.882489 2988
car -1 -1 nan 61909.000000 nan nan nan 0.432496 1.148259 0.760549 26.466958 -6.996467 -0.641815 0.000000 0.674550 2978
car -1 -1 nan 61938.000000 nan nan nan 1.416501 1.241558 1.983164 -19.320760 36.927043 -1.705335 0.000000 0.716032 2980
car -1 -1 nan 61948.000000 nan nan nan 1.123032 2.009968 1.295918 -16.350836 32.949490 -1.936755 0.000000 0.783271 2977
car -1 -1 nan 61925.000000 nan nan nan 0.480660 0.575203 1.054327 33.320030 32.628409 -0.671739 0.000000 0.787421 2975
car -1 -1 nan 61944.000000 nan nan nan 1.406134 2.419716 3.133596 -9.257610 24.313390 -1.524548 0.000000 0.942366 2964
car -1 -1 nan 61932.000000 nan nan nan 1.602491 3.154239 3.542353 -13.124604 28.937070 -1.569899 0.000000 0.907087 2959
car -1 -1 nan 61960.000000 nan nan nan 0.921714 0.486797 1.052225 28.267463 28.757744 -0.593802 0.000000 0.740768 2957
car -1 -1 nan 61937.000000 nan nan nan 1.089258 1.440567 1.773370 15.278130 19.796639 -0.680210 0.000000 0.871738 2955
car -1 -1 nan 61943.000000 nan nan nan 1.405200 3.675048 2.301571 15.953784 -14.657749 -0.506101 0.000000 0.925227 2946
car -1 -1 nan 61939.000000 nan nan nan 0.871529 1.221508 1.036275 25.902023 27.956816 -0.555291 0.000000 0.867128 2945
car -1 -1 nan 61954.000000 nan nan nan 1.352682 1.649934 2.024103 10.753322 15.939606 -0.762477 0.000000 0.820050 2940
car -1 -1 nan 61940.000000 nan nan nan 1.300545 2.379716 1.886873 8.804915 14.534600 -0.875487 0.000000 0.859172 2937
car -1 -1 nan 61947.000000 nan nan nan 0.773381 1.178286 1.294352 19.494540 22.538973 -0.805566 0.000000 0.839597 2923
car -1 -1 nan 61945.000000 nan nan nan 1.391880 1.958563 2.394633 16.898027 11.509674 -0.637282 0.000000 0.911457 2930
car -1 -1 nan 61942.000000 nan nan nan 1.367080 3.112467 3.600951 -3.173371 16.132815 -1.314781 0.000000 0.911683 2921
other-vehicle -1 -1 nan 61931.000000 nan nan nan 2.306608 5.249828 4.960996 22.002577 15.065828 0.030373 0.000000 0.851968 2917
car -1 -1 nan 61934.000000 nan nan nan 1.453796 3.409859 3.032776 12.501799 7.520009 -0.659782 0.000000 0.919651 2911
car -1 -1 nan 61957.000000 nan nan nan 1.288193 3.371825 3.900130 6.185398 13.422737 -0.854827 0.000000 0.960700 2902
car -1 -1 nan 61928.000000 nan nan nan 1.349625 3.410981 3.695591 0.669656 11.298689 -1.106069 0.000000 0.952643 2896
car -1 -1 nan 61949.000000 nan nan nan 0.502789 2.325362 2.221655 -9.147125 -7.520163 -0.757036 0.000000 0.914060 2906
car -1 -1 nan 61950.000000 nan nan nan 1.316457 2.979658 3.495012 -4.170404 -3.681363 -1.175667 0.000000 0.919342 2893
car -1 -1 nan 61930.000000 nan nan nan 1.694222 3.066924 2.877245 -13.228134 -9.905164 -1.100032 0.000000 0.948065 2880
car -1 -1 nan 61941.000000 nan nan nan 0.535320 2.008682 2.192768 -17.611908 -13.876907 -0.761540 0.000000 0.835807 2871
other-vehicle -1 -1 nan 61924.000000 nan nan nan 0.886918 1.707765 1.395328 -29.724416 -23.137030 -0.534955 0.000000 0.824947 2849
person -1 -1 nan 61962.000000 nan nan nan 1.283996 0.819522 0.704006 -8.283553 25.808422 -1.347297 0.000000 0.822053 634
