car -1 -1 nan 60800.000000 nan nan nan 1.793009 0.296261 0.984170 -38.793062 -3.324544 -0.980364 0.000000 0.739210 2949
other-vehicle -1 -1 nan 60779.000000 nan nan nan 0.625539 1.807972 0.685721 19.962718 -31.089965 -2.148324 0.000000 0.855572 2951
car -1 -1 nan 60792.000000 nan nan nan 1.226157 1.200427 1.504243 15.484257 21.860344 0.345806 0.000000 0.727666 2952
car -1 -1 nan 60789.000000 nan nan nan 0.173560 2.009005 1.150577 13.029827 -24.386207 -1.393830 0.000000 0.738396 2946
car -1 -1 nan 60778.000000 nan nan nan 0.823955 0.328505 0.674339 48.024504 4.142730 -0.297647 0.000000 0.645942 2944
car -1 -1 nan 60810.000000 nan nan nan 0.502597 0.866977 0.311129 45.603867 4.791304 -0.404167 0.000000 0.828497 2945
car -1 -1 nan 60818.000000 nan nan nan 1.018982 1.287307 0.826277 26.354760 4.072117 -0.238452 0.000000 0.795918 2940
car -1 -1 nan 60809.000000 nan nan nan 1.150513 2.485953 1.143236 23.836210 4.316287 -0.240802 0.000000 0.890452 2937
car -1 -1 nan 60794.000000 nan nan nan 0.367128 0.645404 0.939824 37.215700 4.022178 -0.521762 0.000000 0.639591 2923
car -1 -1 nan 60796.000000 nan nan nan 1.240543 0.914101 3.217848 28.608806 -3.415025 -0.822516 0.000000 0.931690 2930
car -1 -1 nan 60785.000000 nan nan nan 1.033862 4.081391 1.628871 15.404741 12.727292 -0.132629 0.000000 0.854974 2921
truck -1 -1 nan 60786.000000 nan nan nan 2.647773 2.608215 6.572948 35.422981 -3.458996 0.129191 0.000000 0.665287 2917
car -1 -1 nan 60781.000000 nan nan nan 1.284068 1.559959 3.832170 22.653685 -3.775454 -0.781751 0.000000 0.916453 2911
car -1 -1 nan 60803.000000 nan nan nan 1.269107 3.184990 1.831254 21.264740 4.455839 -0.398797 0.000000 0.905793 2902
car -1 -1 nan 60798.000000 nan nan nan 1.393287 4.366452 2.018851 15.782822 6.585994 -0.528585 0.000000 0.944240 2896
car -1 -1 nan 60804.000000 nan nan nan 1.393500 1.685802 3.455029 -3.087962 -3.050946 -1.173692 0.000000 0.940962 2906
car -1 -1 nan 60805.000000 nan nan nan 1.274494 1.742968 4.157396 2.123185 -2.853518 -1.048813 0.000000 0.975261 2893
car -1 -1 nan 60777.000000 nan nan nan 1.287443 1.124129 3.683825 -21.151961 -3.141047 -1.270494 0.000000 0.937037 2885
car -1 -1 nan 60791.000000 nan nan nan 1.789294 1.789015 4.599120 -8.159699 -2.860764 -0.924026 0.000000 0.953343 2880
car -1 -1 nan 60799.000000 nan nan nan 1.523380 1.715601 4.291927 -14.395503 -3.128660 -1.033226 0.000000 0.885239 2871
other-vehicle -1 -1 nan 60816.000000 nan nan nan 2.041258 2.263007 4.455218 -31.017170 -3.587723 -0.760187 0.000000 0.752551 2849
car -1 -1 nan 60782.000000 nan nan nan 0.529844 1.058258 1.454351 -46.256829 0.056352 -1.730610 0.000000 0.760057 2808
