car -1 -1 nan 60029.000000 nan nan nan 0.134057 0.366735 0.607993 49.535357 3.049370 0.295967 0.000000 0.592635 2923
car -1 -1 nan 60060.000000 nan nan nan 0.808318 0.658070 1.590178 28.286418 10.653703 0.223878 0.000000 0.721196 2921
truck -1 -1 nan 60051.000000 nan nan nan 2.098014 2.306444 3.166533 46.328702 -4.268192 0.729754 0.000000 0.745374 2917
truck -1 -1 nan 59995.000000 nan nan nan 1.666081 2.540278 0.588297 -50.440063 -8.733069 1.029624 0.000000 0.852605 2914
car -1 -1 nan 60046.000000 nan nan nan 0.736160 1.618712 1.634959 34.362009 -4.446590 -0.253220 0.000000 0.825929 2911
car -1 -1 nan 60052.000000 nan nan nan 1.084321 2.761590 1.401285 33.556640 3.748255 0.204336 0.000000 0.904943 2902
car -1 -1 nan 60049.000000 nan nan nan 1.107733 3.403134 1.825901 28.100813 5.680768 0.101874 0.000000 0.956999 2896
car -1 -1 nan 60045.000000 nan nan nan 1.383215 1.771781 3.145801 8.810429 -3.115374 -0.856642 0.000000 0.945885 2906
car -1 -1 nan 60035.000000 nan nan nan 1.295273 1.622657 3.951867 14.189655 -2.942386 -0.746446 0.000000 0.939038 2893
car -1 -1 nan 60043.000000 nan nan nan 1.260955 1.738486 4.189232 -9.060606 -3.032234 -1.280424 0.000000 0.927190 2885
car -1 -1 nan 60058.000000 nan nan nan 1.958116 2.278306 4.517098 3.585524 -2.919620 -0.786302 0.000000 0.942381 2880
car -1 -1 nan 60028.000000 nan nan nan 1.554779 1.847442 4.442816 -2.120514 -2.933456 -0.886996 0.000000 0.954651 2871
other-vehicle -1 -1 nan 60056.000000 nan nan nan 2.379858 2.287523 5.909112 -18.274487 -3.024762 -1.006037 0.000000 0.801048 2849
car -1 -1 nan 60032.000000 nan nan nan 1.821276 0.330853 4.552343 -25.051017 -2.291439 -1.325093 0.000000 0.876766 2817
car -1 -1 nan 60053.000000 nan nan nan 1.213174 2.254465 3.491811 -34.994148 1.264275 -1.768711 0.000000 0.919340 2808
person -1 -1 nan 60039.000000 nan nan nan 0.588136 0.419711 0.319048 18.576399 5.378398 0.045444 0.000000 0.882594 624
