car -1 -1 nan 59980.000000 nan nan nan 0.678287 0.473497 1.662541 29.748797 10.501819 0.188893 0.000000 0.763072 2921
truck -1 -1 nan 59983.000000 nan nan nan 1.946171 2.457058 3.989886 48.090915 -4.528459 0.869148 0.000000 0.872206 2917
truck -1 -1 nan 59958.000000 nan nan nan 1.567009 2.680823 1.381720 -49.241857 -8.617045 1.042707 0.000000 0.663282 2914
car -1 -1 nan 59986.000000 nan nan nan 0.428213 1.063999 2.197205 36.051847 -4.500182 -0.372909 0.000000 0.527978 2911
car -1 -1 nan 59970.000000 nan nan nan 1.132787 2.777847 0.842319 35.011260 3.656020 0.236593 0.000000 0.912584 2902
car -1 -1 nan 59974.000000 nan nan nan 1.134796 2.978455 1.225807 29.723429 5.479242 0.139881 0.000000 0.856482 2896
car -1 -1 nan 59973.000000 nan nan nan 1.320415 1.656527 3.069864 10.386976 -3.105328 -0.812749 0.000000 0.924539 2906
car -1 -1 nan 59959.000000 nan nan nan 1.229700 1.544234 3.850800 15.808594 -2.924671 -0.720212 0.000000 0.940277 2893
car -1 -1 nan 59969.000000 nan nan nan 1.286627 1.757467 4.320470 -7.383046 -2.973483 -1.270875 0.000000 0.943411 2885
car -1 -1 nan 59978.000000 nan nan nan 1.826747 2.107976 4.362589 5.100372 -2.872950 -0.710921 0.000000 0.936684 2880
car -1 -1 nan 59981.000000 nan nan nan 1.458690 1.772962 4.356970 -0.561989 -2.939984 -0.635521 0.000000 0.966348 2871
other-vehicle -1 -1 nan 59956.000000 nan nan nan 2.375660 2.191102 5.679656 -16.740987 -2.998351 -0.951295 0.000000 0.836595 2849
car -1 -1 nan 59947.000000 nan nan nan 0.163241 0.394145 1.313102 -49.251151 -3.770345 -2.793454 0.000000 0.740325 2821
car -1 -1 nan 59971.000000 nan nan nan 1.909043 0.367129 3.969348 -23.698863 -2.232532 -1.279251 0.000000 0.829981 2817
car -1 -1 nan 59963.000000 nan nan nan 1.568892 2.551599 4.058783 -33.887616 1.314714 -1.740716 0.000000 0.958304 2808
person -1 -1 nan 59968.000000 nan nan nan 0.417849 0.390326 0.354516 20.209728 5.315099 0.071440 0.000000 0.800107 624
