car -1 -1 nan 61155.000000 nan nan nan 1.153890 2.374546 1.544905 8.139488 29.455082 0.399820 0.000000 0.843703 2959
car -1 -1 nan 61133.000000 nan nan nan 0.862606 0.459498 1.786992 12.074149 -47.888217 -3.223187 0.000000 0.845176 2960
car -1 -1 nan 61134.000000 nan nan nan 1.169686 0.807920 1.306872 43.424036 10.060270 -0.506443 0.000000 0.734734 2957
car -1 -1 nan 61156.000000 nan nan nan 1.025065 0.866271 0.956511 27.839999 7.959154 -0.415693 0.000000 0.742363 2955
car -1 -1 nan 61147.000000 nan nan nan 1.231144 3.147448 2.555846 8.994136 24.386911 0.303161 0.000000 0.711835 2952
car -1 -1 nan 61136.000000 nan nan nan 0.341119 2.298862 1.595607 12.182775 -22.914187 -1.415059 0.000000 0.790693 2946
car -1 -1 nan 61164.000000 nan nan nan 0.466793 1.053558 0.256480 41.088147 10.142274 -0.550897 0.000000 0.738624 2945
car -1 -1 nan 61160.000000 nan nan nan 1.185151 2.030270 1.312016 22.222889 7.355294 -0.406973 0.000000 0.785785 2940
car -1 -1 nan 61163.000000 nan nan nan 1.324818 1.469559 1.372115 19.521580 6.542102 -0.618635 0.000000 0.841925 2937
car -1 -1 nan 61144.000000 nan nan nan 0.705294 0.762129 1.185776 32.959267 8.406803 -0.882799 0.000000 0.669566 2923
car -1 -1 nan 61140.000000 nan nan nan 1.366535 1.176943 3.255452 25.163227 -0.023558 -0.846358 0.000000 0.910714 2930
car -1 -1 nan 61153.000000 nan nan nan 1.291547 4.103916 2.193877 10.230749 14.329344 -0.443448 0.000000 0.925768 2921
other-vehicle -1 -1 nan 61149.000000 nan nan nan 2.715185 3.508924 6.323171 31.821446 0.631797 -0.002579 0.000000 0.481531 2917
car -1 -1 nan 61154.000000 nan nan nan 1.328162 1.789888 3.683256 19.635785 -1.095178 -0.883721 0.000000 0.918252 2911
car -1 -1 nan 61158.000000 nan nan nan 1.299779 3.596524 2.749090 17.266228 7.021514 -0.497977 0.000000 0.965246 2902
car -1 -1 nan 61131.000000 nan nan nan 1.362298 4.404462 2.372682 11.272133 8.209555 -0.657540 0.000000 0.937394 2896
car -1 -1 nan 61157.000000 nan nan nan 1.724841 1.776514 3.487674 -6.292282 -3.563719 -1.038130 0.000000 0.932076 2906
car -1 -1 nan 61139.000000 nan nan nan 1.104964 1.785471 4.304418 -1.019224 -2.884927 -0.975237 0.000000 0.962563 2893
car -1 -1 nan 61151.000000 nan nan nan 1.101917 1.050104 3.327568 -24.270832 -5.735497 -1.246850 0.000000 0.849350 2885
car -1 -1 nan 61150.000000 nan nan nan 1.706407 2.066488 4.625153 -11.491968 -4.046537 -0.908967 0.000000 0.942733 2880
car -1 -1 nan 61135.000000 nan nan nan 1.563558 1.948721 4.155752 -17.478955 -5.011164 -1.072315 0.000000 0.908748 2871
other-vehicle -1 -1 nan 61142.000000 nan nan nan 1.949516 2.171380 1.385648 -32.535364 -7.549767 -0.704837 0.000000 0.403738 2849
car -1 -1 nan 61132.000000 nan nan nan 0.553627 1.371550 0.763458 -49.564139 -5.898304 -1.663986 0.000000 0.837031 2808
