car -1 -1 nan 59601.000000 nan nan nan 0.663321 2.294644 0.579842 44.299600 3.730631 0.013875 0.000000 0.850308 2902
car -1 -1 nan 59587.000000 nan nan nan 0.368434 1.640232 1.161071 39.164773 5.328808 0.473879 0.000000 0.786315 2896
truck -1 -1 nan 59584.000000 nan nan nan 0.305304 0.447640 0.436134 -42.142497 3.120424 -1.471744 0.000000 0.671356 2905
car -1 -1 nan 59594.000000 nan nan nan 1.182391 1.319113 2.593256 19.818881 -2.809717 -0.681489 0.000000 0.799194 2906
car -1 -1 nan 59593.000000 nan nan nan 0.447719 0.935006 1.398209 -46.258257 -3.566858 -2.728545 0.000000 0.693799 2894
car -1 -1 nan 59582.000000 nan nan nan 1.195681 1.144712 3.227515 25.012417 -2.670188 -0.572609 0.000000 0.831875 2893
car -1 -1 nan 59590.000000 nan nan nan 1.168286 1.722940 4.211133 1.631352 -2.816228 -0.971107 0.000000 0.863059 2885
car -1 -1 nan 59592.000000 nan nan nan 1.699053 1.633618 4.251671 14.457299 -2.529221 -0.555353 0.000000 0.922853 2880
car -1 -1 nan 59575.000000 nan nan nan 1.706202 2.020467 4.187499 8.437825 -2.814695 -0.788492 0.000000 0.952594 2871
other-vehicle -1 -1 nan 59583.000000 nan nan nan 2.375152 2.150954 5.897435 -7.285178 -2.917263 -0.718544 0.000000 0.859370 2849
car -1 -1 nan 59595.000000 nan nan nan 0.569903 1.044227 1.739557 -41.252130 -4.061382 -2.588137 0.000000 0.822794 2821
car -1 -1 nan 59589.000000 nan nan nan 1.988485 0.602319 4.704361 -14.206765 -2.283762 -1.079297 0.000000 0.840556 2817
car -1 -1 nan 59602.000000 nan nan nan 1.535607 1.983252 4.866561 -24.794952 1.237441 -1.539095 0.000000 0.959357 2808
person -1 -1 nan 59586.000000 nan nan nan 0.997858 0.279931 0.324138 -35.477393 -4.477018 -1.997376 0.000000 0.870789 617
