truck -1 -1 nan 59793.000000 nan nan nan 1.011347 1.762687 0.754263 -44.688796 -9.464472 1.307472 0.000000 0.707474 2914
car -1 -1 nan 59800.000000 nan nan nan 0.196183 0.667058 0.328707 39.477187 -4.298869 -0.438563 0.000000 0.623599 2911
car -1 -1 nan 59811.000000 nan nan nan 0.902649 2.558328 0.689815 39.352638 3.525367 0.138570 0.000000 0.887959 2902
car -1 -1 nan 59807.000000 nan nan nan 0.982796 2.029757 1.231369 33.983824 5.054190 0.046898 0.000000 0.748870 2896
car -1 -1 nan 59805.000000 nan nan nan 1.220608 1.422550 2.970527 14.692414 -3.023698 -0.776732 0.000000 0.881971 2906
car -1 -1 nan 59796.000000 nan nan nan 1.270149 1.129242 3.625758 19.925655 -2.764061 -0.707502 0.000000 0.925640 2893
car -1 -1 nan 59792.000000 nan nan nan 1.268518 1.731501 4.323254 -3.294410 -2.888072 -1.157234 0.000000 0.953797 2885
car -1 -1 nan 59785.000000 nan nan nan 1.763612 1.760508 4.313231 9.267146 -2.696361 -0.658338 0.000000 0.922225 2880
car -1 -1 nan 59801.000000 nan nan nan 1.564443 1.861505 4.315102 3.376882 -2.826931 -0.860872 0.000000 0.945423 2871
other-vehicle -1 -1 nan 59799.000000 nan nan nan 2.402352 2.210016 5.838222 -12.514553 -2.914465 -0.823575 0.000000 0.768515 2849
car -1 -1 nan 59802.000000 nan nan nan 0.537918 0.785831 0.984560 -45.847127 -3.861066 -2.599259 0.000000 0.732946 2821
car -1 -1 nan 59788.000000 nan nan nan 1.971481 0.375699 4.168854 -19.460939 -2.186816 -1.137555 0.000000 0.918004 2817
car -1 -1 nan 59810.000000 nan nan nan 1.486467 1.788291 4.322005 -29.668872 1.182454 -1.502292 0.000000 0.887582 2808
person -1 -1 nan 59768.000000 nan nan nan 0.643247 0.367282 0.229841 24.482012 5.378060 -0.083824 0.000000 0.889537 624
