car -1 -1 nan 59426.000000 nan nan nan 1.083740 2.278964 0.658164 48.761057 3.918487 0.167645 0.000000 0.868622 2902
car -1 -1 nan 59435.000000 nan nan nan 0.394825 0.975416 0.835566 -42.201000 -3.760223 -2.361845 0.000000 0.797276 2894
car -1 -1 nan 59420.000000 nan nan nan 0.402181 1.810696 0.299743 43.004711 5.576121 0.364278 0.000000 0.465762 2896
car -1 -1 nan 59430.000000 nan nan nan 1.063298 0.844015 3.326732 29.564155 -2.292423 -0.702930 0.000000 0.874175 2893
car -1 -1 nan 59422.000000 nan nan nan 1.338886 1.974072 4.182754 5.810265 -2.877867 -1.022758 0.000000 0.926797 2885
car -1 -1 nan 59427.000000 nan nan nan 1.632256 1.369833 4.251951 18.810285 -2.234209 -0.604094 0.000000 0.939154 2880
car -1 -1 nan 59424.000000 nan nan nan 1.567061 1.914600 4.254959 12.698811 -2.650689 -0.794969 0.000000 0.951442 2871
other-vehicle -1 -1 nan 59411.000000 nan nan nan 2.218673 2.167009 5.459273 -3.113077 -2.918758 -0.694923 0.000000 0.883688 2849
car -1 -1 nan 59428.000000 nan nan nan 0.556548 1.088097 0.740599 -36.183631 -4.340360 -2.350570 0.000000 0.638811 2821
car -1 -1 nan 59425.000000 nan nan nan 2.093157 1.077704 4.774590 -9.693670 -2.592841 -0.923561 0.000000 0.961862 2817
car -1 -1 nan 59415.000000 nan nan nan 1.599193 2.188171 4.475250 -20.289664 0.937846 -1.356855 0.000000 0.917964 2808
car -1 -1 nan 59439.000000 nan nan nan 1.095290 0.657671 2.156380 -35.052287 0.136010 -1.739318 0.000000 0.614468 2806
person -1 -1 nan 59417.000000 nan nan nan 0.193611 0.317566 0.502383 14.504218 6.317038 0.245880 0.000000 0.809024 618
person -1 -1 nan 59423.000000 nan nan nan 1.231906 0.412291 0.427113 -31.065533 -4.681851 -1.821002 0.000000 0.796987 617
person -1 -1 nan 59352.000000 nan nan nan 1.220036 0.368692 0.411041 -33.151576 -5.014886 -1.451793 0.000000 0.863739 616
