car -1 -1 nan 59080.000000 nan nan nan 1.267704 1.281152 4.188858 15.558608 -3.264031 -1.035658 0.000000 0.914343 2885
car -1 -1 nan 59079.000000 nan nan nan 1.452940 0.935673 4.083343 28.785099 -3.584307 -0.770978 0.000000 0.800088 2880
car -1 -1 nan 59074.000000 nan nan nan 1.569160 1.725257 3.933035 22.634386 -3.745701 -0.889544 0.000000 0.917908 2871
other-vehicle -1 -1 nan 59092.000000 nan nan nan 2.162771 2.218311 4.852723 6.181278 -3.010867 -0.591751 0.000000 0.832301 2849
car -1 -1 nan 59078.000000 nan nan nan 1.104147 1.570581 4.010824 -27.787697 -2.637663 -1.443200 0.000000 0.940483 2821
car -1 -1 nan 59070.000000 nan nan nan 1.613114 1.976802 4.621681 0.171840 -2.837127 -0.515875 0.000000 0.652411 2817
car -1 -1 nan 59084.000000 nan nan nan 1.599620 1.927149 4.570388 -10.143658 1.673982 -0.916067 0.000000 0.957415 2808
car -1 -1 nan 59088.000000 nan nan nan 1.207806 1.631852 3.244169 -25.895222 2.183235 -1.203871 0.000000 0.866771 2806
car -1 -1 nan 59086.000000 nan nan nan 1.146190 1.661643 4.009499 -33.037158 -1.589548 -1.430048 0.000000 0.845654 2801
car -1 -1 nan 59076.000000 nan nan nan 1.213458 1.372611 3.096236 -35.610017 1.975371 -1.160320 0.000000 0.881113 2798
person -1 -1 nan 59090.000000 nan nan nan 1.188215 0.597386 0.461529 -9.865927 -3.810391 -0.931792 0.000000 0.395628 604
