truck -1 -1 nan 59475.000000 nan nan nan 0.841272 1.763830 1.445779 -40.151232 3.267713 -1.741232 0.000000 0.718739 2905
car -1 -1 nan 59493.000000 nan nan nan 0.928517 0.854607 2.498179 22.542176 -2.493035 -0.429180 0.000000 0.680923 2906
other-vehicle -1 -1 nan 59449.000000 nan nan nan 1.742084 3.466556 2.046860 -37.491113 -9.756240 0.653203 0.000000 0.816530 2904
car -1 -1 nan 59468.000000 nan nan nan 0.320405 1.029010 1.139156 -43.758346 -3.697887 -2.680840 0.000000 0.730670 2894
car -1 -1 nan 59489.000000 nan nan nan 1.177426 1.069888 3.081502 27.694609 -2.495456 -0.363748 0.000000 0.871329 2893
car -1 -1 nan 59477.000000 nan nan nan 1.295188 1.895971 4.216859 4.106797 -2.870548 -1.030490 0.000000 0.947864 2885
car -1 -1 nan 59478.000000 nan nan nan 1.709741 1.431998 4.376243 17.059233 -2.343868 -0.450272 0.000000 0.930181 2880
car -1 -1 nan 59472.000000 nan nan nan 1.643751 1.881674 4.184180 10.907488 -2.727998 -0.688599 0.000000 0.959980 2871
other-vehicle -1 -1 nan 59466.000000 nan nan nan 2.267111 2.171645 5.508675 -4.817824 -2.910302 -0.732258 0.000000 0.853536 2849
car -1 -1 nan 59479.000000 nan nan nan 1.105359 1.054342 1.897329 -38.484967 -4.279420 -2.460890 0.000000 0.694543 2821
car -1 -1 nan 59476.000000 nan nan nan 2.037836 0.797541 4.888902 -11.584114 -2.413324 -1.046729 0.000000 0.956266 2817
car -1 -1 nan 59492.000000 nan nan nan 1.569414 1.913306 4.769305 -22.084209 0.992450 -1.576824 0.000000 0.829263 2808
person -1 -1 nan 59417.000000 nan nan nan 0.193611 0.317566 0.502383 12.748409 6.248619 0.362313 0.000000 0.809024 618
person -1 -1 nan 59474.000000 nan nan nan 1.100736 0.327124 0.290047 -32.904631 -4.629859 -2.052551 0.000000 0.911299 617
