car -1 -1 nan 59613.000000 nan nan nan 0.737261 1.982896 1.387647 45.587245 -14.440005 -0.011728 0.000000 0.883963 2907
other-vehicle -1 -1 nan 59616.000000 nan nan nan 0.423716 0.705308 0.605735 -15.326608 9.543325 -0.481700 0.000000 0.830225 2908
car -1 -1 nan 59637.000000 nan nan nan 0.652236 2.368704 0.510880 43.437881 3.654340 0.001620 0.000000 0.876726 2902
car -1 -1 nan 59617.000000 nan nan nan 0.550988 2.405365 0.974630 38.261426 5.304009 0.387758 0.000000 0.853564 2896
truck -1 -1 nan 59620.000000 nan nan nan 0.858387 1.184090 1.250285 -43.338672 3.165257 -1.578608 0.000000 0.661146 2905
car -1 -1 nan 59628.000000 nan nan nan 1.250875 1.615428 2.781945 18.996882 -2.975563 -0.714987 0.000000 0.870275 2906
car -1 -1 nan 59610.000000 nan nan nan 0.508541 0.326299 0.627531 -47.355740 -3.335882 -2.745795 0.000000 0.591523 2894
car -1 -1 nan 59612.000000 nan nan nan 1.186411 1.232648 3.404853 24.161133 -2.738172 -0.575644 0.000000 0.901682 2893
car -1 -1 nan 59636.000000 nan nan nan 1.006055 1.712340 4.207009 0.768919 -2.832539 -0.905688 0.000000 0.943151 2885
car -1 -1 nan 59625.000000 nan nan nan 1.780410 1.652760 4.391526 13.592659 -2.568608 -0.560402 0.000000 0.931325 2880
car -1 -1 nan 59615.000000 nan nan nan 1.681498 1.907641 4.422668 7.620919 -2.807557 -0.814250 0.000000 0.950232 2871
other-vehicle -1 -1 nan 59608.000000 nan nan nan 2.372511 2.197286 5.904984 -8.178345 -2.922212 -0.721084 0.000000 0.853201 2849
car -1 -1 nan 59626.000000 nan nan nan 0.664656 1.007802 2.171858 -42.234954 -4.024335 -2.593016 0.000000 0.794700 2821
car -1 -1 nan 59622.000000 nan nan nan 1.996249 0.508240 4.522766 -15.044949 -2.250125 -1.094278 0.000000 0.879927 2817
car -1 -1 nan 59634.000000 nan nan nan 1.450977 2.472611 4.759501 -25.703325 1.344098 -1.519863 0.000000 0.898630 2808
person -1 -1 nan 59631.000000 nan nan nan 1.261132 0.738797 0.376965 41.403578 3.671411 0.544100 0.000000 0.863803 622
person -1 -1 nan 59635.000000 nan nan nan 1.231714 0.304148 0.553664 -37.425592 -4.420440 -2.091859 0.000000 0.650406 617
