car -1 -1 nan 62497.000000 nan nan nan 1.257139 1.923069 1.766534 -17.680715 -8.863805 -0.767038 0.000000 0.744072 2880
car -1 -1 nan 62480.000000 nan nan nan 0.474870 0.547252 0.661625 10.924651 -20.367878 0.317918 0.000000 0.555396 3007
car -1 -1 nan 62461.000000 nan nan nan 0.472216 2.865978 2.220445 17.685879 -34.878873 1.331858 0.000000 0.630341 3004
car -1 -1 nan 62490.000000 nan nan nan 0.692283 1.266978 1.873028 16.850808 -26.593696 0.357816 0.000000 0.763359 3005
car -1 -1 nan 62510.000000 nan nan nan 1.018748 0.937564 1.082256 28.920120 25.244974 -1.103199 0.000000 0.863847 3000
car -1 -1 nan 62470.000000 nan nan nan 0.938841 1.344610 1.557365 34.352623 28.686176 -1.155076 0.000000 0.787872 2996
car -1 -1 nan 62495.000000 nan nan nan 0.547812 0.823101 0.521402 20.472358 -6.562951 -0.633713 0.000000 0.774588 2994
car -1 -1 nan 62511.000000 nan nan nan 1.224280 0.999886 1.213859 17.417292 19.386504 -1.239527 0.000000 0.824799 2992
car -1 -1 nan 62475.000000 nan nan nan 0.455360 0.779296 1.471512 22.327999 -10.499663 -0.594587 0.000000 0.715199 2978
car -1 -1 nan 62471.000000 nan nan nan 1.489648 1.441923 1.424158 -17.356949 39.323378 -2.446975 0.000000 0.784109 2980
car -1 -1 nan 62440.000000 nan nan nan 0.904894 0.895528 1.042654 -15.360794 34.439289 -2.486055 0.000000 0.728206 2977
car -1 -1 nan 62493.000000 nan nan nan 1.264245 2.547942 2.794045 -8.874002 25.429375 -2.007980 0.000000 0.877054 2964
car -1 -1 nan 62484.000000 nan nan nan 1.501948 3.643781 3.148502 -12.111876 30.411655 -2.133709 0.000000 0.836128 2959
car -1 -1 nan 62494.000000 nan nan nan 1.147135 1.431831 1.968818 14.892243 18.035964 -1.118943 0.000000 0.903952 2955
car -1 -1 nan 62501.000000 nan nan nan 1.420382 3.909193 2.768734 11.398246 -16.387288 -0.308831 0.000000 0.946726 2946
car -1 -1 nan 62487.000000 nan nan nan 1.167251 1.649670 1.943115 26.595076 24.882428 -1.158491 0.000000 0.838203 2945
car -1 -1 nan 62507.000000 nan nan nan 1.371637 1.947264 1.840076 9.944351 14.758430 -1.125133 0.000000 0.854911 2940
car -1 -1 nan 62509.000000 nan nan nan 1.349174 1.817846 2.041439 7.726969 13.251341 -1.162848 0.000000 0.878520 2937
car -1 -1 nan 62500.000000 nan nan nan 0.895130 1.240547 1.491276 19.319503 20.158999 -1.279334 0.000000 0.904700 2923
car -1 -1 nan 62481.000000 nan nan nan 1.916388 2.667290 2.785467 19.997409 11.524639 0.058645 0.000000 0.798003 2930
car -1 -1 nan 62477.000000 nan nan nan 1.360191 3.452396 3.207571 -3.947767 16.645907 -1.666685 0.000000 0.914437 2921
other-vehicle -1 -1 nan 62506.000000 nan nan nan 0.580370 2.243158 1.629702 22.827895 13.332953 0.303240 0.000000 0.736194 2917
car -1 -1 nan 62514.000000 nan nan nan 1.400075 2.321632 3.165194 10.467660 5.558238 -0.798507 0.000000 0.928080 2911
car -1 -1 nan 62499.000000 nan nan nan 1.379415 4.084687 3.537224 5.025728 12.975033 -1.178026 0.000000 0.964487 2902
car -1 -1 nan 62489.000000 nan nan nan 1.426353 3.507821 3.344765 -0.689119 11.297306 -1.384730 0.000000 0.951981 2896
car -1 -1 nan 62491.000000 nan nan nan 1.411569 2.101617 2.896571 -12.550120 -6.356999 -1.205669 0.000000 0.945981 2906
car -1 -1 nan 62478.000000 nan nan nan 1.272510 3.082539 3.401045 -7.300790 -3.148817 -1.146775 0.000000 0.926111 2893
car -1 -1 nan 62469.000000 nan nan nan 1.264422 2.136994 3.456530 -21.592395 -11.999003 -1.024100 0.000000 0.907306 2871
other-vehicle -1 -1 nan 62485.000000 nan nan nan 1.547634 2.660725 1.673073 -35.018016 -19.755621 -0.645960 0.000000 0.833366 2849
person -1 -1 nan 62474.000000 nan nan nan 0.807161 0.493449 0.363449 -43.289175 -25.700678 -1.078071 0.000000 0.899513 638
person -1 -1 nan 62513.000000 nan nan nan 1.270159 0.717334 0.828587 -7.891564 26.841330 -1.822046 0.000000 0.806213 634
