other-vehicle -1 -1 nan 63146.000000 nan nan nan 0.654496 0.511665 1.713413 1.959493 -36.532802 -0.207441 0.000000 0.831405 3031
car -1 -1 nan 63172.000000 nan nan nan 0.624484 0.463325 0.212366 7.191669 36.713877 -1.966300 0.000000 0.577634 3022
car -1 -1 nan 63149.000000 nan nan nan 1.154475 2.468393 1.625481 35.929346 2.745442 -0.048193 0.000000 0.684829 3000
car -1 -1 nan 63164.000000 nan nan nan 1.172025 2.738998 1.462397 42.256149 1.925103 -0.007166 0.000000 0.912237 2996
car -1 -1 nan 63179.000000 nan nan nan 1.204212 0.770700 1.593548 23.067637 4.862142 -0.545000 0.000000 0.860311 2992
car -1 -1 nan 63171.000000 nan nan nan 1.173080 0.457937 1.456932 8.529143 41.812630 -1.394055 0.000000 0.892130 2980
car -1 -1 nan 63147.000000 nan nan nan 1.310303 2.861317 1.431438 6.469944 26.128199 -1.432049 0.000000 0.881739 2964
car -1 -1 nan 63165.000000 nan nan nan 1.435261 3.937779 1.429019 7.175450 32.219553 -1.482892 0.000000 0.904560 2959
car -1 -1 nan 63169.000000 nan nan nan 1.236399 2.446383 1.647807 20.411516 5.624874 -0.555145 0.000000 0.896783 2955
car -1 -1 nan 63143.000000 nan nan nan 1.477376 3.206410 1.962775 -3.768868 -19.201336 -0.711142 0.000000 0.880530 2946
car -1 -1 nan 63182.000000 nan nan nan 1.120645 2.237916 1.548028 34.088131 3.600182 -0.220796 0.000000 0.907584 2945
car -1 -1 nan 63153.000000 nan nan nan 1.345813 2.530464 1.854816 14.362368 6.133337 -0.662748 0.000000 0.886692 2940
car -1 -1 nan 63175.000000 nan nan nan 1.386921 2.462891 1.777141 11.818976 6.400344 -0.779619 0.000000 0.935014 2937
car -1 -1 nan 63158.000000 nan nan nan 1.094647 1.745545 1.127119 24.998536 4.292681 -0.565186 0.000000 0.899165 2923
car -1 -1 nan 63176.000000 nan nan nan 1.232769 2.483079 2.129420 19.705028 -2.839989 0.297066 0.000000 0.718768 2930
car -1 -1 nan 63162.000000 nan nan nan 1.331402 3.908323 1.640639 4.789785 16.132430 -1.271020 0.000000 0.954220 2921
car -1 -1 nan 63154.000000 nan nan nan 1.454159 1.820451 3.444356 9.139606 -1.562763 -0.597232 0.000000 0.924125 2911
car -1 -1 nan 63168.000000 nan nan nan 1.315713 4.460724 2.095153 9.485035 7.551220 -0.824134 0.000000 0.960543 2902
car -1 -1 nan 63138.000000 nan nan nan 1.372294 4.281499 1.648870 4.004363 9.861464 -1.128157 0.000000 0.918397 2896
car -1 -1 nan 63173.000000 nan nan nan 1.456472 1.607502 2.548745 -16.614231 3.325431 -1.576996 0.000000 0.928731 2906
car -1 -1 nan 63155.000000 nan nan nan 1.284248 2.077593 3.786299 -10.478410 2.535863 -1.349388 0.000000 0.963180 2893
car -1 -1 nan 63156.000000 nan nan nan 1.439840 1.341705 3.530603 -27.500480 4.833788 -1.689120 0.000000 0.894646 2871
other-vehicle -1 -1 nan 63141.000000 nan nan nan 2.219820 3.091942 2.235569 -42.832350 7.036174 -1.625709 0.000000 0.581497 2849
person -1 -1 nan 63031.000000 nan nan nan 0.429662 0.987360 0.877973 8.018891 27.060727 -0.648201 0.000000 0.796261 634
