truck -1 -1 nan 65292.000000 nan nan nan 1.445822 1.404009 1.522931 -43.572910 2.797219 -1.702992 0.000000 0.668969 3134
car -1 -1 nan 65348.000000 nan nan nan 0.837111 0.736797 1.126495 31.956843 6.484810 -0.181782 0.000000 0.481629 3133
car -1 -1 nan 65355.000000 nan nan nan 1.234475 1.669027 1.699992 42.635294 -3.104428 -0.606073 0.000000 0.914171 3130
car -1 -1 nan 65354.000000 nan nan nan 0.353621 0.758601 1.300411 -41.756048 -2.136932 -1.957519 0.000000 0.746858 3131
car -1 -1 nan 65353.000000 nan nan nan 0.825913 0.623250 0.733065 34.137412 3.956057 -0.265952 0.000000 0.851121 3120
car -1 -1 nan 65340.000000 nan nan nan 1.347003 1.598696 0.547752 40.559219 4.347766 0.024595 0.000000 0.795850 3125
car -1 -1 nan 65330.000000 nan nan nan 1.282135 3.244325 1.578150 19.031641 4.710547 -0.488148 0.000000 0.917726 3087
car -1 -1 nan 65342.000000 nan nan nan 1.420665 1.594323 3.527930 -6.603293 -4.059680 -1.098936 0.000000 0.936299 3060
car -1 -1 nan 65347.000000 nan nan nan 1.414797 2.289886 2.108857 12.813954 4.341296 -0.619338 0.000000 0.877348 3000
car -1 -1 nan 65351.000000 nan nan nan 1.416523 2.543808 1.830165 -0.333847 5.097871 -0.742643 0.000000 0.908511 2992
car -1 -1 nan 65344.000000 nan nan nan 1.445625 3.567180 1.656819 -2.909678 5.049931 -0.743529 0.000000 0.912801 2955
car -1 -1 nan 65339.000000 nan nan nan 1.420608 3.520203 1.915058 10.460900 5.391641 -0.658380 0.000000 0.929609 2945
car -1 -1 nan 65333.000000 nan nan nan 1.507763 3.419436 1.708569 -8.855446 4.751081 -0.815001 0.000000 0.933213 2940
car -1 -1 nan 65352.000000 nan nan nan 1.400282 1.936823 1.587995 -11.354201 3.809489 -0.868266 0.000000 0.884896 2937
car -1 -1 nan 65337.000000 nan nan nan 1.443159 3.679423 1.709557 1.961687 5.013116 -0.763829 0.000000 0.915597 2923
car -1 -1 nan 65326.000000 nan nan nan 2.079571 3.130478 6.383407 -0.126456 -3.578218 -0.654707 0.000000 0.891696 2930
car -1 -1 nan 65329.000000 nan nan nan 0.463396 2.427548 1.060778 -19.715996 11.837836 -0.552092 0.000000 0.831020 2921
car -1 -1 nan 65336.000000 nan nan nan 1.405010 1.728459 3.830821 -12.098574 -4.137115 -1.134661 0.000000 0.947800 2911
car -1 -1 nan 65345.000000 nan nan nan 1.079947 1.950881 1.341568 -13.720833 3.620240 -0.819948 0.000000 0.805645 2902
car -1 -1 nan 65341.000000 nan nan nan 0.352819 1.972517 1.441925 -19.608256 5.463713 -0.562920 0.000000 0.830674 2896
car -1 -1 nan 65331.000000 nan nan nan 1.141203 1.696389 3.041049 -31.893551 -2.837457 -1.615972 0.000000 0.831795 2893
person -1 -1 nan 65334.000000 nan nan nan 1.606371 0.826459 0.627300 13.452173 -5.343133 -0.762220 0.000000 0.934513 655
motorcycle -1 -1 nan 65280.000000 nan nan nan 0.683373 0.389781 0.821723 32.378571 4.113019 -0.951942 0.000000 0.728469 854
