car -1 -1 nan 66028.000000 nan nan nan 1.539031 1.472627 0.475955 38.698100 -2.219673 -0.054940 0.000000 0.606701 3148
car -1 -1 nan 66021.000000 nan nan nan 0.506564 0.339245 0.803567 26.547348 4.211873 -0.543011 0.000000 0.698012 3149
car -1 -1 nan 66022.000000 nan nan nan 1.559449 2.165304 1.022821 38.985812 -6.430138 -0.301273 0.000000 0.911843 3144
car -1 -1 nan 66016.000000 nan nan nan 1.180159 3.571201 1.669795 36.204147 2.145773 -0.373852 0.000000 0.931815 3139
car -1 -1 nan 66033.000000 nan nan nan 1.336696 1.738593 1.771943 13.312942 4.614331 -0.644862 0.000000 0.875158 3137
car -1 -1 nan 66014.000000 nan nan nan 1.198141 1.704812 3.407588 24.460265 -2.888676 -0.639921 0.000000 0.887149 3130
car -1 -1 nan 66010.000000 nan nan nan 1.218703 2.213585 1.762210 15.499725 4.805112 -0.593663 0.000000 0.852857 3120
car -1 -1 nan 66027.000000 nan nan nan 1.494030 2.922874 2.189342 21.797048 5.097305 -0.252261 0.000000 0.863581 3125
car -1 -1 nan 66023.000000 nan nan nan 1.492301 3.177891 1.756449 0.254949 4.716137 -0.794701 0.000000 0.907239 3087
car -1 -1 nan 66031.000000 nan nan nan 1.424925 3.024126 1.711142 -5.855705 4.815872 -0.890307 0.000000 0.948645 3000
car -1 -1 nan 66030.000000 nan nan nan 0.622938 1.937370 1.062799 -19.088572 4.866707 -0.745243 0.000000 0.748109 2992
car -1 -1 nan 66026.000000 nan nan nan 1.382209 1.775253 1.456623 -21.721189 4.256538 -1.090434 0.000000 0.866783 2955
car -1 -1 nan 66017.000000 nan nan nan 1.397134 1.886039 1.785674 -8.161744 4.526815 -0.926154 0.000000 0.726202 2945
car -1 -1 nan 66020.000000 nan nan nan 1.318587 1.993418 1.497300 -27.741510 4.077590 -1.084200 0.000000 0.863483 2940
car -1 -1 nan 66029.000000 nan nan nan 0.990905 0.644399 0.751932 -30.066196 3.233568 -1.135403 0.000000 0.874827 2937
car -1 -1 nan 66007.000000 nan nan nan 1.172853 2.092906 1.364039 -16.716710 4.278081 -1.165413 0.000000 0.841496 2923
car -1 -1 nan 66018.000000 nan nan nan 2.621102 2.260661 6.421322 -18.801588 -3.762514 -0.459497 0.000000 0.783248 2930
car -1 -1 nan 66012.000000 nan nan nan 1.124415 0.438835 3.342857 -30.789986 -3.614786 -1.378205 0.000000 0.897953 2911
car -1 -1 nan 66025.000000 nan nan nan 0.525790 0.474962 1.405895 -32.698158 2.806132 -1.353991 0.000000 0.750386 2902
person -1 -1 nan 66019.000000 nan nan nan 1.628473 0.795183 0.540912 -7.669985 -5.472003 -0.952551 0.000000 0.943635 655
