car -1 -1 nan 64614.000000 nan nan nan 0.512762 0.765825 0.666658 -14.290449 -30.622485 -2.549969 0.000000 0.630129 3054
car -1 -1 nan 64543.000000 nan nan nan 0.760159 0.638689 0.761675 48.059903 -3.395590 -0.936417 0.000000 0.868421 3106
car -1 -1 nan 64581.000000 nan nan nan 0.568333 2.043620 0.770625 -1.666897 29.330234 0.441764 0.000000 0.708946 2959
car -1 -1 nan 64582.000000 nan nan nan 0.690253 1.510459 2.134557 -35.791937 4.027511 -0.554217 0.000000 0.740235 3098
car -1 -1 nan 64589.000000 nan nan nan 1.074916 1.892821 0.897823 32.811681 -0.495755 -0.869035 0.000000 0.853984 3087
car -1 -1 nan 64617.000000 nan nan nan 1.225349 1.226985 3.387559 -30.034930 3.319571 -0.815750 0.000000 0.925979 3081
car -1 -1 nan 64610.000000 nan nan nan 1.158060 1.399159 2.616332 -25.288526 2.186550 -1.117134 0.000000 0.836567 2906
car -1 -1 nan 64591.000000 nan nan nan 1.399679 1.803008 3.811140 5.887581 -4.097097 -1.023553 0.000000 0.915515 3060
car -1 -1 nan 64621.000000 nan nan nan 1.182432 1.181268 1.622980 26.830764 0.695099 -0.817933 0.000000 0.800680 3000
car -1 -1 nan 64613.000000 nan nan nan 1.343241 1.326872 1.663597 13.988684 3.202924 -0.804112 0.000000 0.880387 2992
car -1 -1 nan 64605.000000 nan nan nan 1.323291 2.780022 2.743791 -1.950676 24.069916 -0.283947 0.000000 0.847443 2964
car -1 -1 nan 64620.000000 nan nan nan 1.419638 3.789256 1.894672 11.275037 4.470792 -0.731624 0.000000 0.941585 2955
car -1 -1 nan 64579.000000 nan nan nan 1.314114 2.421944 1.880611 -13.015585 -20.534094 -1.816617 0.000000 0.893992 2946
car -1 -1 nan 64596.000000 nan nan nan 1.292890 2.059819 1.670125 24.754570 1.484933 -0.834270 0.000000 0.857594 2945
car -1 -1 nan 64593.000000 nan nan nan 1.476205 2.720110 2.068720 5.358936 4.492475 -0.703359 0.000000 0.923837 2940
car -1 -1 nan 64611.000000 nan nan nan 1.493385 3.621335 1.823801 2.737848 5.212090 -0.732725 0.000000 0.941703 2937
car -1 -1 nan 64583.000000 nan nan nan 1.206181 1.758381 1.418625 15.988491 2.396166 -0.927941 0.000000 0.902332 2923
car -1 -1 nan 64599.000000 nan nan nan 2.552118 2.742849 6.181519 12.425901 -4.833773 -0.481118 0.000000 0.886776 2930
car -1 -1 nan 64601.000000 nan nan nan 1.303197 4.032692 2.211813 -3.917977 14.380390 -0.637683 0.000000 0.946827 2921
car -1 -1 nan 64604.000000 nan nan nan 1.275024 2.004617 4.084785 0.582994 -3.248631 -0.916023 0.000000 0.939090 2911
car -1 -1 nan 64603.000000 nan nan nan 1.437249 3.273641 1.977077 0.418479 5.120370 -0.722285 0.000000 0.927676 2902
car -1 -1 nan 64585.000000 nan nan nan 1.432227 4.189838 2.070805 -4.786027 8.129220 -0.819946 0.000000 0.934499 2896
car -1 -1 nan 64588.000000 nan nan nan 1.220562 2.409721 3.786273 -19.469675 1.154051 -1.137486 0.000000 0.921178 2893
