other-vehicle -1 -1 nan 62951.000000 nan nan nan 0.801730 1.256678 2.578775 8.599452 -35.097011 -0.237700 0.000000 0.914456 3031
car -1 -1 nan 62969.000000 nan nan nan 1.010902 1.041296 0.504473 0.776753 37.865665 -1.768099 0.000000 0.860330 3022
car -1 -1 nan 62984.000000 nan nan nan 1.052153 1.149325 1.057364 35.501288 9.578361 -0.624003 0.000000 0.862491 3000
car -1 -1 nan 62953.000000 nan nan nan 0.931830 1.665560 1.202506 41.783458 10.135559 -0.549983 0.000000 0.864739 2996
car -1 -1 nan 62975.000000 nan nan nan 1.151251 0.759239 1.568110 22.458028 9.380059 -0.852928 0.000000 0.778339 2992
car -1 -1 nan 62973.000000 nan nan nan 1.394508 0.997127 1.478330 0.972950 43.128628 -1.585126 0.000000 0.744342 2980
car -1 -1 nan 62967.000000 nan nan nan 1.299671 2.976650 1.578772 2.015610 27.089651 -1.563045 0.000000 0.879666 2964
car -1 -1 nan 62956.000000 nan nan nan 1.461763 3.916467 1.768048 1.629826 33.074815 -1.512477 0.000000 0.847688 2959
car -1 -1 nan 62970.000000 nan nan nan 1.146621 2.389540 1.874909 19.725742 9.666698 -0.796649 0.000000 0.876539 2955
car -1 -1 nan 62948.000000 nan nan nan 1.538933 2.575401 1.980076 0.779668 -19.042136 -0.712714 0.000000 0.923660 2946
car -1 -1 nan 62960.000000 nan nan nan 1.013763 1.997126 1.519465 33.478324 10.340988 -0.660103 0.000000 0.850002 2945
car -1 -1 nan 62974.000000 nan nan nan 1.375120 1.884541 1.687634 13.783992 8.897946 -0.837592 0.000000 0.844663 2940
car -1 -1 nan 62976.000000 nan nan nan 1.328527 3.105720 1.885677 11.259664 8.984383 -0.926195 0.000000 0.897744 2937
car -1 -1 nan 62943.000000 nan nan nan 1.094648 1.702214 1.332088 24.529592 9.324418 -0.912983 0.000000 0.860355 2923
car -1 -1 nan 62958.000000 nan nan nan 1.241656 1.589293 0.913951 20.442706 1.534675 0.289931 0.000000 0.665528 2930
car -1 -1 nan 62949.000000 nan nan nan 1.288635 3.977424 1.645997 2.362187 16.910302 -1.347106 0.000000 0.928395 2921
other-vehicle -1 -1 nan 62980.000000 nan nan nan 0.316535 1.131562 0.535979 22.497315 1.468014 0.304878 0.000000 0.606085 2917
car -1 -1 nan 62952.000000 nan nan nan 1.357689 1.926433 3.567373 10.006072 0.418091 -0.697870 0.000000 0.942210 2911
car -1 -1 nan 62972.000000 nan nan nan 1.386800 4.284081 2.305907 8.623516 9.362912 -0.922661 0.000000 0.969683 2902
car -1 -1 nan 62963.000000 nan nan nan 1.361676 4.242046 2.024555 2.849326 10.594042 -1.157127 0.000000 0.962074 2896
car -1 -1 nan 62978.000000 nan nan nan 1.211887 2.819972 2.298828 -16.108570 0.332845 -1.309559 0.000000 0.797155 2906
car -1 -1 nan 62947.000000 nan nan nan 1.271636 2.309246 3.694153 -9.894335 0.718423 -1.219567 0.000000 0.923298 2893
car -1 -1 nan 62955.000000 nan nan nan 1.399758 1.509110 2.810180 -26.680696 -1.062634 -1.347854 0.000000 0.823087 2871
other-vehicle -1 -1 nan 62982.000000 nan nan nan 2.160275 2.203180 2.728674 -42.205922 -1.718907 -0.970629 0.000000 0.824150 2849
person -1 -1 nan 62937.000000 nan nan nan 0.603528 0.794148 0.833255 3.484907 27.704760 -0.877810 0.000000 0.731363 634
