car -1 -1 nan 63205.000000 nan nan nan 0.417080 1.153451 0.234383 12.352530 36.708524 -0.977102 0.000000 0.670199 3041
other-vehicle -1 -1 nan 63146.000000 nan nan nan 0.654496 0.511665 1.713413 0.244142 -36.921051 -0.184496 0.000000 0.831405 3031
car -1 -1 nan 63172.000000 nan nan nan 0.624484 0.463325 0.212366 8.821555 36.430510 -1.978627 0.000000 0.577634 3022
car -1 -1 nan 63149.000000 nan nan nan 1.154475 2.468393 1.625481 36.057336 1.091694 0.091986 0.000000 0.684829 3000
car -1 -1 nan 63232.000000 nan nan nan 0.961598 1.814646 0.872449 41.951806 -0.452217 0.147551 0.000000 0.818515 2996
car -1 -1 nan 63208.000000 nan nan nan 1.220945 0.908399 1.498871 23.089960 3.628640 -0.458237 0.000000 0.884900 2992
car -1 -1 nan 63220.000000 nan nan nan 0.987807 0.614656 1.467362 10.432295 41.306794 -1.358313 0.000000 0.827395 2980
car -1 -1 nan 63194.000000 nan nan nan 1.316142 2.978030 1.353649 7.473842 25.754413 -1.421433 0.000000 0.872928 2964
car -1 -1 nan 63213.000000 nan nan nan 1.446400 3.731831 1.767791 8.632716 31.756168 -1.390785 0.000000 0.810833 2959
car -1 -1 nan 63223.000000 nan nan nan 1.204344 2.448161 1.719331 20.465943 4.541836 -0.457001 0.000000 0.897300 2955
car -1 -1 nan 63193.000000 nan nan nan 1.478907 3.001607 2.034683 -4.916181 -19.061051 -0.758438 0.000000 0.896724 2946
car -1 -1 nan 63195.000000 nan nan nan 1.279317 2.954093 2.747244 34.300733 1.602414 -0.102903 0.000000 0.912739 2945
car -1 -1 nan 63228.000000 nan nan nan 1.385961 2.222794 1.797743 14.423792 5.324161 -0.612946 0.000000 0.908490 2940
car -1 -1 nan 63192.000000 nan nan nan 1.328721 2.928892 2.415789 12.065718 5.899737 -0.729722 0.000000 0.931011 2937
car -1 -1 nan 63229.000000 nan nan nan 0.977221 1.553256 1.429027 24.945769 2.918944 -0.471664 0.000000 0.846429 2923
car -1 -1 nan 63199.000000 nan nan nan 0.570719 0.862369 0.467812 19.976768 -3.798677 0.527013 0.000000 0.598459 2930
car -1 -1 nan 63204.000000 nan nan nan 1.281547 3.922841 1.650030 5.338602 15.857264 -1.235707 0.000000 0.952970 2921
car -1 -1 nan 63207.000000 nan nan nan 1.475794 1.899205 3.451620 8.901816 -2.060153 -0.561407 0.000000 0.939458 2911
car -1 -1 nan 63226.000000 nan nan nan 1.342552 4.524767 2.402102 9.742291 7.042015 -0.782078 0.000000 0.960971 2902
car -1 -1 nan 63212.000000 nan nan nan 1.374786 4.387853 1.925303 4.293770 9.645983 -1.105797 0.000000 0.928405 2896
car -1 -1 nan 63218.000000 nan nan nan 1.373875 1.663244 2.395624 -16.574181 4.198030 -1.641260 0.000000 0.939042 2906
car -1 -1 nan 63196.000000 nan nan nan 1.269165 2.123577 3.889886 -10.512662 3.048155 -1.405956 0.000000 0.928290 2893
car -1 -1 nan 63188.000000 nan nan nan 1.209428 1.650272 2.676910 -27.380389 6.377941 -1.721349 0.000000 0.885178 2871
other-vehicle -1 -1 nan 63197.000000 nan nan nan 1.581405 2.195870 1.497240 -42.599370 9.360982 -1.737387 0.000000 0.695229 2849
person -1 -1 nan 63233.000000 nan nan nan 0.418457 0.856133 0.799637 9.182779 25.837120 -0.703416 0.000000 0.856382 634
