car -1 -1 nan 64905.000000 nan nan nan 1.111998 0.883771 0.391852 49.184911 0.068538 -0.425361 0.000000 0.834153 3125
car -1 -1 nan 64932.000000 nan nan nan 0.486110 2.085910 1.746695 -16.238061 -21.926935 -0.973268 0.000000 0.775096 3126
car -1 -1 nan 64876.000000 nan nan nan 0.153903 0.340398 0.288516 40.613647 0.772488 -0.991478 0.000000 0.674624 3124
car -1 -1 nan 64864.000000 nan nan nan 0.572291 0.416637 0.547182 42.845278 0.433996 -0.390154 0.000000 0.680210 3120
car -1 -1 nan 64891.000000 nan nan nan 0.766058 0.338705 0.701385 -9.049943 28.162725 -0.422928 0.000000 0.497986 3123
car -1 -1 nan 64907.000000 nan nan nan 0.834485 0.503373 1.671389 -40.752830 1.445138 -1.094193 0.000000 0.791586 3098
car -1 -1 nan 64893.000000 nan nan nan 1.217970 2.681587 1.079008 27.834882 2.430648 -0.683491 0.000000 0.928393 3087
car -1 -1 nan 64900.000000 nan nan nan 0.780628 0.752442 1.213159 -34.534396 0.888668 -1.452763 0.000000 0.697555 2906
car -1 -1 nan 64887.000000 nan nan nan 1.439431 1.855655 3.702549 1.395853 -3.746223 -0.917079 0.000000 0.937729 3060
car -1 -1 nan 64920.000000 nan nan nan 1.176498 1.220635 1.675344 21.720658 2.498318 -0.712833 0.000000 0.886541 3000
car -1 -1 nan 64916.000000 nan nan nan 1.356217 1.811785 1.816875 8.730407 4.382979 -0.825687 0.000000 0.838968 2992
car -1 -1 nan 64909.000000 nan nan nan 0.968672 0.778484 1.612819 -8.907815 23.207728 -0.842832 0.000000 0.789299 2964
car -1 -1 nan 64908.000000 nan nan nan 1.407791 3.472777 1.807302 6.090362 4.997099 -0.810335 0.000000 0.940399 2955
car -1 -1 nan 64903.000000 nan nan nan 1.285572 2.339502 1.626217 19.679480 3.483873 -0.773419 0.000000 0.962359 2945
car -1 -1 nan 64901.000000 nan nan nan 1.495837 2.453377 1.916723 0.184848 4.652242 -0.827115 0.000000 0.939724 2940
car -1 -1 nan 64919.000000 nan nan nan 1.481065 3.608469 1.900273 -2.332842 5.242649 -0.835414 0.000000 0.858815 2937
car -1 -1 nan 64895.000000 nan nan nan 1.151236 1.965947 1.772092 10.880006 3.673568 -0.922534 0.000000 0.899215 2923
car -1 -1 nan 64925.000000 nan nan nan 2.193628 2.738822 6.786261 8.155673 -4.033490 -0.490460 0.000000 0.895282 2930
car -1 -1 nan 64906.000000 nan nan nan 0.806721 3.541656 1.652769 -9.824891 13.866303 -0.809527 0.000000 0.926241 2921
car -1 -1 nan 64910.000000 nan nan nan 1.482037 1.792662 3.748614 -3.791145 -3.315205 -0.963421 0.000000 0.954713 2911
car -1 -1 nan 64911.000000 nan nan nan 1.347417 3.074406 1.682558 -4.717792 5.018810 -0.929963 0.000000 0.872933 2902
car -1 -1 nan 64894.000000 nan nan nan 1.256724 3.528030 1.782255 -10.234817 7.349762 -1.035713 0.000000 0.944153 2896
car -1 -1 nan 64892.000000 nan nan nan 1.260760 1.876484 4.352564 -24.238695 -0.432509 -1.379370 0.000000 0.873642 2893
