car -1 -1 nan 65589.000000 nan nan nan 1.032831 3.486803 1.316973 48.589870 2.633667 -0.183766 0.000000 0.911965 3139
car -1 -1 nan 65592.000000 nan nan nan 0.807841 0.595285 1.343332 25.791189 4.447641 -0.853467 0.000000 0.821873 3137
car -1 -1 nan 65618.000000 nan nan nan 1.227844 1.701675 2.896391 36.891388 -2.449603 -0.660991 0.000000 0.858924 3130
car -1 -1 nan 65615.000000 nan nan nan 0.901530 0.901130 0.945147 27.823434 4.501499 -0.565290 0.000000 0.798334 3120
car -1 -1 nan 65609.000000 nan nan nan 1.350441 1.926983 0.541207 34.091513 5.091487 -0.257341 0.000000 0.815369 3125
car -1 -1 nan 65607.000000 nan nan nan 1.360758 3.434008 1.508439 12.631683 5.048081 -0.700920 0.000000 0.933503 3087
car -1 -1 nan 65605.000000 nan nan nan 1.416217 1.103974 3.357202 -12.978022 -4.002053 -1.108669 0.000000 0.941432 3060
car -1 -1 nan 65595.000000 nan nan nan 1.422227 2.824973 2.087221 6.360168 4.642185 -0.761369 0.000000 0.808202 3000
car -1 -1 nan 65614.000000 nan nan nan 1.389712 2.469314 1.692627 -6.604014 4.920478 -0.880795 0.000000 0.926289 2992
car -1 -1 nan 65608.000000 nan nan nan 1.389622 2.554495 1.654441 -9.254430 4.464139 -0.857684 0.000000 0.866564 2955
car -1 -1 nan 65611.000000 nan nan nan 1.410171 3.372978 1.816775 4.236850 5.305017 -0.804442 0.000000 0.955741 2945
car -1 -1 nan 65600.000000 nan nan nan 1.480811 2.561410 1.880079 -15.108643 4.159284 -0.904946 0.000000 0.927863 2940
car -1 -1 nan 65613.000000 nan nan nan 1.280643 0.977867 1.540715 -17.784929 3.125637 -0.978627 0.000000 0.807855 2937
car -1 -1 nan 65604.000000 nan nan nan 1.237293 3.574945 1.742073 -4.204631 4.896787 -0.944656 0.000000 0.915034 2923
car -1 -1 nan 65588.000000 nan nan nan 2.293655 2.411128 6.538354 -6.364834 -3.815953 -0.583752 0.000000 0.939388 2930
car -1 -1 nan 65597.000000 nan nan nan 1.415345 1.554617 3.680123 -18.425589 -4.382031 -1.136178 0.000000 0.950445 2911
car -1 -1 nan 65606.000000 nan nan nan 1.059851 1.356810 1.328371 -20.073506 3.025299 -0.931822 0.000000 0.810460 2902
car -1 -1 nan 65616.000000 nan nan nan 0.426121 1.550475 0.887560 -37.644199 -3.567375 -1.935051 0.000000 0.754145 2893
person -1 -1 nan 65599.000000 nan nan nan 1.670999 0.751212 0.719222 6.431312 -5.290020 -0.803486 0.000000 0.948570 655
