car -1 -1 nan 64876.000000 nan nan nan 0.153903 0.340398 0.288516 41.433663 0.580784 -0.948797 0.000000 0.674624 3124
car -1 -1 nan 64864.000000 nan nan nan 0.572291 0.416637 0.547182 43.651790 0.304121 -0.373681 0.000000 0.680210 3120
car -1 -1 nan 64836.000000 nan nan nan 0.486824 1.091570 0.840250 -29.850932 -39.822442 -0.245149 0.000000 0.841578 3122
car -1 -1 nan 64881.000000 nan nan nan 1.332077 1.506866 1.531717 -7.783138 28.696842 -0.729356 0.000000 0.897143 3123
car -1 -1 nan 64815.000000 nan nan nan 0.792194 1.534311 0.659071 -7.801947 34.223621 -0.609011 0.000000 0.572577 3117
car -1 -1 nan 64857.000000 nan nan nan 0.951770 0.869609 1.930712 -39.994859 1.333049 -1.189282 0.000000 0.591211 3098
car -1 -1 nan 64861.000000 nan nan nan 1.235952 2.617833 1.285763 28.553161 2.226340 -0.568108 0.000000 0.853693 3087
car -1 -1 nan 64865.000000 nan nan nan 1.784561 1.380090 3.371202 -34.532967 0.903751 -1.235791 0.000000 0.881317 2906
car -1 -1 nan 64866.000000 nan nan nan 1.421836 1.722024 3.746574 2.067245 -3.718342 -0.909217 0.000000 0.946254 3060
car -1 -1 nan 64879.000000 nan nan nan 1.238733 1.329838 1.504382 22.446255 2.571554 -0.583104 0.000000 0.800896 3000
car -1 -1 nan 64874.000000 nan nan nan 1.373597 1.769376 1.672824 9.388283 4.352640 -0.782961 0.000000 0.848736 2992
car -1 -1 nan 64863.000000 nan nan nan 1.184678 2.590863 2.272016 -7.879304 23.773668 -0.837340 0.000000 0.876603 2964
car -1 -1 nan 64868.000000 nan nan nan 1.403119 3.517049 1.874950 6.769489 4.987244 -0.766003 0.000000 0.942531 2955
car -1 -1 nan 64875.000000 nan nan nan 1.315125 2.299414 1.716725 20.371702 3.404398 -0.688529 0.000000 0.949007 2945
car -1 -1 nan 64859.000000 nan nan nan 1.544921 2.745199 1.708677 0.791744 4.884617 -0.804213 0.000000 0.935996 2940
car -1 -1 nan 64873.000000 nan nan nan 1.659751 3.593286 1.888508 -1.639144 5.219466 -0.775340 0.000000 0.954075 2937
car -1 -1 nan 64855.000000 nan nan nan 1.152955 1.977756 1.599822 11.538599 3.639239 -0.875727 0.000000 0.911169 2923
car -1 -1 nan 64860.000000 nan nan nan 2.180442 2.690479 6.760486 8.778612 -4.043818 -0.459742 0.000000 0.848737 2930
car -1 -1 nan 64872.000000 nan nan nan 0.950586 3.786770 1.792439 -9.157093 13.952388 -0.797963 0.000000 0.912001 2921
car -1 -1 nan 64845.000000 nan nan nan 1.446662 1.837912 3.988331 -3.204099 -3.345253 -0.950597 0.000000 0.948008 2911
car -1 -1 nan 64869.000000 nan nan nan 1.333739 3.264971 1.642269 -4.029678 5.164717 -0.931915 0.000000 0.889433 2902
car -1 -1 nan 64862.000000 nan nan nan 1.383777 3.873531 2.019168 -9.517915 7.555292 -1.086263 0.000000 0.940680 2896
car -1 -1 nan 64867.000000 nan nan nan 1.177258 1.902317 4.488982 -23.672442 -0.370788 -1.425611 0.000000 0.938177 2893
