car -1 -1 nan 65543.000000 nan nan nan 0.460021 0.425501 0.600720 -48.407224 -3.403600 -0.676035 0.000000 0.626303 3138
truck -1 -1 nan 65471.000000 nan nan nan 1.019914 2.059085 2.931916 -49.543886 2.752912 -0.912144 0.000000 0.471124 3136
car -1 -1 nan 65542.000000 nan nan nan 0.724562 0.546399 0.950246 27.524091 4.390391 -0.945842 0.000000 0.819974 3137
car -1 -1 nan 65474.000000 nan nan nan 1.130979 0.698454 1.010994 27.438766 7.126374 -0.593506 0.000000 0.733895 3133
car -1 -1 nan 65535.000000 nan nan nan 0.806491 1.747562 1.093013 38.062715 -2.650581 -0.976114 0.000000 0.813673 3130
car -1 -1 nan 65528.000000 nan nan nan 0.808991 0.805669 0.810783 29.669532 4.472921 -0.621210 0.000000 0.849896 3120
car -1 -1 nan 65522.000000 nan nan nan 1.199757 1.913507 0.948661 36.073179 5.073227 -0.288333 0.000000 0.914389 3125
car -1 -1 nan 65527.000000 nan nan nan 1.379453 3.364962 1.622242 14.500076 5.014901 -0.702801 0.000000 0.958239 3087
car -1 -1 nan 65526.000000 nan nan nan 1.381905 1.251109 3.519321 -11.088063 -4.008545 -1.027581 0.000000 0.950606 3060
car -1 -1 nan 65519.000000 nan nan nan 1.411079 2.293481 1.646625 8.103855 4.483608 -0.729587 0.000000 0.780791 3000
car -1 -1 nan 65536.000000 nan nan nan 1.401298 3.004138 1.765172 -4.790965 5.247364 -0.764246 0.000000 0.951000 2992
car -1 -1 nan 65529.000000 nan nan nan 1.411625 2.535617 1.699830 -7.387443 4.510901 -0.759825 0.000000 0.877939 2955
car -1 -1 nan 65541.000000 nan nan nan 1.401837 3.390281 1.816379 6.120260 5.341221 -0.783317 0.000000 0.947156 2945
car -1 -1 nan 65539.000000 nan nan nan 1.435468 3.089894 1.696543 -13.341908 4.442602 -0.772340 0.000000 0.958844 2940
car -1 -1 nan 65521.000000 nan nan nan 1.396073 1.490892 1.566239 -15.955415 3.283224 -0.849333 0.000000 0.837338 2937
car -1 -1 nan 65525.000000 nan nan nan 1.510872 3.806261 1.760424 -2.416564 4.818221 -0.764427 0.000000 0.911094 2923
car -1 -1 nan 65510.000000 nan nan nan 2.155934 2.390951 6.745552 -4.555300 -3.616577 -0.608474 0.000000 0.940882 2930
car -1 -1 nan 65515.000000 nan nan nan 0.517830 1.595355 0.892627 -24.333703 11.077256 -0.433511 0.000000 0.765853 2921
car -1 -1 nan 65530.000000 nan nan nan 1.396509 1.574070 3.708142 -16.523558 -4.353083 -1.032069 0.000000 0.950302 2911
car -1 -1 nan 65537.000000 nan nan nan 1.116492 2.098778 1.264711 -18.267123 3.231549 -0.747605 0.000000 0.873213 2902
car -1 -1 nan 65518.000000 nan nan nan 0.556360 1.470474 0.840204 -35.862139 -3.506458 -1.685759 0.000000 0.851557 2893
person -1 -1 nan 65523.000000 nan nan nan 1.645023 0.728892 0.889288 8.398321 -5.293883 -0.859822 0.000000 0.948035 655
motorcycle -1 -1 nan 65422.000000 nan nan nan 0.761274 0.456590 0.724640 27.549900 4.814351 -0.681073 0.000000 0.843373 854
