other-vehicle -1 -1 nan 63724.000000 nan nan nan 1.634639 2.127031 1.203011 45.850468 -14.673024 1.052187 0.000000 0.795895 3067
other-vehicle -1 -1 nan 63758.000000 nan nan nan 0.703676 1.046893 2.221186 -21.854687 10.976086 -1.057003 0.000000 0.833177 3068
car -1 -1 nan 63722.000000 nan nan nan 0.521227 1.635949 0.707841 -33.927310 -35.608831 -2.592851 0.000000 0.831059 3066
car -1 -1 nan 63735.000000 nan nan nan 0.618424 1.597586 1.721504 18.636386 37.129492 0.524564 0.000000 0.765188 2980
other-vehicle -1 -1 nan 63746.000000 nan nan nan 1.123721 0.843027 1.587970 14.738253 5.725247 0.194640 0.000000 0.869128 3062
car -1 -1 nan 63750.000000 nan nan nan 1.418368 2.016091 2.873978 11.367172 -6.619242 -0.557894 0.000000 0.944131 3060
car -1 -1 nan 63743.000000 nan nan nan 1.157412 2.946856 1.915999 -16.795536 -27.618512 -1.837296 0.000000 0.892075 3054
car -1 -1 nan 63753.000000 nan nan nan 1.115024 3.017789 1.590960 -14.189624 -22.472690 -1.773315 0.000000 0.863356 3051
car -1 -1 nan 63765.000000 nan nan nan 1.149792 1.353779 1.469157 32.215383 -8.967281 0.175914 0.000000 0.831477 3000
car -1 -1 nan 63776.000000 nan nan nan 1.025615 1.677695 1.360900 37.802548 -11.569318 0.382808 0.000000 0.859007 2996
car -1 -1 nan 63761.000000 nan nan nan 1.211344 1.248248 1.396398 20.711368 -2.504301 -0.164801 0.000000 0.830112 2992
car -1 -1 nan 63747.000000 nan nan nan 0.301607 1.405802 1.432766 11.844913 22.386482 0.077221 0.000000 0.846952 2964
car -1 -1 nan 63752.000000 nan nan nan 0.472168 2.797551 1.175101 13.675003 28.008963 0.115739 0.000000 0.764408 2959
car -1 -1 nan 63738.000000 nan nan nan 1.295102 2.794244 2.318643 18.507154 -0.909258 -0.207260 0.000000 0.895322 2955
car -1 -1 nan 63733.000000 nan nan nan 1.508923 3.847245 2.743413 -12.220833 -17.395559 -1.535647 0.000000 0.916156 2946
car -1 -1 nan 63730.000000 nan nan nan 1.193915 2.188229 1.643586 30.707234 -7.124076 0.126485 0.000000 0.871359 2945
car -1 -1 nan 63751.000000 nan nan nan 1.400467 2.354828 2.433936 12.993643 1.260519 -0.347459 0.000000 0.857362 2940
car -1 -1 nan 63762.000000 nan nan nan 1.369278 2.605326 2.346002 10.751692 2.440760 -0.482076 0.000000 0.939355 2937
car -1 -1 nan 63749.000000 nan nan nan 1.090559 1.691221 1.209298 22.493896 -3.774632 -0.218116 0.000000 0.891129 2923
car -1 -1 nan 63732.000000 nan nan nan 1.944116 4.960352 6.897175 16.986517 -10.225082 -0.017008 0.000000 0.725361 2930
car -1 -1 nan 63739.000000 nan nan nan 0.588559 3.209895 1.609546 6.531570 13.285749 -0.376383 0.000000 0.868419 2921
car -1 -1 nan 63745.000000 nan nan nan 1.455302 2.207762 4.277282 5.949415 -4.176795 -0.607484 0.000000 0.926606 2911
car -1 -1 nan 63721.000000 nan nan nan 1.370853 4.558714 3.079315 8.762856 4.206212 -0.545742 0.000000 0.966765 2902
car -1 -1 nan 63748.000000 nan nan nan 1.421660 3.515001 2.827714 4.186069 7.625178 -0.749338 0.000000 0.944307 2896
car -1 -1 nan 63757.000000 nan nan nan 0.450368 1.580533 1.796088 -17.368721 8.672254 -1.173034 0.000000 0.847064 2906
car -1 -1 nan 63734.000000 nan nan nan 1.201387 2.328530 3.455393 -11.530073 5.678280 -1.412046 0.000000 0.872007 2893
car -1 -1 nan 63729.000000 nan nan nan 0.243948 1.389912 0.699396 -26.722463 13.302001 -1.273592 0.000000 0.757637 2871
other-vehicle -1 -1 nan 63755.000000 nan nan nan 0.998262 3.099855 2.450136 -40.584558 19.832277 -1.285284 0.000000 0.776019 2849
bicyclist -1 -1 nan 63768.000000 nan nan nan 1.166408 1.065193 1.064266 13.248768 22.551987 -0.172552 0.000000 0.887662 839
