car -1 -1 nan 65937.000000 nan nan nan 1.388485 1.360600 0.392618 41.598027 -2.013542 0.122281 0.000000 0.674263 3148
car -1 -1 nan 65929.000000 nan nan nan 0.399857 0.310112 0.717444 29.498804 4.266773 -0.455415 0.000000 0.679738 3149
car -1 -1 nan 65918.000000 nan nan nan 1.478597 2.129670 1.032476 42.032346 -6.242511 -0.197420 0.000000 0.791702 3144
car -1 -1 nan 65930.000000 nan nan nan 1.076094 3.741857 1.509125 39.043616 2.312557 -0.331661 0.000000 0.920415 3139
car -1 -1 nan 65913.000000 nan nan nan 1.136771 1.116475 1.431292 16.190017 4.454859 -0.667196 0.000000 0.810599 3137
car -1 -1 nan 65917.000000 nan nan nan 1.196319 1.719112 3.281422 27.355409 -2.789278 -0.558146 0.000000 0.938359 3130
car -1 -1 nan 65936.000000 nan nan nan 1.131554 1.667854 1.839866 18.338215 4.628426 -0.533819 0.000000 0.881370 3120
car -1 -1 nan 65921.000000 nan nan nan 1.405674 2.805034 1.564168 24.821049 5.297680 -0.136108 0.000000 0.879340 3125
car -1 -1 nan 65925.000000 nan nan nan 1.464367 3.570180 1.726333 3.113078 4.937703 -0.731235 0.000000 0.932937 3087
car -1 -1 nan 65927.000000 nan nan nan 0.818583 0.227987 2.629388 -22.982142 -3.523764 -1.515676 0.000000 0.801539 3060
car -1 -1 nan 65914.000000 nan nan nan 1.380692 3.403841 1.861330 -3.073290 4.758339 -0.844450 0.000000 0.919576 3000
car -1 -1 nan 65934.000000 nan nan nan 1.241427 2.440517 1.349562 -16.216680 4.677046 -0.943094 0.000000 0.817739 2992
car -1 -1 nan 65926.000000 nan nan nan 1.338947 1.063686 1.451547 -18.766486 3.837218 -1.031661 0.000000 0.777507 2955
car -1 -1 nan 65933.000000 nan nan nan 1.406330 2.410963 1.788932 -5.256626 4.751734 -0.881986 0.000000 0.935724 2945
car -1 -1 nan 65941.000000 nan nan nan 1.302097 2.266442 1.589650 -24.863663 4.062691 -1.048485 0.000000 0.937522 2940
car -1 -1 nan 65944.000000 nan nan nan 1.140194 0.712938 1.468407 -27.388945 3.147658 -1.184573 0.000000 0.687363 2937
car -1 -1 nan 65939.000000 nan nan nan 1.199321 2.278665 1.803682 -13.808848 4.264581 -1.079849 0.000000 0.832203 2923
car -1 -1 nan 65910.000000 nan nan nan 2.716607 2.306468 6.591180 -15.965942 -3.783159 -0.510426 0.000000 0.859216 2930
car -1 -1 nan 65924.000000 nan nan nan 1.265535 0.500824 3.617895 -28.114819 -3.761175 -1.364076 0.000000 0.900079 2911
car -1 -1 nan 65948.000000 nan nan nan 0.607974 0.514290 1.766181 -29.928521 2.783146 -1.313953 0.000000 0.477461 2902
car -1 -1 nan 65878.000000 nan nan nan 0.496318 1.363948 0.687406 -47.524000 -3.364247 -2.058471 0.000000 0.784241 2893
person -1 -1 nan 65919.000000 nan nan nan 1.688068 0.684183 0.869158 -4.405492 -5.407776 -0.936353 0.000000 0.953148 655
