car -1 -1 nan 65829.000000 nan nan nan 0.263092 0.215237 0.716668 32.414561 4.426697 -0.608405 0.000000 0.619190 3149
car -1 -1 nan 65832.000000 nan nan nan 1.210845 1.358304 0.563563 44.643866 -2.245506 -0.257411 0.000000 0.784353 3148
car -1 -1 nan 65786.000000 nan nan nan 0.920595 0.515080 1.525121 -16.306756 17.410426 -1.904126 0.000000 0.863002 3146
other-vehicle -1 -1 nan 65817.000000 nan nan nan 1.509771 2.416892 1.044292 44.926244 -5.973114 -0.438250 0.000000 0.898969 3144
car -1 -1 nan 65823.000000 nan nan nan 1.192144 3.546251 1.481924 41.893961 2.421469 -0.463592 0.000000 0.917540 3139
car -1 -1 nan 65820.000000 nan nan nan 0.909396 0.877813 1.173959 18.979014 4.412857 -0.757442 0.000000 0.822343 3137
car -1 -1 nan 65816.000000 nan nan nan 1.306577 1.739264 3.264240 30.369785 -2.624536 -0.688113 0.000000 0.947484 3130
car -1 -1 nan 65836.000000 nan nan nan 1.078916 1.626712 1.470031 21.254286 4.639146 -0.534420 0.000000 0.925307 3120
car -1 -1 nan 65824.000000 nan nan nan 1.430125 2.760498 1.101277 27.559700 5.286920 -0.228455 0.000000 0.911544 3125
car -1 -1 nan 65826.000000 nan nan nan 1.435550 3.598041 1.669599 5.904667 4.987060 -0.685491 0.000000 0.940182 3087
car -1 -1 nan 65827.000000 nan nan nan 1.019060 0.311199 3.107516 -19.861202 -3.571937 -1.296488 0.000000 0.898520 3060
car -1 -1 nan 65811.000000 nan nan nan 1.460794 2.261417 1.642297 -0.218617 4.484530 -0.735671 0.000000 0.772534 3000
car -1 -1 nan 65835.000000 nan nan nan 1.164602 1.598115 1.640123 -13.307771 4.729024 -0.817889 0.000000 0.842512 2992
car -1 -1 nan 65828.000000 nan nan nan 1.373775 2.104811 1.508825 -15.856889 4.315002 -0.885640 0.000000 0.835318 2955
car -1 -1 nan 65838.000000 nan nan nan 1.445527 3.181376 1.811575 -2.426459 5.003482 -0.769107 0.000000 0.907993 2945
car -1 -1 nan 65815.000000 nan nan nan 1.390439 2.297765 1.783777 -21.920057 4.046351 -0.926241 0.000000 0.919336 2940
car -1 -1 nan 65837.000000 nan nan nan 1.275985 0.747108 1.632419 -24.505787 3.085727 -1.027235 0.000000 0.785235 2937
car -1 -1 nan 65822.000000 nan nan nan 1.130369 2.412872 1.827749 -10.793334 4.365766 -0.938839 0.000000 0.808193 2923
car -1 -1 nan 65819.000000 nan nan nan 2.476464 2.368639 6.656523 -12.955385 -3.814349 -0.492251 0.000000 0.906437 2930
car -1 -1 nan 65825.000000 nan nan nan 1.313697 0.867576 3.487496 -25.166561 -4.031250 -1.199011 0.000000 0.940643 2911
car -1 -1 nan 65831.000000 nan nan nan 0.892208 1.546757 1.134286 -26.677158 2.963329 -0.966633 0.000000 0.696602 2902
car -1 -1 nan 65813.000000 nan nan nan 0.459143 1.213136 0.305766 -44.431972 -3.473988 -2.010645 0.000000 0.752014 2893
person -1 -1 nan 65821.000000 nan nan nan 1.739070 0.753695 0.575471 -1.155484 -5.308295 -0.852450 0.000000 0.936949 655
