car -1 -1 nan 66052.000000 nan nan nan 1.490490 1.017331 0.244544 37.653323 -2.298322 -0.278799 0.000000 0.765122 3148
car -1 -1 nan 66050.000000 nan nan nan 0.413033 0.368246 0.933660 25.608533 4.201243 -0.625380 0.000000 0.649277 3149
car -1 -1 nan 66045.000000 nan nan nan 1.514812 2.157244 1.018455 38.028744 -6.519769 -0.382876 0.000000 0.897035 3144
car -1 -1 nan 66036.000000 nan nan nan 1.046735 3.583959 1.602840 35.225485 2.094817 -0.495992 0.000000 0.939954 3139
car -1 -1 nan 66039.000000 nan nan nan 1.391188 1.933563 1.684015 12.354220 4.729255 -0.665955 0.000000 0.826416 3137
car -1 -1 nan 66041.000000 nan nan nan 1.246016 1.750354 3.285929 23.502855 -2.929311 -0.716055 0.000000 0.933092 3130
car -1 -1 nan 66056.000000 nan nan nan 1.255448 2.138270 1.898436 14.458551 4.807256 -0.624701 0.000000 0.900185 3120
car -1 -1 nan 66046.000000 nan nan nan 1.444987 2.981780 1.925931 20.880745 5.094123 -0.290404 0.000000 0.860765 3125
car -1 -1 nan 66042.000000 nan nan nan 1.489040 3.081035 1.773186 -0.667558 4.619284 -0.802949 0.000000 0.902722 3087
car -1 -1 nan 66055.000000 nan nan nan 1.416339 3.084609 1.873738 -6.859004 4.783335 -0.866209 0.000000 0.907315 3000
car -1 -1 nan 66054.000000 nan nan nan 0.539397 1.857808 1.010926 -19.954480 4.816422 -0.688559 0.000000 0.805328 2992
car -1 -1 nan 66049.000000 nan nan nan 1.334231 1.588922 1.779816 -22.775381 4.229172 -0.998102 0.000000 0.911295 2955
car -1 -1 nan 66048.000000 nan nan nan 1.408242 1.883028 1.533279 -9.126652 4.504108 -0.909161 0.000000 0.725553 2945
car -1 -1 nan 66040.000000 nan nan nan 1.254842 1.988943 1.410585 -28.577808 4.067415 -1.024837 0.000000 0.819875 2940
car -1 -1 nan 66057.000000 nan nan nan 0.985631 0.575657 1.284176 -31.155570 3.208401 -1.083771 0.000000 0.838924 2937
car -1 -1 nan 66058.000000 nan nan nan 1.149051 1.846429 1.568434 -17.679434 4.180591 -1.105129 0.000000 0.809125 2923
car -1 -1 nan 66043.000000 nan nan nan 2.603229 2.246599 6.320095 -19.813818 -3.746322 -0.420592 0.000000 0.655886 2930
car -1 -1 nan 66047.000000 nan nan nan 0.915393 0.498993 3.132610 -31.793769 -3.583549 -1.422817 0.000000 0.895680 2911
car -1 -1 nan 66051.000000 nan nan nan 0.660791 0.597703 1.033280 -33.517205 2.849605 -1.264035 0.000000 0.489963 2902
person -1 -1 nan 66038.000000 nan nan nan 1.585652 0.808346 0.665434 -8.762851 -5.483290 -0.957057 0.000000 0.941303 655
