car -1 -1 nan 65093.000000 nan nan nan 0.271817 1.538574 0.618618 46.798231 -5.408925 -0.853455 0.000000 0.770536 3130
car -1 -1 nan 65110.000000 nan nan nan 1.103999 0.847739 3.049082 -37.852017 -0.201067 -1.401943 0.000000 0.778821 3131
car -1 -1 nan 65117.000000 nan nan nan 0.616698 0.508446 0.286217 39.195510 1.922936 -0.463561 0.000000 0.809046 3120
car -1 -1 nan 65108.000000 nan nan nan 1.017704 0.985788 0.952591 45.836367 1.647446 -0.141730 0.000000 0.816109 3125
car -1 -1 nan 65065.000000 nan nan nan 0.334132 0.357285 0.374805 37.158049 1.857497 -0.758358 0.000000 0.701848 3124
car -1 -1 nan 65095.000000 nan nan nan 1.195693 2.930465 1.089542 24.097798 3.280562 -0.616093 0.000000 0.909233 3087
car -1 -1 nan 65126.000000 nan nan nan 1.447425 1.616826 3.599647 -1.999170 -3.762024 -0.945399 0.000000 0.926694 3060
car -1 -1 nan 65120.000000 nan nan nan 1.299997 1.377907 1.817634 17.981207 2.986585 -0.726356 0.000000 0.869983 3000
car -1 -1 nan 65122.000000 nan nan nan 1.398855 2.423097 1.748166 4.903993 4.880591 -0.769047 0.000000 0.897603 2992
car -1 -1 nan 65113.000000 nan nan nan 1.445404 3.435176 1.782498 2.258836 5.044766 -0.734006 0.000000 0.904641 2955
car -1 -1 nan 65107.000000 nan nan nan 1.357472 2.835912 1.697820 15.898465 4.220643 -0.701687 0.000000 0.948500 2945
car -1 -1 nan 65092.000000 nan nan nan 1.490438 3.240399 1.868731 -3.618002 4.970570 -0.776184 0.000000 0.955838 2940
car -1 -1 nan 65121.000000 nan nan nan 1.438806 2.487983 1.664924 -6.249053 4.564851 -0.834197 0.000000 0.891881 2937
car -1 -1 nan 65105.000000 nan nan nan 1.231255 2.220204 1.830170 7.205740 4.104438 -0.851475 0.000000 0.892072 2923
car -1 -1 nan 65125.000000 nan nan nan 2.096818 2.855189 6.610813 4.564577 -3.801474 -0.588613 0.000000 0.893439 2930
car -1 -1 nan 65098.000000 nan nan nan 0.404985 2.997200 1.602289 -13.866301 13.533463 -0.465175 0.000000 0.869254 2921
car -1 -1 nan 65104.000000 nan nan nan 1.431824 1.931299 3.777646 -7.337625 -3.643273 -1.006493 0.000000 0.937219 2911
car -1 -1 nan 65112.000000 nan nan nan 1.266209 2.518076 1.595030 -8.462279 4.436665 -0.845842 0.000000 0.915885 2902
car -1 -1 nan 65109.000000 nan nan nan 1.155418 2.593086 1.530733 -14.229526 6.509109 -0.867107 0.000000 0.910383 2896
car -1 -1 nan 65097.000000 nan nan nan 1.208445 1.924598 2.850802 -27.099298 -1.150178 -1.418755 0.000000 0.741215 2893
person -1 -1 nan 65101.000000 nan nan nan 1.608941 0.665752 0.838389 18.834602 -6.267305 -0.774163 0.000000 0.939017 655
