car -1 -1 nan 63998.000000 nan nan nan 0.281799 0.722482 0.278332 -33.715227 -36.959444 -1.282116 0.000000 0.713608 3078
car -1 -1 nan 64090.000000 nan nan nan 1.569438 0.944659 3.455852 -23.724324 9.553340 0.205017 0.000000 0.833189 3081
car -1 -1 nan 64068.000000 nan nan nan 0.418007 1.214752 2.081932 -19.550420 7.464403 0.150366 0.000000 0.674790 2906
car -1 -1 nan 64088.000000 nan nan nan 0.956262 1.818188 0.420564 -19.321716 -34.521678 -1.555557 0.000000 0.808120 3074
car -1 -1 nan 64069.000000 nan nan nan 1.402361 2.211670 3.320330 9.571079 -6.252840 -1.273178 0.000000 0.941124 3060
car -1 -1 nan 64061.000000 nan nan nan 1.244093 3.503759 1.787521 -17.222558 -28.531048 -1.540629 0.000000 0.884322 3054
car -1 -1 nan 64070.000000 nan nan nan 1.008307 3.240632 1.919785 -15.181474 -23.315858 -1.537784 0.000000 0.909615 3051
car -1 -1 nan 64058.000000 nan nan nan 1.195548 1.304097 0.916142 30.552338 -6.797751 -1.828026 0.000000 0.890269 3000
car -1 -1 nan 64022.000000 nan nan nan 1.072664 1.654770 1.205727 36.201941 -10.022810 -2.027558 0.000000 0.926585 2996
car -1 -1 nan 64082.000000 nan nan nan 1.351793 1.529035 1.664642 18.841893 -1.177407 -1.413040 0.000000 0.838649 2992
car -1 -1 nan 64065.000000 nan nan nan 1.312578 2.899222 1.423963 8.259783 22.489319 -0.657223 0.000000 0.811489 2964
car -1 -1 nan 64074.000000 nan nan nan 0.707461 1.339159 1.295061 10.566007 27.427700 -0.024625 0.000000 0.733542 2959
car -1 -1 nan 64057.000000 nan nan nan 1.405448 2.875782 2.183533 16.605397 0.168978 -1.290540 0.000000 0.878163 2955
car -1 -1 nan 64066.000000 nan nan nan 1.505842 3.801867 2.239253 -13.026514 -18.089213 -1.203245 0.000000 0.960377 2946
car -1 -1 nan 64083.000000 nan nan nan 1.265763 2.128961 1.703971 28.927858 -5.469994 -1.834485 0.000000 0.851965 2945
car -1 -1 nan 64086.000000 nan nan nan 1.462288 2.414545 2.403352 10.911876 1.962715 -1.059306 0.000000 0.887040 2940
car -1 -1 nan 64063.000000 nan nan nan 1.427129 2.618316 1.604565 8.255641 3.014726 -1.003786 0.000000 0.915470 2937
car -1 -1 nan 64071.000000 nan nan nan 1.137441 1.708940 1.314359 20.745426 -2.519392 -1.639367 0.000000 0.897410 2923
car -1 -1 nan 64062.000000 nan nan nan 2.760150 3.408432 6.654337 15.866341 -8.342913 -0.625190 0.000000 0.708289 2930
car -1 -1 nan 64067.000000 nan nan nan 1.293657 3.418888 2.501666 4.611482 13.595317 -0.676295 0.000000 0.904705 2921
car -1 -1 nan 64059.000000 nan nan nan 1.451138 2.091581 4.043694 4.206108 -3.859546 -1.060427 0.000000 0.942895 2911
car -1 -1 nan 64080.000000 nan nan nan 1.301623 4.356839 2.925999 6.568259 4.580121 -0.901256 0.000000 0.951716 2902
car -1 -1 nan 64047.000000 nan nan nan 1.455668 3.354524 2.772163 1.987282 7.660365 -0.832433 0.000000 0.916017 2896
car -1 -1 nan 64060.000000 nan nan nan 1.325826 2.506202 3.475197 -13.731812 5.131815 -0.538530 0.000000 0.875830 2893
other-vehicle -1 -1 nan 64050.000000 nan nan nan 1.058123 1.832092 0.927319 -43.293774 17.879768 1.504775 0.000000 0.844363 2849
person -1 -1 nan 64085.000000 nan nan nan 1.526469 1.135656 0.871597 9.759938 23.382410 -0.514223 0.000000 0.891130 645
