car -1 -1 nan 65760.000000 nan nan nan 1.055738 2.187963 1.836012 -13.944663 18.679534 -1.934021 0.000000 0.899205 3146
other-vehicle -1 -1 nan 65759.000000 nan nan nan 1.350993 1.708067 0.293401 46.601408 -5.615993 -0.256031 0.000000 0.803926 3144
car -1 -1 nan 65767.000000 nan nan nan 1.022085 3.711269 1.016846 43.681300 2.565159 -0.251101 0.000000 0.931164 3139
car -1 -1 nan 65757.000000 nan nan nan 0.889097 0.782567 1.145317 20.909205 4.442789 -0.690967 0.000000 0.784968 3137
car -1 -1 nan 65762.000000 nan nan nan 1.237073 1.718113 3.138811 32.198887 -2.548481 -0.518377 0.000000 0.851777 3130
car -1 -1 nan 65781.000000 nan nan nan 1.107342 1.057665 1.494262 23.280633 4.488370 -0.491009 0.000000 0.859922 3120
car -1 -1 nan 65766.000000 nan nan nan 1.360219 2.586012 1.714241 29.640577 5.146680 -0.125124 0.000000 0.874030 3125
car -1 -1 nan 65763.000000 nan nan nan 1.454689 3.543136 2.077022 7.760795 5.020082 -0.661530 0.000000 0.942955 3087
car -1 -1 nan 65769.000000 nan nan nan 1.297036 0.427651 3.046774 -17.840920 -3.569794 -1.159590 0.000000 0.936237 3060
car -1 -1 nan 65778.000000 nan nan nan 1.450214 3.445082 2.094170 1.650642 4.799419 -0.772545 0.000000 0.899990 3000
car -1 -1 nan 65779.000000 nan nan nan 1.352617 2.122623 1.637100 -11.380177 4.760033 -0.933895 0.000000 0.906238 2992
car -1 -1 nan 65770.000000 nan nan nan 1.381960 2.305477 1.604008 -13.967537 4.399423 -0.938736 0.000000 0.861753 2955
car -1 -1 nan 65768.000000 nan nan nan 1.543555 2.550216 1.590738 -0.472624 4.876136 -0.742773 0.000000 0.895284 2945
car -1 -1 nan 65765.000000 nan nan nan 1.416111 2.431728 1.674549 -19.935326 4.076966 -1.027499 0.000000 0.917538 2940
car -1 -1 nan 65780.000000 nan nan nan 1.304944 0.971333 1.041169 -22.398621 3.120520 -1.085001 0.000000 0.811521 2937
car -1 -1 nan 65754.000000 nan nan nan 1.156380 2.799179 1.729477 -8.924543 4.618360 -1.004469 0.000000 0.917255 2923
car -1 -1 nan 65764.000000 nan nan nan 2.440863 2.373679 6.557129 -11.063935 -3.831956 -0.544274 0.000000 0.944396 2930
car -1 -1 nan 65758.000000 nan nan nan 1.277631 1.090648 3.555635 -23.239632 -4.148687 -1.224282 0.000000 0.936955 2911
car -1 -1 nan 65771.000000 nan nan nan 0.739612 0.792560 1.007371 -24.754410 2.690866 -1.188847 0.000000 0.773874 2902
car -1 -1 nan 65756.000000 nan nan nan 0.518745 1.496605 0.807180 -42.753001 -3.527191 -2.025798 0.000000 0.833842 2893
person -1 -1 nan 65761.000000 nan nan nan 1.639706 0.870507 0.620746 1.097128 -5.288001 -0.770908 0.000000 0.928652 655
