other-vehicle -1 -1 nan 64342.000000 nan nan nan 1.402436 1.951366 1.202764 -48.082301 10.389285 0.343197 0.000000 0.784295 3100
car -1 -1 nan 64325.000000 nan nan nan 0.527357 0.381179 0.205112 5.242433 20.450483 -0.477593 0.000000 0.376831 3096
car -1 -1 nan 64355.000000 nan nan nan 0.683757 1.468806 1.956753 -32.963780 6.983342 -0.234293 0.000000 0.784701 3098
car -1 -1 nan 64362.000000 nan nan nan 0.971186 0.798349 0.348773 -16.243472 -37.902434 -2.674814 0.000000 0.484441 3099
car -1 -1 nan 64308.000000 nan nan nan 0.192555 1.385677 0.469547 -6.976174 -23.126651 -1.695684 0.000000 0.437662 3091
car -1 -1 nan 64360.000000 nan nan nan 1.124958 2.114785 1.074216 34.999171 -3.412882 -1.222921 0.000000 0.879823 3087
car -1 -1 nan 64370.000000 nan nan nan 1.463312 1.205551 3.293669 -26.958040 5.725073 -0.389706 0.000000 0.819827 3081
car -1 -1 nan 64391.000000 nan nan nan 0.397534 1.418559 1.436482 -23.107460 4.122321 -0.241067 0.000000 0.712270 2906
car -1 -1 nan 64367.000000 nan nan nan 1.391575 1.976856 3.729695 7.939814 -4.722969 -1.165161 0.000000 0.932044 3060
car -1 -1 nan 64354.000000 nan nan nan 1.129317 3.360006 1.489241 -14.717231 -30.481940 -2.288156 0.000000 0.907356 3054
car -1 -1 nan 64390.000000 nan nan nan 0.509693 1.694739 0.832745 -13.465394 -24.907967 -2.006155 0.000000 0.805400 3051
car -1 -1 nan 64331.000000 nan nan nan 1.350855 2.663253 1.766936 29.060687 -1.362193 -1.660244 0.000000 0.830662 3000
car -1 -1 nan 64375.000000 nan nan nan 1.396446 1.514910 1.574849 16.487829 1.920174 -1.068481 0.000000 0.863180 2992
car -1 -1 nan 64358.000000 nan nan nan 1.420600 1.616845 2.816983 2.769197 23.981684 0.001926 0.000000 0.715816 2964
car -1 -1 nan 64303.000000 nan nan nan 0.614868 1.295185 1.165732 3.478987 28.902284 0.446539 0.000000 0.606904 2959
car -1 -1 nan 64351.000000 nan nan nan 1.413265 3.119270 1.982828 13.990929 2.989303 -0.982671 0.000000 0.897029 2955
car -1 -1 nan 64352.000000 nan nan nan 1.540012 3.857188 2.207934 -12.421725 -20.106480 -1.731720 0.000000 0.925028 2946
car -1 -1 nan 64348.000000 nan nan nan 1.317646 2.900645 2.892157 27.545043 -0.973300 -1.341653 0.000000 0.870678 2945
car -1 -1 nan 64369.000000 nan nan nan 1.457958 2.483593 2.066362 8.078877 3.761161 -0.813723 0.000000 0.921897 2940
car -1 -1 nan 64376.000000 nan nan nan 1.432070 2.862723 1.827778 5.329204 4.393123 -0.812244 0.000000 0.906515 2937
car -1 -1 nan 64368.000000 nan nan nan 1.134449 1.627358 1.713427 18.628417 0.889415 -1.242080 0.000000 0.904418 2923
car -1 -1 nan 64381.000000 nan nan nan 2.621365 3.052354 6.642617 14.748302 -5.968027 -0.579294 0.000000 0.844715 2930
car -1 -1 nan 64350.000000 nan nan nan 1.383295 4.127805 2.476018 -0.234785 14.435064 -0.535256 0.000000 0.938710 2921
car -1 -1 nan 64341.000000 nan nan nan 1.457307 1.997932 4.385012 2.487071 -3.352109 -1.024433 0.000000 0.950906 2911
car -1 -1 nan 64359.000000 nan nan nan 1.324590 4.244962 1.990508 3.159755 5.464376 -0.747330 0.000000 0.961819 2902
car -1 -1 nan 64365.000000 nan nan nan 1.471990 3.994104 2.454805 -1.735282 8.344537 -0.703985 0.000000 0.917042 2896
car -1 -1 nan 64364.000000 nan nan nan 1.372592 2.601137 3.560530 -16.805461 2.707917 -0.788859 0.000000 0.887207 2893
