car -1 -1 nan 62795.000000 nan nan nan 0.993414 0.946741 0.441241 -5.715027 37.149414 -2.185588 0.000000 0.768978 3022
car -1 -1 nan 62811.000000 nan nan nan 1.032728 1.318821 1.460522 33.671671 16.639495 -0.817953 0.000000 0.857143 3000
car -1 -1 nan 62773.000000 nan nan nan 0.950021 2.525278 1.172593 39.666896 18.526332 -0.616063 0.000000 0.913134 2996
car -1 -1 nan 62794.000000 nan nan nan 1.179202 1.056831 1.396154 20.991395 13.949653 -0.911178 0.000000 0.884271 2992
car -1 -1 nan 62806.000000 nan nan nan 1.478971 1.741122 1.516108 -6.808261 42.784342 -1.922675 0.000000 0.763372 2980
car -1 -1 nan 62797.000000 nan nan nan 1.215377 2.867632 2.242404 -2.548270 27.103386 -1.713227 0.000000 0.901091 2964
car -1 -1 nan 62805.000000 nan nan nan 1.503564 3.756341 2.324282 -4.237079 32.849963 -1.764341 0.000000 0.919966 2959
car -1 -1 nan 62808.000000 nan nan nan 1.202743 2.039061 1.701342 18.094477 13.498831 -0.859627 0.000000 0.874099 2955
car -1 -1 nan 62783.000000 nan nan nan 1.561699 3.664521 2.002772 5.217104 -18.842297 -0.561460 0.000000 0.912284 2946
car -1 -1 nan 62793.000000 nan nan nan 1.153946 2.447313 1.797369 31.437098 16.811829 -0.872763 0.000000 0.888475 2945
car -1 -1 nan 62791.000000 nan nan nan 1.399429 2.018209 1.829629 12.671061 11.551613 -0.933419 0.000000 0.860038 2940
car -1 -1 nan 62809.000000 nan nan nan 1.335881 2.213033 1.805789 10.076528 10.925730 -1.014937 0.000000 0.939097 2937
car -1 -1 nan 62810.000000 nan nan nan 1.021536 1.490789 1.393110 22.953144 14.120546 -1.016643 0.000000 0.880269 2923
car -1 -1 nan 62807.000000 nan nan nan 1.307688 2.665894 2.586306 21.030358 5.326322 0.300574 0.000000 0.664245 2930
car -1 -1 nan 62798.000000 nan nan nan 1.328797 3.891867 2.348408 -0.258020 17.175427 -1.485609 0.000000 0.933008 2921
other-vehicle -1 -1 nan 62780.000000 nan nan nan 0.380263 1.278558 0.944979 24.536583 6.214012 0.328748 0.000000 0.348260 2917
car -1 -1 nan 62784.000000 nan nan nan 1.415616 2.272613 3.126186 10.405566 2.549713 -0.738299 0.000000 0.927325 2911
car -1 -1 nan 62804.000000 nan nan nan 1.357045 4.137169 2.743435 7.306558 10.971714 -0.987121 0.000000 0.961419 2902
car -1 -1 nan 62775.000000 nan nan nan 1.350908 3.910188 2.524192 1.416989 11.098490 -1.238570 0.000000 0.964932 2896
car -1 -1 nan 62802.000000 nan nan nan 1.432539 1.850573 2.952056 -14.949497 -2.616660 -1.300405 0.000000 0.911622 2906
car -1 -1 nan 62785.000000 nan nan nan 1.322067 2.702626 4.124973 -9.189885 -0.846899 -1.224091 0.000000 0.929332 2893
car -1 -1 nan 62787.000000 nan nan nan 1.303796 1.617034 2.963774 -25.557975 -5.347653 -1.275395 0.000000 0.887186 2871
other-vehicle -1 -1 nan 62803.000000 nan nan nan 1.824058 3.389940 1.785914 -40.803123 -9.298775 -0.934099 0.000000 0.725576 2849
person -1 -1 nan 62744.000000 nan nan nan 0.894594 0.626638 0.694601 -1.420601 27.970049 -1.276727 0.000000 0.688964 634
