car -1 -1 nan 65484.000000 nan nan nan 1.319952 1.018714 2.412265 -46.697393 -3.053229 -1.149915 0.000000 0.685496 3138
truck -1 -1 nan 65471.000000 nan nan nan 1.019914 2.059085 2.931916 -48.875649 2.876953 -0.913609 0.000000 0.471124 3136
car -1 -1 nan 65500.000000 nan nan nan 0.745657 0.504980 0.927896 28.448383 4.349813 -0.942703 0.000000 0.812062 3137
car -1 -1 nan 65474.000000 nan nan nan 1.130979 0.698454 1.010994 28.347006 6.992524 -0.504860 0.000000 0.733895 3133
car -1 -1 nan 65502.000000 nan nan nan 0.864780 1.932736 1.201314 39.118755 -2.873776 -0.873675 0.000000 0.792186 3130
car -1 -1 nan 65495.000000 nan nan nan 0.839497 0.667398 0.771285 30.628808 4.427807 -0.561847 0.000000 0.861798 3120
car -1 -1 nan 65489.000000 nan nan nan 1.217897 1.856082 0.953775 36.935999 5.035562 -0.229301 0.000000 0.898384 3125
car -1 -1 nan 65488.000000 nan nan nan 1.376199 3.305912 1.528865 15.463602 4.980475 -0.656805 0.000000 0.930334 3087
car -1 -1 nan 65487.000000 nan nan nan 1.380340 1.035088 3.614392 -10.220915 -3.981112 -1.054419 0.000000 0.913497 3060
car -1 -1 nan 65504.000000 nan nan nan 1.321687 2.330059 1.678601 9.047621 4.494362 -0.679195 0.000000 0.918949 3000
car -1 -1 nan 65498.000000 nan nan nan 1.432282 3.160943 1.660442 -3.825862 5.308281 -0.726093 0.000000 0.936194 2992
car -1 -1 nan 65485.000000 nan nan nan 1.423520 2.740571 1.671813 -6.480470 4.638050 -0.748761 0.000000 0.853560 2955
car -1 -1 nan 65494.000000 nan nan nan 1.410799 3.349010 1.890461 7.036457 5.357674 -0.752214 0.000000 0.931533 2945
car -1 -1 nan 65481.000000 nan nan nan 1.442995 3.327038 1.761553 -12.431959 4.549435 -0.747831 0.000000 0.945442 2940
car -1 -1 nan 65497.000000 nan nan nan 1.358114 1.122274 1.610843 -14.965740 3.223725 -0.863820 0.000000 0.843773 2937
car -1 -1 nan 65493.000000 nan nan nan 1.468918 3.822128 1.872753 -1.487450 4.763551 -0.789729 0.000000 0.928382 2923
car -1 -1 nan 65469.000000 nan nan nan 2.137289 2.862599 6.402484 -3.568276 -3.451276 -0.629894 0.000000 0.954836 2930
car -1 -1 nan 65508.000000 nan nan nan 0.499366 1.380812 1.007088 -23.382666 11.064033 -0.454601 0.000000 0.738331 2921
car -1 -1 nan 65480.000000 nan nan nan 1.386052 1.611564 3.966749 -15.582224 -4.322007 -1.058270 0.000000 0.944779 2911
car -1 -1 nan 65491.000000 nan nan nan 1.023247 1.538496 1.310033 -17.343607 3.108888 -0.752666 0.000000 0.839802 2902
car -1 -1 nan 65477.000000 nan nan nan 0.528511 1.501738 0.768270 -34.955529 -3.467159 -1.659727 0.000000 0.866655 2893
person -1 -1 nan 65482.000000 nan nan nan 1.645461 0.781346 0.781161 9.415597 -5.282528 -0.857144 0.000000 0.947444 655
motorcycle -1 -1 nan 65422.000000 nan nan nan 0.761274 0.456590 0.724640 28.435647 4.608648 -0.726793 0.000000 0.843373 854
