car -1 -1 nan 66303.000000 nan nan nan 0.872459 0.946455 1.064017 36.327497 -4.877678 -0.070330 0.000000 0.688223 3162
truck -1 -1 nan 66293.000000 nan nan nan 2.249359 4.714969 0.986516 33.130650 -11.499220 -0.057692 0.000000 0.882092 3161
car -1 -1 nan 66308.000000 nan nan nan 0.654421 0.721101 1.135329 18.156456 3.952790 -0.833984 0.000000 0.646398 3149
other-vehicle -1 -1 nan 66302.000000 nan nan nan 1.391068 3.426086 0.952721 30.198733 -6.457088 -0.325215 0.000000 0.833561 3144
car -1 -1 nan 66297.000000 nan nan nan 1.079266 3.594414 1.856263 27.609397 1.509736 -0.634887 0.000000 0.948933 3139
car -1 -1 nan 66301.000000 nan nan nan 1.390016 3.298177 1.772905 4.809671 5.328201 -0.829121 0.000000 0.948002 3137
car -1 -1 nan 66300.000000 nan nan nan 1.333593 1.754896 3.514580 15.803126 -3.278489 -0.781557 0.000000 0.954762 3130
car -1 -1 nan 66312.000000 nan nan nan 1.416560 2.833976 1.865733 6.963588 4.867707 -0.806245 0.000000 0.924229 3120
car -1 -1 nan 66290.000000 nan nan nan 1.592567 3.683958 2.131896 13.531497 5.139041 -0.533624 0.000000 0.950034 3125
car -1 -1 nan 66304.000000 nan nan nan 1.408351 3.615255 1.833479 -8.166069 5.008006 -0.940452 0.000000 0.946137 3087
car -1 -1 nan 66292.000000 nan nan nan 1.362807 3.025347 2.099945 -14.423741 4.881031 -1.016798 0.000000 0.883887 3000
car -1 -1 nan 66314.000000 nan nan nan 0.398275 1.244017 0.536693 -27.367691 4.850002 -0.786044 0.000000 0.494768 2992
car -1 -1 nan 66309.000000 nan nan nan 1.149608 1.167731 1.127563 -30.237388 4.380582 -1.078171 0.000000 0.749236 2955
car -1 -1 nan 66310.000000 nan nan nan 0.992887 1.562215 1.096641 -16.826408 4.601293 -0.863387 0.000000 0.709249 2945
car -1 -1 nan 66307.000000 nan nan nan 1.185877 2.078396 1.485135 -36.173138 4.379455 -1.155008 0.000000 0.828207 2940
car -1 -1 nan 66315.000000 nan nan nan 1.052328 0.552386 1.212549 -38.767985 3.793412 -1.209387 0.000000 0.790003 2937
car -1 -1 nan 66305.000000 nan nan nan 0.729580 1.444451 1.420730 -25.214070 4.269530 -1.239715 0.000000 0.803580 2923
other-vehicle -1 -1 nan 66295.000000 nan nan nan 2.694395 2.252078 6.486714 -27.469037 -3.361239 -0.305867 0.000000 0.875612 2930
car -1 -1 nan 66291.000000 nan nan nan 0.480824 0.331439 0.536629 -40.887767 3.463383 -1.337687 0.000000 0.558796 2902
person -1 -1 nan 66299.000000 nan nan nan 1.608470 0.706610 0.714776 -17.470608 -5.634330 -0.921691 0.000000 0.942192 655
