other-vehicle -1 -1 nan 63783.000000 nan nan nan 0.199902 0.741571 0.930405 -20.789220 -5.317286 -1.928873 0.000000 0.864775 3070
other-vehicle -1 -1 nan 63724.000000 nan nan nan 1.634639 2.127031 1.203011 45.486189 -14.985429 1.033326 0.000000 0.795895 3067
other-vehicle -1 -1 nan 63758.000000 nan nan nan 0.703676 1.046893 2.221186 -22.662335 10.937242 -0.985828 0.000000 0.833177 3068
car -1 -1 nan 63722.000000 nan nan nan 0.521227 1.635949 0.707841 -34.495932 -35.317287 -2.610713 0.000000 0.831059 3066
car -1 -1 nan 63735.000000 nan nan nan 0.618424 1.597586 1.721504 18.943275 36.923936 0.739352 0.000000 0.765188 2980
other-vehicle -1 -1 nan 63798.000000 nan nan nan 1.136119 0.985488 2.055505 14.344453 5.718132 0.185953 0.000000 0.744892 3062
car -1 -1 nan 63802.000000 nan nan nan 1.432955 2.033696 3.064443 11.020333 -6.681634 -0.606814 0.000000 0.947715 3060
car -1 -1 nan 63807.000000 nan nan nan 1.143545 2.891573 2.036072 -17.261465 -27.517944 -1.799648 0.000000 0.905133 3054
car -1 -1 nan 63787.000000 nan nan nan 1.115375 2.819173 1.415645 -14.541360 -22.371635 -1.721825 0.000000 0.879286 3051
car -1 -1 nan 63765.000000 nan nan nan 1.149792 1.353779 1.469157 31.876650 -9.419994 0.060115 0.000000 0.831477 3000
car -1 -1 nan 63782.000000 nan nan nan 0.669127 1.383921 0.785898 37.329677 -11.800506 0.133375 0.000000 0.882857 2996
car -1 -1 nan 63818.000000 nan nan nan 1.318634 1.540030 1.686002 20.424124 -2.467845 -0.239184 0.000000 0.793435 2992
car -1 -1 nan 63799.000000 nan nan nan 0.250781 1.293389 1.216155 11.438622 22.149194 0.046353 0.000000 0.729877 2964
car -1 -1 nan 63828.000000 nan nan nan 0.613111 1.687258 1.271177 13.507575 27.589239 0.113708 0.000000 0.745219 2959
car -1 -1 nan 63791.000000 nan nan nan 1.352681 2.604442 2.261572 18.226727 -1.004296 -0.279081 0.000000 0.876521 2955
car -1 -1 nan 63803.000000 nan nan nan 1.460481 3.771101 2.794316 -12.579864 -17.333709 -1.494145 0.000000 0.959111 2946
car -1 -1 nan 63795.000000 nan nan nan 1.340443 3.397628 2.623228 30.489055 -7.585936 0.021874 0.000000 0.853374 2945
car -1 -1 nan 63804.000000 nan nan nan 1.403615 2.265625 2.113299 12.666526 1.214504 -0.415963 0.000000 0.874343 2940
car -1 -1 nan 63817.000000 nan nan nan 1.334331 2.617252 1.670425 10.235237 2.410112 -0.520369 0.000000 0.909309 2937
car -1 -1 nan 63806.000000 nan nan nan 1.081415 1.647695 1.202832 22.176136 -3.855968 -0.275000 0.000000 0.902821 2923
car -1 -1 nan 63788.000000 nan nan nan 1.897875 3.689464 6.280163 16.847326 -9.810718 -0.019780 0.000000 0.863268 2930
car -1 -1 nan 63792.000000 nan nan nan 0.545155 2.992904 1.324185 6.372547 13.303518 -0.360812 0.000000 0.882598 2921
car -1 -1 nan 63793.000000 nan nan nan 1.461890 2.219791 4.188049 5.621531 -4.178680 -0.641018 0.000000 0.927105 2911
car -1 -1 nan 63779.000000 nan nan nan 1.360540 4.552860 3.046624 8.489057 4.204436 -0.579093 0.000000 0.961793 2902
car -1 -1 nan 63801.000000 nan nan nan 1.412110 3.369140 2.781672 4.016747 7.606875 -0.799390 0.000000 0.903689 2896
car -1 -1 nan 63812.000000 nan nan nan 0.457561 1.458278 1.654358 -17.649695 8.782150 -1.135950 0.000000 0.779223 2906
car -1 -1 nan 63790.000000 nan nan nan 1.247582 2.535647 3.411527 -11.754038 5.745345 -1.395589 0.000000 0.889899 2893
car -1 -1 nan 63786.000000 nan nan nan 0.371737 1.606561 1.122088 -26.767003 13.455570 -1.236556 0.000000 0.770710 2871
other-vehicle -1 -1 nan 63810.000000 nan nan nan 0.937648 2.385038 1.754010 -40.816399 20.169484 -1.139748 0.000000 0.785670 2849
bicyclist -1 -1 nan 63785.000000 nan nan nan 0.540254 1.081241 0.765149 16.118895 23.984284 -0.442488 0.000000 0.791586 839
