car -1 -1 nan 62848.000000 nan nan nan 0.841026 1.087117 0.630457 -4.105859 37.515211 -2.071501 0.000000 0.543510 3022
car -1 -1 nan 62852.000000 nan nan nan 1.019436 1.298272 1.699844 34.247487 14.842954 -0.789573 0.000000 0.860427 3000
car -1 -1 nan 62823.000000 nan nan nan 0.941713 2.622142 1.206133 40.388431 16.555297 -0.553569 0.000000 0.879334 2996
car -1 -1 nan 62853.000000 nan nan nan 1.154716 0.998928 1.471583 21.461723 12.809632 -0.868285 0.000000 0.889370 2992
car -1 -1 nan 62833.000000 nan nan nan 1.512544 0.780302 1.549786 -4.760128 42.974566 -1.863574 0.000000 0.703839 2980
car -1 -1 nan 62843.000000 nan nan nan 1.305074 2.969773 2.041183 -1.381601 27.203045 -1.635072 0.000000 0.938366 2964
car -1 -1 nan 62826.000000 nan nan nan 1.495220 3.851764 2.197560 -2.708770 33.073762 -1.713671 0.000000 0.875460 2959
car -1 -1 nan 62835.000000 nan nan nan 1.197491 2.042758 1.617951 18.551258 12.524180 -0.832157 0.000000 0.898306 2955
car -1 -1 nan 62824.000000 nan nan nan 1.481784 2.934130 2.025916 4.101251 -18.946092 -0.582210 0.000000 0.936219 2946
car -1 -1 nan 62837.000000 nan nan nan 1.153987 2.509543 1.703933 32.099875 15.299834 -0.839117 0.000000 0.887391 2945
car -1 -1 nan 62844.000000 nan nan nan 1.358007 2.157985 1.823461 13.011766 10.948841 -0.893540 0.000000 0.922588 2940
car -1 -1 nan 62850.000000 nan nan nan 1.323389 2.334207 1.908553 10.470982 10.398859 -0.991552 0.000000 0.946986 2937
car -1 -1 nan 62845.000000 nan nan nan 1.014110 1.484862 1.386719 23.431543 12.886268 -0.977580 0.000000 0.911879 2923
car -1 -1 nan 62847.000000 nan nan nan 1.282624 1.850834 2.424533 21.003208 4.404918 0.305316 0.000000 0.438781 2930
car -1 -1 nan 62834.000000 nan nan nan 1.358727 3.946250 2.108462 0.410334 17.157597 -1.434686 0.000000 0.937597 2921
other-vehicle -1 -1 nan 62828.000000 nan nan nan 0.471851 0.807830 0.697467 24.884164 5.239955 0.343573 0.000000 0.527405 2917
car -1 -1 nan 62836.000000 nan nan nan 1.400743 2.039495 3.225211 10.375688 1.983787 -0.730621 0.000000 0.925796 2911
car -1 -1 nan 62819.000000 nan nan nan 1.301933 4.173138 2.691197 7.691910 10.575215 -0.979540 0.000000 0.952913 2902
car -1 -1 nan 62841.000000 nan nan nan 1.371589 4.012931 2.341741 1.797407 11.015869 -1.205499 0.000000 0.958429 2896
car -1 -1 nan 62825.000000 nan nan nan 1.445976 1.716532 2.727158 -15.216482 -1.963049 -1.318293 0.000000 0.885675 2906
car -1 -1 nan 62839.000000 nan nan nan 1.308643 2.746761 3.974073 -9.414653 -0.389173 -1.230344 0.000000 0.943743 2893
car -1 -1 nan 62832.000000 nan nan nan 1.531296 1.779940 3.175779 -25.955546 -4.032520 -1.315937 0.000000 0.893346 2871
other-vehicle -1 -1 nan 62840.000000 nan nan nan 1.695007 2.251792 1.303445 -41.278369 -7.049608 -0.974799 0.000000 0.835421 2849
person -1 -1 nan 62856.000000 nan nan nan 0.601102 0.680285 0.816752 -0.072660 27.887012 -1.166576 0.000000 0.786582 634
