car -1 -1 nan 62667.000000 nan nan nan 1.491968 1.973025 1.926795 -19.496892 -6.683949 -0.874921 0.000000 0.713646 2880
car -1 -1 nan 62677.000000 nan nan nan 0.471311 1.344638 1.473858 12.679214 -28.518445 0.381935 0.000000 0.692228 3005
car -1 -1 nan 62668.000000 nan nan nan 0.990627 0.552806 1.539614 31.472501 21.142984 -1.109803 0.000000 0.829931 3000
car -1 -1 nan 62632.000000 nan nan nan 0.968284 2.218974 1.487949 37.036862 24.160519 -1.086493 0.000000 0.887137 2996
car -1 -1 nan 62643.000000 nan nan nan 0.497391 1.065460 0.345675 18.914670 -9.440624 -0.627040 0.000000 0.761536 2994
car -1 -1 nan 62671.000000 nan nan nan 1.150697 1.415758 1.246595 19.191893 17.015946 -1.127849 0.000000 0.874310 2992
car -1 -1 nan 62664.000000 nan nan nan 1.228936 1.301094 2.013342 -12.607188 41.268595 -2.347059 0.000000 0.761100 2980
car -1 -1 nan 62656.000000 nan nan nan 1.343163 2.809233 2.475927 -6.060169 26.393787 -2.003761 0.000000 0.896853 2964
car -1 -1 nan 62642.000000 nan nan nan 1.619928 3.693829 2.225371 -8.725710 31.792900 -2.085779 0.000000 0.843754 2959
car -1 -1 nan 62658.000000 nan nan nan 1.198177 1.726719 2.061163 16.495369 15.786522 -1.059046 0.000000 0.871738 2955
car -1 -1 nan 62639.000000 nan nan nan 1.576639 3.900059 2.355317 8.555304 -17.733410 -0.352140 0.000000 0.919256 2946
car -1 -1 nan 62649.000000 nan nan nan 1.120711 2.544539 1.959050 29.092737 21.400942 -1.098224 0.000000 0.820026 2945
car -1 -1 nan 62663.000000 nan nan nan 1.382560 1.796864 1.851928 11.244182 13.274630 -1.095602 0.000000 0.851096 2940
car -1 -1 nan 62669.000000 nan nan nan 1.342107 2.258619 2.081552 8.874311 12.423572 -1.157591 0.000000 0.919610 2937
car -1 -1 nan 62644.000000 nan nan nan 1.068650 1.435440 1.448349 21.164541 17.502876 -1.247761 0.000000 0.883754 2923
car -1 -1 nan 62665.000000 nan nan nan 1.619798 2.686651 2.603337 20.732693 8.853376 0.179788 0.000000 0.882076 2930
car -1 -1 nan 62638.000000 nan nan nan 1.309311 3.694774 2.874352 -2.291349 17.049424 -1.643749 0.000000 0.928286 2921
other-vehicle -1 -1 nan 62651.000000 nan nan nan 0.519235 1.512455 1.030177 24.266110 10.636546 0.311306 0.000000 0.412640 2917
car -1 -1 nan 62673.000000 nan nan nan 1.382987 2.449366 3.038716 10.361802 4.283737 -0.767598 0.000000 0.909890 2911
car -1 -1 nan 62660.000000 nan nan nan 1.380334 3.951983 3.193735 6.094352 12.082084 -1.145241 0.000000 0.947160 2902
car -1 -1 nan 62653.000000 nan nan nan 1.437998 3.689099 2.983583 0.258094 11.269853 -1.383674 0.000000 0.956748 2896
car -1 -1 nan 62657.000000 nan nan nan 1.412764 2.000703 3.013146 -13.873168 -4.713557 -1.219925 0.000000 0.943209 2906
car -1 -1 nan 62631.000000 nan nan nan 1.317051 2.747056 3.631437 -8.279321 -2.179095 -1.170622 0.000000 0.920442 2893
car -1 -1 nan 62640.000000 nan nan nan 1.402952 1.943394 3.256115 -24.041354 -9.133798 -1.149985 0.000000 0.932943 2871
other-vehicle -1 -1 nan 62679.000000 nan nan nan 2.051622 3.652140 1.838696 -38.225351 -15.039197 -0.692628 0.000000 0.817925 2849
person -1 -1 nan 62474.000000 nan nan nan 0.807161 0.493449 0.363449 -45.898812 -22.206794 -0.741386 0.000000 0.899513 638
person -1 -1 nan 62674.000000 nan nan nan 1.031357 0.679773 0.836354 -4.877930 27.565848 -1.607886 0.000000 0.848889 634
