car -1 -1 nan 66717.000000 nan nan nan 1.697306 1.506562 1.882891 18.442635 12.532091 -0.618859 0.000000 0.780692 3171
car -1 -1 nan 66741.000000 nan nan nan 1.167443 3.241571 1.671914 15.368736 17.385626 -0.301470 0.000000 0.942582 3172
car -1 -1 nan 66710.000000 nan nan nan 0.163843 0.519776 0.439115 -39.671336 4.475186 -1.086261 0.000000 0.713258 2992
car -1 -1 nan 66748.000000 nan nan nan 1.300081 2.759688 1.784000 3.503484 4.733650 -0.777248 0.000000 0.918459 3165
car -1 -1 nan 66738.000000 nan nan nan 1.373804 3.526213 1.943330 5.920483 5.286365 -0.731097 0.000000 0.941394 3149
car -1 -1 nan 66736.000000 nan nan nan 1.323400 3.675940 1.791162 15.313851 1.435088 -0.823117 0.000000 0.953254 3139
car -1 -1 nan 66750.000000 nan nan nan 1.378007 3.077399 1.679432 -7.230463 4.989523 -0.974282 0.000000 0.882895 3137
car -1 -1 nan 66733.000000 nan nan nan 1.395327 1.659055 3.444772 3.532538 -3.313734 -0.893976 0.000000 0.906484 3130
car -1 -1 nan 66739.000000 nan nan nan 1.326453 3.858687 1.956842 -5.168990 5.208669 -1.000328 0.000000 0.947512 3120
car -1 -1 nan 66745.000000 nan nan nan 1.691636 3.818715 1.906998 1.218909 4.972806 -0.679776 0.000000 0.949306 3125
car -1 -1 nan 66730.000000 nan nan nan 1.310960 3.300103 1.576515 -20.469217 4.727694 -1.143665 0.000000 0.951813 3087
car -1 -1 nan 66742.000000 nan nan nan 1.033771 2.555749 1.130714 -26.700406 4.489209 -1.152468 0.000000 0.922894 3000
car -1 -1 nan 66752.000000 nan nan nan 0.755429 0.256121 1.184116 -42.558153 3.898249 -1.139936 0.000000 0.731142 2955
car -1 -1 nan 66722.000000 nan nan nan 0.762390 0.308905 0.278755 -50.860113 3.646826 -1.442527 0.000000 0.701370 2937
car -1 -1 nan 66737.000000 nan nan nan 0.540016 1.242298 1.178253 -37.433114 3.992063 -1.525350 0.000000 0.752464 2923
other-vehicle -1 -1 nan 66746.000000 nan nan nan 2.979596 2.423709 2.803147 -38.360348 -3.549214 -0.544119 0.000000 0.810430 2930
person -1 -1 nan 66734.000000 nan nan nan 1.260815 0.922581 0.636407 -31.622609 -6.062088 -1.195785 0.000000 0.909687 655
