other-vehicle -1 -1 nan 68180.000000 nan nan nan 0.648585 0.659901 1.427027 -18.649185 10.586705 -0.547877 0.000000 0.684642 3251
car -1 -1 nan 68217.000000 nan nan nan 0.937247 0.926817 2.223640 -45.397963 12.320693 -1.186579 0.000000 0.751061 3226
car -1 -1 nan 68208.000000 nan nan nan 1.040244 0.985228 0.646049 -43.372345 20.140683 -0.453408 0.000000 0.809497 3240
car -1 -1 nan 68233.000000 nan nan nan 1.335588 2.109211 3.229533 -16.273392 -4.974544 -1.435459 0.000000 0.914009 3237
car -1 -1 nan 68214.000000 nan nan nan 1.347509 2.978787 3.520289 -15.613692 -2.221220 -1.276457 0.000000 0.917841 3149
car -1 -1 nan 68224.000000 nan nan nan 0.735910 0.811585 1.552815 -33.820876 8.715744 -1.277350 0.000000 0.754940 3225
car -1 -1 nan 68201.000000 nan nan nan 1.236846 2.552581 3.422548 -29.223975 6.380828 -1.164486 0.000000 0.881900 3221
car -1 -1 nan 68235.000000 nan nan nan 0.441545 0.509802 1.611066 -19.372701 -15.191034 -1.684748 0.000000 0.688098 3207
car -1 -1 nan 68218.000000 nan nan nan 0.492079 0.460203 0.733679 -36.794483 14.143513 -0.996937 0.000000 0.752961 3205
car -1 -1 nan 68239.000000 nan nan nan 1.052026 1.213548 2.148753 -29.322173 11.518570 -1.041376 0.000000 0.863358 3203
car -1 -1 nan 68220.000000 nan nan nan 1.046987 2.363829 1.338683 36.523149 -8.140932 -0.374090 0.000000 0.774993 3200
car -1 -1 nan 68221.000000 nan nan nan 1.079108 1.685793 1.723569 30.108761 -12.500326 -1.171220 0.000000 0.816419 3199
car -1 -1 nan 68209.000000 nan nan nan 1.221960 1.405738 1.433022 29.515197 -6.404907 -0.830951 0.000000 0.675385 3194
car -1 -1 nan 68219.000000 nan nan nan 1.462532 2.060095 3.911533 -23.375886 9.911011 -0.820367 0.000000 0.883596 3196
car -1 -1 nan 68229.000000 nan nan nan 1.335903 1.756045 4.142438 14.740570 -6.662104 -1.053354 0.000000 0.909864 3185
car -1 -1 nan 68207.000000 nan nan nan 1.348135 2.600560 3.068458 -8.586409 4.984726 -0.957100 0.000000 0.916411 3139
car -1 -1 nan 68210.000000 nan nan nan 1.387616 3.322147 2.451520 -8.087948 -7.620410 -1.414346 0.000000 0.899554 3130
car -1 -1 nan 68206.000000 nan nan nan 1.082738 2.243082 2.857836 -19.002461 -13.028748 -1.843545 0.000000 0.869383 3120
car -1 -1 nan 68223.000000 nan nan nan 1.739834 2.569106 2.658353 -16.376817 -7.495241 -1.395870 0.000000 0.884321 3125
car -1 -1 nan 68234.000000 nan nan nan 1.373425 2.481318 4.028915 -24.107430 -27.660797 -2.626131 0.000000 0.911965 3087
car -1 -1 nan 68203.000000 nan nan nan 1.092198 3.074042 1.654792 -25.296503 -34.253763 -2.825061 0.000000 0.641112 3000
bicycle -1 -1 nan 68215.000000 nan nan nan 0.814011 0.475765 1.034035 -14.024072 12.008918 -0.954545 0.000000 0.754552 872
motorcycle -1 -1 nan 68205.000000 nan nan nan 1.206304 1.454758 0.815504 11.200450 -6.148868 -1.291880 0.000000 0.919321 862
