car -1 -1 nan 68650.000000 nan nan nan 1.014755 0.394561 1.299856 -21.826101 -21.411267 -1.899835 0.000000 0.866431 3267
car -1 -1 nan 68628.000000 nan nan nan 0.462781 0.221032 0.524438 31.762936 2.254787 -0.775065 0.000000 0.739343 3259
car -1 -1 nan 68655.000000 nan nan nan 1.046055 1.333168 1.419168 37.778789 -3.468197 -0.813086 0.000000 0.853102 3261
car -1 -1 nan 68660.000000 nan nan nan 1.187705 1.306700 2.647656 30.513704 -3.325173 -1.062261 0.000000 0.847903 3257
car -1 -1 nan 68668.000000 nan nan nan 1.178641 1.243094 3.242620 -22.411914 -10.841577 -1.459404 0.000000 0.916229 3237
car -1 -1 nan 68656.000000 nan nan nan 1.322404 1.705273 3.446063 -22.356588 -8.538041 -1.379485 0.000000 0.945653 3149
car -1 -1 nan 68662.000000 nan nan nan 1.024608 1.872503 3.216114 -38.086486 -4.223612 -1.374808 0.000000 0.918729 3221
car -1 -1 nan 68651.000000 nan nan nan 1.012252 2.967247 1.822106 28.746717 3.201560 -0.262036 0.000000 0.873806 3200
car -1 -1 nan 68657.000000 nan nan nan 1.298875 1.628668 3.238673 24.834782 -3.345371 -1.042994 0.000000 0.932396 3199
car -1 -1 nan 68659.000000 nan nan nan 1.371855 1.632569 1.657938 21.575164 2.437874 -0.731139 0.000000 0.750014 3194
car -1 -1 nan 68672.000000 nan nan nan 1.151938 1.946413 2.436778 -33.335343 0.535926 -1.089634 0.000000 0.829955 3196
car -1 -1 nan 68670.000000 nan nan nan 1.504473 1.733720 5.011461 8.292581 -3.079976 -0.944549 0.000000 0.943454 3185
car -1 -1 nan 68645.000000 nan nan nan 1.231789 2.056353 3.670251 -18.381320 0.754522 -1.104379 0.000000 0.924059 3139
car -1 -1 nan 68652.000000 nan nan nan 1.294861 2.661250 1.786855 -13.764736 -10.725811 -1.414367 0.000000 0.928812 3130
car -1 -1 nan 68669.000000 nan nan nan 0.919740 1.447168 0.710378 -21.234595 -19.820019 -1.857429 0.000000 0.761597 3120
car -1 -1 nan 68663.000000 nan nan nan 1.557188 1.712740 2.215144 -21.482615 -13.246027 -1.379016 0.000000 0.868011 3125
motorcycle -1 -1 nan 68654.000000 nan nan nan 1.142677 1.306020 0.911758 4.038510 -3.280788 -1.282990 0.000000 0.926859 862
