car -1 -1 nan 66890.000000 nan nan nan 0.332087 0.460109 1.227345 7.103089 31.528536 -1.762324 0.000000 0.630511 3177
other-vehicle -1 -1 nan 66903.000000 nan nan nan 1.557028 2.138489 1.479850 13.304664 24.768610 -0.300189 0.000000 0.778552 3176
car -1 -1 nan 66929.000000 nan nan nan 1.234278 4.181755 1.703450 10.137692 23.931315 -0.662570 0.000000 0.914115 3174
car -1 -1 nan 66923.000000 nan nan nan 1.580827 4.209160 1.875737 10.634593 17.493611 -0.746340 0.000000 0.939431 3172
car -1 -1 nan 66935.000000 nan nan nan 1.399588 3.231411 2.084926 -1.038503 5.190566 -0.799189 0.000000 0.900197 3165
car -1 -1 nan 66925.000000 nan nan nan 1.355085 3.420431 1.812564 1.856704 5.303585 -0.819815 0.000000 0.916902 3149
car -1 -1 nan 66922.000000 nan nan nan 1.279117 3.638107 1.839040 11.403567 2.126043 -1.014820 0.000000 0.949937 3139
car -1 -1 nan 66921.000000 nan nan nan 1.272691 3.085406 1.538356 -11.395517 4.518533 -0.875437 0.000000 0.896558 3137
car -1 -1 nan 66919.000000 nan nan nan 1.356773 1.671767 3.147916 -0.076751 -3.186974 -0.669825 0.000000 0.909079 3130
car -1 -1 nan 66937.000000 nan nan nan 1.291344 3.867488 1.753019 -9.154995 4.838706 -0.944376 0.000000 0.930607 3120
car -1 -1 nan 66931.000000 nan nan nan 1.689015 3.980470 1.801652 -2.716818 4.884104 -0.714339 0.000000 0.899432 3125
car -1 -1 nan 66920.000000 nan nan nan 1.297769 2.961815 1.634975 -24.570026 3.027525 -0.932348 0.000000 0.924682 3087
car -1 -1 nan 66928.000000 nan nan nan 0.997152 2.241829 1.535153 -30.907126 2.457692 -0.898581 0.000000 0.839596 3000
car -1 -1 nan 66889.000000 nan nan nan 0.482522 0.699475 0.936106 -46.681412 1.516919 -0.568051 0.000000 0.831082 2955
car -1 -1 nan 66938.000000 nan nan nan 0.417843 1.005693 0.878779 -41.478980 1.820271 -1.051082 0.000000 0.784516 2923
other-vehicle -1 -1 nan 66939.000000 nan nan nan 2.527147 2.273471 2.104383 -41.540428 -5.753327 -0.017373 0.000000 0.702236 2930
person -1 -1 nan 66941.000000 nan nan nan 1.109278 0.604019 0.356896 -35.896072 -7.906001 -1.059448 0.000000 0.918459 655
