car -1 -1 nan 68356.000000 nan nan nan 0.371195 0.418419 0.554250 37.638289 -6.516612 -1.211886 0.000000 0.595201 3259
car -1 -1 nan 68346.000000 nan nan nan 1.189635 1.359320 0.684647 42.189419 -13.150953 -1.312167 0.000000 0.476277 3261
car -1 -1 nan 68343.000000 nan nan nan 0.792098 0.945874 1.589915 35.007923 -10.932036 -1.129356 0.000000 0.818265 3257
car -1 -1 nan 68363.000000 nan nan nan 0.292440 0.708010 0.286975 -47.620193 7.999486 -1.210083 0.000000 0.592180 3226
car -1 -1 nan 68358.000000 nan nan nan 1.292517 1.896311 2.826469 -17.556621 -6.487404 -1.536037 0.000000 0.881321 3237
car -1 -1 nan 68344.000000 nan nan nan 1.362915 2.211674 3.482140 -17.199504 -3.903765 -1.334091 0.000000 0.905367 3149
car -1 -1 nan 68360.000000 nan nan nan 0.773479 0.519601 0.747301 -35.837238 5.413180 -1.327188 0.000000 0.854794 3225
car -1 -1 nan 68347.000000 nan nan nan 1.314572 3.217299 3.545716 -31.610842 3.353489 -1.107163 0.000000 0.899449 3221
car -1 -1 nan 68306.000000 nan nan nan 1.055011 0.959137 1.446335 -31.938216 8.769300 -0.675916 0.000000 0.395094 3203
car -1 -1 nan 68348.000000 nan nan nan 1.036697 2.447259 1.268772 35.108846 -4.839697 -0.382048 0.000000 0.654542 3200
car -1 -1 nan 68350.000000 nan nan nan 1.158905 1.615268 3.050190 29.532433 -9.783278 -1.388958 0.000000 0.791667 3199
car -1 -1 nan 68335.000000 nan nan nan 1.117314 1.186482 1.505597 28.218707 -3.841310 -0.874447 0.000000 0.659136 3194
car -1 -1 nan 68334.000000 nan nan nan 1.467151 1.996932 3.937783 -26.146071 7.762006 -0.565044 0.000000 0.898675 3196
car -1 -1 nan 68339.000000 nan nan nan 1.295340 1.725413 4.332502 13.624117 -5.452825 -1.176925 0.000000 0.925553 3185
car -1 -1 nan 68352.000000 nan nan nan 1.300129 2.348823 3.100093 -10.781331 4.107968 -0.882410 0.000000 0.916066 3139
car -1 -1 nan 68341.000000 nan nan nan 1.439409 3.256886 2.358274 -9.489365 -8.359284 -1.568620 0.000000 0.901231 3130
car -1 -1 nan 68329.000000 nan nan nan 0.964848 2.043643 2.811120 -19.661038 -14.849758 -1.986402 0.000000 0.915736 3120
car -1 -1 nan 68351.000000 nan nan nan 1.731654 2.390912 2.782790 -17.625227 -8.926149 -1.533531 0.000000 0.873347 3125
car -1 -1 nan 68337.000000 nan nan nan 1.211612 1.956850 3.257765 -23.224515 -29.773354 -3.100702 0.000000 0.919670 3087
car -1 -1 nan 68319.000000 nan nan nan 1.339692 1.684374 1.673992 -24.183487 -36.104251 -3.638273 0.000000 0.691906 3000
bicycle -1 -1 nan 68248.000000 nan nan nan 0.642213 0.494590 0.733605 -16.725335 10.733854 -1.037165 0.000000 0.782350 872
motorcycle -1 -1 nan 68354.000000 nan nan nan 1.205413 1.423730 0.805343 9.804148 -5.146369 -1.412422 0.000000 0.924700 862
