car -1 -1 nan 67286.000000 nan nan nan 1.245020 0.963281 1.746780 22.232694 -31.796601 -1.460278 0.000000 0.825191 3194
car -1 -1 nan 67278.000000 nan nan nan 1.431756 2.603540 1.968435 1.326481 18.594354 -0.780788 0.000000 0.909580 3196
car -1 -1 nan 67297.000000 nan nan nan 1.307153 2.295169 1.481224 -5.172194 20.477589 -0.754970 0.000000 0.733151 3193
car -1 -1 nan 67275.000000 nan nan nan 1.233786 4.276921 1.656788 11.442158 -20.767465 -1.341947 0.000000 0.930878 3185
car -1 -1 nan 67272.000000 nan nan nan 1.310511 3.892837 2.394444 -6.043147 4.608961 -1.001851 0.000000 0.928964 3165
car -1 -1 nan 67292.000000 nan nan nan 1.368839 3.772595 2.249435 -3.721785 5.237199 -0.911247 0.000000 0.914259 3149
car -1 -1 nan 67280.000000 nan nan nan 1.277735 3.666401 2.002833 6.166207 4.770165 -0.941105 0.000000 0.954657 3139
car -1 -1 nan 67282.000000 nan nan nan 1.409130 1.767412 3.365586 -3.049620 -3.280815 -1.156587 0.000000 0.907528 3130
car -1 -1 nan 67281.000000 nan nan nan 1.302934 3.679348 3.918680 -14.888015 0.867642 -1.193076 0.000000 0.921658 3120
car -1 -1 nan 67294.000000 nan nan nan 1.653176 4.033808 2.286793 -7.801791 3.530523 -0.868636 0.000000 0.860308 3125
car -1 -1 nan 67276.000000 nan nan nan 1.263139 2.771634 2.127403 -28.623394 -4.234468 -1.332635 0.000000 0.901692 3087
car -1 -1 nan 67285.000000 nan nan nan 1.124827 1.789489 1.746167 -34.231798 -6.736738 -1.347406 0.000000 0.891788 3000
car -1 -1 nan 67288.000000 nan nan nan 0.472682 1.254908 0.700447 -44.358382 -10.751570 -1.800173 0.000000 0.775100 2923
other-vehicle -1 -1 nan 67287.000000 nan nan nan 2.342040 2.115048 2.621175 -42.175788 -17.916816 -0.574638 0.000000 0.813294 2930
person -1 -1 nan 67279.000000 nan nan nan 1.339585 1.077052 0.706858 -37.528158 -18.884578 -1.529454 0.000000 0.891273 655
