other-vehicle -1 -1 nan 68738.000000 nan nan nan 0.577220 0.752708 1.489747 36.261724 2.840405 -1.013325 0.000000 0.856986 3281
car -1 -1 nan 68756.000000 nan nan nan 1.404317 1.433684 3.306913 36.237845 -2.260621 -0.971762 0.000000 0.855927 3261
car -1 -1 nan 68753.000000 nan nan nan 1.128081 1.441566 3.932070 28.427610 -2.404712 -1.056896 0.000000 0.904262 3257
car -1 -1 nan 68763.000000 nan nan nan 1.063583 1.480854 3.543691 -24.657385 -11.572504 -1.350396 0.000000 0.803207 3237
car -1 -1 nan 68758.000000 nan nan nan 1.165436 1.719929 3.518253 -24.586795 -9.279141 -1.205874 0.000000 0.893251 3149
car -1 -1 nan 68750.000000 nan nan nan 0.837995 1.702303 1.479701 -39.621076 -5.838867 -1.460627 0.000000 0.892459 3221
car -1 -1 nan 68751.000000 nan nan nan 0.904814 3.437578 2.135264 26.030778 4.425375 -0.306676 0.000000 0.892185 3200
car -1 -1 nan 68752.000000 nan nan nan 1.321116 1.826962 3.873124 22.392779 -2.734545 -1.134694 0.000000 0.918378 3199
car -1 -1 nan 68744.000000 nan nan nan 1.318738 2.083011 1.734343 18.967844 3.301861 -0.869026 0.000000 0.830675 3194
car -1 -1 nan 68748.000000 nan nan nan 0.991409 1.132896 1.113585 -33.951202 1.376678 -0.628914 0.000000 0.549486 3196
car -1 -1 nan 68759.000000 nan nan nan 1.737711 1.764417 4.400494 5.501910 -2.859073 -0.788526 0.000000 0.947743 3185
car -1 -1 nan 68745.000000 nan nan nan 1.284784 1.700357 4.054104 -20.563961 0.213416 -1.068988 0.000000 0.931487 3139
car -1 -1 nan 68761.000000 nan nan nan 1.282066 2.482602 1.838927 -15.983942 -11.036984 -1.270877 0.000000 0.910622 3130
car -1 -1 nan 68708.000000 nan nan nan 0.692570 0.640674 1.358735 -23.484124 -20.179215 -1.583706 0.000000 0.744457 3120
car -1 -1 nan 68743.000000 nan nan nan 1.534638 1.704997 2.921279 -23.956129 -13.911132 -1.228516 0.000000 0.917513 3125
motorcycle -1 -1 nan 68724.000000 nan nan nan 1.224751 1.422449 0.974311 1.697658 -3.163934 -1.221941 0.000000 0.860961 862
