car -1 -1 nan 67414.000000 nan nan nan 0.449452 0.973934 0.784863 31.722350 -35.565488 -1.051313 0.000000 0.617962 3204
car -1 -1 nan 67429.000000 nan nan nan 1.185902 3.205703 2.527202 -12.424564 31.261083 -0.885623 0.000000 0.930811 3205
car -1 -1 nan 67421.000000 nan nan nan 1.126306 3.602984 2.687363 -8.268771 24.439190 -0.712008 0.000000 0.893113 3203
car -1 -1 nan 67441.000000 nan nan nan 0.525747 0.917994 0.634128 30.106610 -33.275204 -0.914549 0.000000 0.846011 3200
car -1 -1 nan 67426.000000 nan nan nan 1.058557 1.624064 1.680554 22.549309 -32.247743 -1.222715 0.000000 0.744628 3199
car -1 -1 nan 67422.000000 nan nan nan 1.064086 1.455649 1.157464 26.390280 -27.103259 -0.660099 0.000000 0.737801 3194
car -1 -1 nan 67427.000000 nan nan nan 1.594924 3.957043 3.245147 -4.618811 19.255394 -0.627787 0.000000 0.928538 3196
car -1 -1 nan 67433.000000 nan nan nan 1.348223 4.389907 2.158935 13.524260 -18.736195 -1.070549 0.000000 0.954020 3185
car -1 -1 nan 67423.000000 nan nan nan 1.321872 3.675211 2.770251 -8.440507 3.174896 -1.264347 0.000000 0.926352 3165
car -1 -1 nan 67436.000000 nan nan nan 1.303946 3.617009 2.708181 -6.353813 4.386410 -1.111740 0.000000 0.944417 3149
car -1 -1 nan 67424.000000 nan nan nan 1.285051 3.468508 2.615833 3.491385 5.909491 -0.795241 0.000000 0.943159 3139
car -1 -1 nan 67432.000000 nan nan nan 1.461264 1.770007 3.419753 -3.852772 -3.583119 -1.317261 0.000000 0.887287 3130
car -1 -1 nan 67438.000000 nan nan nan 1.291712 3.586160 2.344715 -15.717279 -1.746177 -1.735620 0.000000 0.948550 3120
car -1 -1 nan 67437.000000 nan nan nan 1.788541 3.926867 2.963609 -10.146098 1.631542 -1.262273 0.000000 0.911726 3125
car -1 -1 nan 67428.000000 nan nan nan 1.166534 2.832320 2.664938 -28.812050 -10.152011 -2.403347 0.000000 0.898155 3087
car -1 -1 nan 67420.000000 nan nan nan 1.101647 1.700446 2.083437 -33.828347 -13.628213 -2.593272 0.000000 0.865697 3000
car -1 -1 nan 67440.000000 nan nan nan 0.491785 1.548594 0.733748 -42.954930 -19.483627 -3.412419 0.000000 0.704643 2923
other-vehicle -1 -1 nan 67416.000000 nan nan nan 2.611550 1.976348 2.222122 -39.519147 -26.072035 -2.297466 0.000000 0.788605 2930
person -1 -1 nan 67431.000000 nan nan nan 0.929656 0.463138 0.267309 -35.325125 -25.872952 -2.911665 0.000000 0.822635 655
motorcycle -1 -1 nan 67417.000000 nan nan nan 1.096922 1.409845 0.871222 12.187169 -15.324480 -1.208704 0.000000 0.925720 862
