car -1 -1 nan 67376.000000 nan nan nan 0.516327 1.117184 0.741164 28.000437 -35.672227 -1.245614 0.000000 0.726073 3200
car -1 -1 nan 67368.000000 nan nan nan 0.987212 1.866876 1.577249 20.476324 -34.136733 -1.166997 0.000000 0.682372 3199
car -1 -1 nan 67362.000000 nan nan nan 1.239745 1.471002 1.302149 24.661054 -29.296606 -1.034522 0.000000 0.727897 3194
car -1 -1 nan 67360.000000 nan nan nan 1.545547 4.070208 2.985471 -2.359932 19.504801 -0.680130 0.000000 0.948441 3196
car -1 -1 nan 67371.000000 nan nan nan 1.377003 4.477841 1.722955 12.616687 -20.051201 -1.209659 0.000000 0.935118 3185
car -1 -1 nan 67377.000000 nan nan nan 1.273816 3.877737 2.571886 -7.506696 3.851091 -1.110487 0.000000 0.934580 3165
car -1 -1 nan 67370.000000 nan nan nan 1.305103 3.642334 2.550789 -5.337050 4.810820 -1.018556 0.000000 0.930800 3149
car -1 -1 nan 67361.000000 nan nan nan 1.254451 3.588636 2.444943 4.589575 5.524681 -0.899838 0.000000 0.960198 3139
car -1 -1 nan 67372.000000 nan nan nan 1.445997 1.828057 3.348231 -3.545763 -3.395242 -1.211969 0.000000 0.915663 3130
car -1 -1 nan 67364.000000 nan nan nan 1.450104 3.759623 4.034976 -15.688662 -0.904714 -1.415551 0.000000 0.894609 3120
car -1 -1 nan 67354.000000 nan nan nan 1.697674 4.291216 2.842158 -9.207524 2.354123 -1.037224 0.000000 0.840082 3125
car -1 -1 nan 67359.000000 nan nan nan 1.270532 2.847614 2.124931 -28.888528 -7.785284 -1.817122 0.000000 0.907903 3087
car -1 -1 nan 67369.000000 nan nan nan 0.963539 1.852319 0.787725 -33.964371 -10.876824 -1.948413 0.000000 0.673560 3000
car -1 -1 nan 67366.000000 nan nan nan 0.726048 1.617344 1.102167 -43.875651 -15.784412 -2.580850 0.000000 0.816184 2923
other-vehicle -1 -1 nan 67356.000000 nan nan nan 2.737287 2.209550 2.800837 -40.770793 -22.674624 -1.365040 0.000000 0.860669 2930
person -1 -1 nan 67334.000000 nan nan nan 1.223570 0.738668 0.373412 -36.770430 -22.665537 -1.878218 0.000000 0.813125 655
motorcycle -1 -1 nan 67358.000000 nan nan nan 1.201201 1.496797 0.915229 11.501349 -16.360341 -1.313170 0.000000 0.920577 862
