other-vehicle -1 -1 nan 69176.000000 nan nan nan 0.734960 1.275224 0.839030 -46.862314 3.136324 -0.751799 0.000000 0.578677 3310
car -1 -1 nan 69153.000000 nan nan nan 0.638215 0.630462 1.056362 -3.508919 41.303522 -1.714230 0.000000 0.648956 3309
car -1 -1 nan 69177.000000 nan nan nan 0.924575 0.998815 1.010232 40.038166 3.805372 -0.474111 0.000000 0.771205 3305
car -1 -1 nan 69189.000000 nan nan nan 0.525307 1.088700 1.158299 33.906638 3.755047 -0.388431 0.000000 0.834797 3300
car -1 -1 nan 69188.000000 nan nan nan 1.397155 1.019049 1.603449 -42.328578 2.903222 -1.239064 0.000000 0.819396 3296
car -1 -1 nan 69183.000000 nan nan nan 1.308192 0.986714 1.695394 14.315804 3.037313 -0.815093 0.000000 0.879345 3297
car -1 -1 nan 69190.000000 nan nan nan 1.295434 2.604723 2.691478 8.345598 3.709082 -0.899253 0.000000 0.916838 3292
car -1 -1 nan 69193.000000 nan nan nan 1.005603 3.175604 1.700747 28.886911 4.349070 -0.768894 0.000000 0.877553 3289
car -1 -1 nan 69181.000000 nan nan nan 1.501408 1.760381 3.872971 21.544664 -2.445223 -0.675545 0.000000 0.934352 3261
car -1 -1 nan 69185.000000 nan nan nan 1.342722 1.683909 4.305329 14.108171 -2.625407 -0.837396 0.000000 0.921187 3257
car -1 -1 nan 69180.000000 nan nan nan 1.136279 1.365236 3.176436 -39.089335 -8.894344 -1.385042 0.000000 0.881309 3149
car -1 -1 nan 69192.000000 nan nan nan 1.681752 3.207428 2.096917 11.464614 4.115847 -0.683116 0.000000 0.912252 3200
car -1 -1 nan 69175.000000 nan nan nan 1.375515 1.838628 3.834141 7.921195 -2.763566 -0.917861 0.000000 0.946392 3199
car -1 -1 nan 69184.000000 nan nan nan 1.345020 3.742713 2.011658 4.512878 3.938853 -0.900189 0.000000 0.904736 3194
car -1 -1 nan 69187.000000 nan nan nan 1.951389 1.828587 4.655289 -8.450326 -2.927305 -0.782676 0.000000 0.940050 3185
car -1 -1 nan 69186.000000 nan nan nan 1.269936 1.751117 3.176403 -34.604284 0.256835 -1.567703 0.000000 0.932283 3139
