car -1 -1 nan 71447.000000 nan nan nan 0.734083 2.158132 0.979993 18.839067 -6.980077 -0.569759 0.000000 0.724366 3406
car -1 -1 nan 71456.000000 nan nan nan 0.983634 0.634299 0.915976 28.996023 3.072124 -0.509701 0.000000 0.756970 3404
car -1 -1 nan 71450.000000 nan nan nan 0.389332 0.451511 0.701646 39.129949 2.604297 -0.594832 0.000000 0.554561 3396
car -1 -1 nan 71465.000000 nan nan nan 1.005408 1.929118 0.821971 26.075512 3.973477 -0.531346 0.000000 0.766894 3391
car -1 -1 nan 71469.000000 nan nan nan 1.105590 0.925628 1.641005 31.675402 2.673384 -0.625889 0.000000 0.596143 3387
car -1 -1 nan 71458.000000 nan nan nan 0.992062 0.417014 3.519404 36.039149 -2.397476 -0.616197 0.000000 0.877769 3388
car -1 -1 nan 71452.000000 nan nan nan 1.172254 1.422723 2.979879 30.889544 -3.004229 -0.657535 0.000000 0.916884 3381
car -1 -1 nan 71463.000000 nan nan nan 1.377453 1.422500 2.973290 18.607771 -3.016505 -0.759884 0.000000 0.942863 3379
car -1 -1 nan 71437.000000 nan nan nan 1.241173 3.724487 1.686864 22.759940 4.599994 -0.771186 0.000000 0.949681 3368
car -1 -1 nan 71454.000000 nan nan nan 1.372826 1.672486 4.156198 13.778186 -2.999813 -0.845791 0.000000 0.894129 3358
car -1 -1 nan 71451.000000 nan nan nan 1.615160 1.894329 4.074261 -15.676481 -3.079155 -1.107200 0.000000 0.939668 3335
car -1 -1 nan 71441.000000 nan nan nan 1.406783 1.913973 4.052753 -5.788633 -2.868171 -1.073615 0.000000 0.963525 3331
car -1 -1 nan 71449.000000 nan nan nan 1.421302 4.070556 2.523773 -22.951063 4.846994 -1.248462 0.000000 0.948645 3318
other-vehicle -1 -1 nan 71464.000000 nan nan nan 0.697733 0.234701 1.367304 -26.841430 -2.438616 -1.681227 0.000000 0.767369 3315
car -1 -1 nan 71460.000000 nan nan nan 1.128111 0.918922 3.766849 -21.565567 -2.542583 -1.325039 0.000000 0.908670 3311
car -1 -1 nan 71455.000000 nan nan nan 1.078778 2.237666 1.989593 -38.066521 3.663149 -1.553969 0.000000 0.906202 3305
car -1 -1 nan 71438.000000 nan nan nan 0.496198 0.650010 0.233862 -44.100632 3.019380 -1.439878 0.000000 0.451168 3300
person -1 -1 nan 71466.000000 nan nan nan 1.058696 0.467983 0.539536 -38.427385 29.641041 -1.863825 0.000000 0.912118 686
