other-vehicle -1 -1 nan 70181.000000 nan nan nan 0.637570 2.401085 0.595942 -39.617774 -7.672519 -0.628293 0.000000 0.860608 3333
car -1 -1 nan 70160.000000 nan nan nan 1.504042 1.514069 3.871498 27.145940 -2.754122 -0.611308 0.000000 0.878348 3335
car -1 -1 nan 70167.000000 nan nan nan 1.110637 0.967571 3.022224 36.929794 -2.289274 -0.708576 0.000000 0.900868 3331
car -1 -1 nan 70148.000000 nan nan nan 1.461861 4.301634 2.363849 19.982792 5.094111 -0.722523 0.000000 0.958633 3318
other-vehicle -1 -1 nan 70164.000000 nan nan nan 0.795352 1.559802 2.503355 16.900021 -2.916599 -1.111188 0.000000 0.842686 3315
car -1 -1 nan 70174.000000 nan nan nan 1.194728 1.664955 4.224876 21.035993 -2.760773 -0.861661 0.000000 0.940067 3311
car -1 -1 nan 70157.000000 nan nan nan 1.690906 2.698232 2.532008 1.974405 4.307478 -0.793247 0.000000 0.906103 3312
car -1 -1 nan 70178.000000 nan nan nan 1.409104 3.594827 1.968872 4.843996 4.445239 -0.895648 0.000000 0.937925 3305
car -1 -1 nan 70176.000000 nan nan nan 1.597968 3.256823 2.865431 -0.637311 4.131555 -0.869885 0.000000 0.956655 3300
car -1 -1 nan 70161.000000 nan nan nan 1.343788 4.471923 3.089945 -20.095437 4.549384 -1.223846 0.000000 0.926598 3297
car -1 -1 nan 70177.000000 nan nan nan 1.002226 0.786314 0.583885 -26.734487 2.601963 -1.316881 0.000000 0.827282 3292
car -1 -1 nan 70165.000000 nan nan nan 1.270546 4.293401 2.695264 -5.717215 4.522208 -1.089115 0.000000 0.929841 3289
car -1 -1 nan 70152.000000 nan nan nan 1.528279 1.872924 4.336983 -13.114636 -2.890491 -1.067238 0.000000 0.948803 3261
car -1 -1 nan 70168.000000 nan nan nan 1.296269 1.297697 4.439155 -20.686367 -2.697981 -1.247302 0.000000 0.920601 3257
car -1 -1 nan 70175.000000 nan nan nan 1.153443 2.932392 2.424050 -23.551636 3.705388 -0.847107 0.000000 0.916614 3200
car -1 -1 nan 70171.000000 nan nan nan 1.135855 0.721266 3.404082 -26.938732 -2.478482 -1.359147 0.000000 0.921024 3199
car -1 -1 nan 70158.000000 nan nan nan 1.052488 1.174813 1.660909 -30.791615 2.374985 -1.387149 0.000000 0.804945 3194
car -1 -1 nan 70183.000000 nan nan nan 1.100468 1.358844 1.478914 -42.516342 -2.967674 -1.529397 0.000000 0.812869 3185
person -1 -1 nan 70079.000000 nan nan nan 1.121012 0.760454 0.744895 -18.227537 30.918020 -1.563072 0.000000 0.911219 683
person -1 -1 nan 70153.000000 nan nan nan 1.344660 0.356359 0.555592 -0.519420 30.396331 -1.186593 0.000000 0.893961 682
bicycle -1 -1 nan 70162.000000 nan nan nan 0.743119 0.602030 0.239485 -4.573177 -8.728858 -1.109877 0.000000 0.688745 896
bicycle -1 -1 nan 70076.000000 nan nan nan 0.652379 0.400904 0.213938 -13.112396 -7.947666 -0.993428 0.000000 0.785923 890
