car -1 -1 nan 71696.000000 nan nan nan 0.278501 2.175052 0.397966 25.389517 -8.350263 -0.283012 0.000000 0.631142 3419
car -1 -1 nan 71695.000000 nan nan nan 1.417531 1.518375 2.926879 -5.399308 -25.764908 -1.851249 0.000000 0.898218 3418
car -1 -1 nan 71712.000000 nan nan nan 1.486083 1.780997 1.564191 -4.951425 -20.682682 -1.976805 0.000000 0.840612 3420
car -1 -1 nan 71689.000000 nan nan nan 1.674675 2.881728 1.630782 -3.645280 -48.891175 -0.834957 0.000000 0.839249 3414
car -1 -1 nan 71707.000000 nan nan nan 1.116633 1.206415 0.821514 39.815246 -3.049914 -0.463143 0.000000 0.793402 3407
car -1 -1 nan 71721.000000 nan nan nan 1.174970 1.159014 1.448436 21.168303 3.203282 -0.550332 0.000000 0.814011 3404
car -1 -1 nan 71701.000000 nan nan nan 0.802673 1.194683 1.212381 31.286608 2.749534 -0.493835 0.000000 0.795076 3396
car -1 -1 nan 71700.000000 nan nan nan 1.380559 1.748873 1.694317 18.469343 3.808055 -0.698845 0.000000 0.900164 3391
car -1 -1 nan 71710.000000 nan nan nan 1.232910 1.845299 1.813362 23.809704 2.959969 -0.587751 0.000000 0.846805 3387
car -1 -1 nan 71706.000000 nan nan nan 1.214433 1.364945 3.820269 28.490662 -3.081455 -0.616481 0.000000 0.895369 3388
car -1 -1 nan 71709.000000 nan nan nan 1.226339 1.752801 3.059055 22.871608 -3.280788 -0.724090 0.000000 0.903526 3381
car -1 -1 nan 71715.000000 nan nan nan 1.436781 1.581764 3.287519 10.826355 -3.069022 -0.774730 0.000000 0.916931 3379
car -1 -1 nan 71718.000000 nan nan nan 1.367596 3.723844 1.939933 15.023271 4.521235 -0.801107 0.000000 0.949228 3368
car -1 -1 nan 71693.000000 nan nan nan 1.400866 1.799804 3.576462 5.830858 -3.069290 -0.888381 0.000000 0.888597 3358
car -1 -1 nan 71703.000000 nan nan nan 1.510715 1.454598 3.956931 -23.427717 -2.881039 -1.211966 0.000000 0.927028 3335
car -1 -1 nan 71697.000000 nan nan nan 1.377829 2.026367 3.839679 -13.615400 -2.935795 -1.164095 0.000000 0.933601 3331
car -1 -1 nan 71699.000000 nan nan nan 1.361942 4.122652 2.506130 -30.923539 4.974851 -1.443144 0.000000 0.905983 3318
car -1 -1 nan 71716.000000 nan nan nan 1.058825 0.577088 4.098902 -29.050705 -2.357305 -1.493160 0.000000 0.943408 3311
car -1 -1 nan 71714.000000 nan nan nan 1.120981 1.845462 1.812448 -46.137057 3.650083 -1.809187 0.000000 0.869199 3305
person -1 -1 nan 71702.000000 nan nan nan 1.392190 0.741981 0.524545 -0.973280 -16.749614 -1.565921 0.000000 0.945343 688
motorcycle -1 -1 nan 71705.000000 nan nan nan 0.622739 1.561849 0.531466 10.598301 -7.136926 -0.424032 0.000000 0.914479 906
