car -1 -1 nan 71305.000000 nan nan nan 0.204250 0.393294 0.453109 43.639815 2.702045 -0.508442 0.000000 0.659520 3396
car -1 -1 nan 71312.000000 nan nan nan 0.847269 1.645501 0.727785 30.727687 3.902085 -0.276519 0.000000 0.710769 3391
car -1 -1 nan 71322.000000 nan nan nan 1.032597 0.975112 0.916148 35.972016 3.051595 -0.330009 0.000000 0.732494 3387
car -1 -1 nan 71332.000000 nan nan nan 1.105157 1.253480 1.891829 40.207794 -2.703501 -0.374637 0.000000 0.746942 3388
car -1 -1 nan 71313.000000 nan nan nan 0.500400 1.174673 1.479340 35.843590 -5.664320 0.115270 0.000000 0.828716 3385
car -1 -1 nan 71333.000000 nan nan nan 0.977049 1.204701 1.571911 34.603332 -2.901251 -0.523154 0.000000 0.841476 3381
car -1 -1 nan 71324.000000 nan nan nan 1.275163 1.320196 3.545426 23.137308 -2.904798 -0.568754 0.000000 0.843917 3379
car -1 -1 nan 71325.000000 nan nan nan 1.087500 3.719618 1.525213 27.243669 4.697224 -0.474735 0.000000 0.947884 3368
car -1 -1 nan 71308.000000 nan nan nan 1.356372 1.742590 3.290611 18.094388 -2.869433 -0.717816 0.000000 0.901343 3358
car -1 -1 nan 71314.000000 nan nan nan 1.630265 1.844359 4.089992 -11.152115 -3.069220 -1.070974 0.000000 0.946027 3335
car -1 -1 nan 71309.000000 nan nan nan 1.350174 1.726538 3.971500 -1.428081 -2.841385 -0.903782 0.000000 0.974142 3331
car -1 -1 nan 71304.000000 nan nan nan 1.449602 4.291298 2.524721 -18.481186 4.906747 -1.239300 0.000000 0.965840 3318
other-vehicle -1 -1 nan 71315.000000 nan nan nan 0.616170 0.279626 1.409420 -22.349653 -2.467498 -1.654413 0.000000 0.703390 3315
car -1 -1 nan 71321.000000 nan nan nan 1.279699 1.318491 4.022232 -17.065058 -2.711766 -1.362855 0.000000 0.917800 3311
car -1 -1 nan 71329.000000 nan nan nan 1.121484 2.741610 2.475294 -33.550220 3.898644 -1.638399 0.000000 0.913676 3305
car -1 -1 nan 71334.000000 nan nan nan 0.855547 0.472841 0.329529 -39.844228 2.841946 -1.750371 0.000000 0.760338 3300
car -1 -1 nan 71316.000000 nan nan nan 0.397857 0.807999 1.429915 -45.277101 2.622484 -2.216440 0.000000 0.559692 3289
car -1 -1 nan 71298.000000 nan nan nan 0.676509 1.592316 0.845369 -50.010374 -3.152728 -2.553708 0.000000 0.802042 3261
bicyclist -1 -1 nan 71196.000000 nan nan nan 0.580229 0.601671 0.519707 -51.668494 -5.823907 -0.227884 0.000000 0.601805 905
