other-vehicle -1 -1 nan 72303.000000 nan nan nan 0.728052 1.049184 0.415094 47.392223 -1.898913 -0.003234 0.000000 0.840530 3454
car -1 -1 nan 72325.000000 nan nan nan 0.814845 1.527479 1.072893 39.215573 -2.718892 -0.345979 0.000000 0.736053 3452
car -1 -1 nan 72309.000000 nan nan nan 0.170244 0.540653 0.880888 38.017063 3.611664 -0.408569 0.000000 0.737944 3449
car -1 -1 nan 72300.000000 nan nan nan 1.285344 2.589984 2.108062 14.887140 4.347144 -0.681902 0.000000 0.856263 3433
car -1 -1 nan 72312.000000 nan nan nan 1.255087 1.764357 3.309671 20.395032 -2.828992 -0.708107 0.000000 0.910422 3407
car -1 -1 nan 72328.000000 nan nan nan 1.426185 3.122688 2.311543 0.861919 4.396296 -0.921485 0.000000 0.878313 3404
car -1 -1 nan 72322.000000 nan nan nan 1.345004 4.190239 2.343327 11.222481 4.540670 -0.871050 0.000000 0.959751 3396
car -1 -1 nan 72308.000000 nan nan nan 1.504387 2.919568 2.642754 -1.721292 4.300689 -0.965124 0.000000 0.940999 3391
car -1 -1 nan 72318.000000 nan nan nan 1.444524 3.985332 1.745325 3.181148 4.133333 -0.900808 0.000000 0.956715 3387
car -1 -1 nan 72310.000000 nan nan nan 1.336189 1.717201 4.141274 8.075699 -2.919952 -0.897477 0.000000 0.942590 3388
car -1 -1 nan 72321.000000 nan nan nan 1.287934 1.961177 3.767308 2.774770 -3.036226 -0.971561 0.000000 0.965403 3381
car -1 -1 nan 72320.000000 nan nan nan 1.421757 1.771724 3.465681 -9.252332 -3.261809 -1.127048 0.000000 0.944830 3379
car -1 -1 nan 72332.000000 nan nan nan 1.411623 3.162288 2.122059 -5.303206 4.246411 -1.047720 0.000000 0.938806 3368
car -1 -1 nan 72304.000000 nan nan nan 1.421645 1.558852 3.728630 -14.317069 -3.060029 -1.249178 0.000000 0.894733 3358
car -1 -1 nan 72280.000000 nan nan nan 0.164256 0.258749 0.345672 -42.193897 -2.981902 -1.794388 0.000000 0.629142 3335
car -1 -1 nan 72327.000000 nan nan nan 1.079292 1.679334 2.882351 -32.950478 -3.240181 -1.577583 0.000000 0.943266 3331
car -1 -1 nan 72271.000000 nan nan nan 0.913031 1.044298 0.478319 -51.139386 3.669209 -2.060204 0.000000 0.865385 3318
motorcycle -1 -1 nan 72324.000000 nan nan nan 0.905811 1.160702 0.541174 17.016957 2.940169 -1.012778 0.000000 0.847884 921
motorcycle -1 -1 nan 72315.000000 nan nan nan 1.235092 2.074473 0.859239 -9.592229 -7.083127 -1.166473 0.000000 0.864114 906
