car -1 -1 nan 70603.000000 nan nan nan 0.349721 1.929767 0.848290 38.376107 3.132638 -0.767116 0.000000 0.844048 3366
car -1 -1 nan 70612.000000 nan nan nan 0.648919 1.157052 0.409700 40.161106 -2.886543 -0.451666 0.000000 0.693984 3358
car -1 -1 nan 70614.000000 nan nan nan 0.419967 0.265139 1.127757 -43.078561 2.439206 -1.939619 0.000000 0.442097 3292
car -1 -1 nan 70602.000000 nan nan nan 1.614089 1.735832 4.035808 11.618208 -2.977340 -0.687163 0.000000 0.953106 3335
car -1 -1 nan 70609.000000 nan nan nan 1.255015 1.775631 3.578546 21.399685 -2.797466 -0.691589 0.000000 0.932470 3331
car -1 -1 nan 70588.000000 nan nan nan 1.564865 4.255237 2.248554 4.304868 4.873339 -0.795878 0.000000 0.946772 3318
other-vehicle -1 -1 nan 70620.000000 nan nan nan 0.528884 1.424517 2.206135 1.328582 -2.977057 -1.096255 0.000000 0.801086 3315
car -1 -1 nan 70617.000000 nan nan nan 1.343800 1.824728 4.587969 5.253342 -2.921842 -0.929161 0.000000 0.949009 3311
car -1 -1 nan 70616.000000 nan nan nan 1.353097 1.932437 1.710447 -13.459949 3.845037 -1.078474 0.000000 0.835746 3312
car -1 -1 nan 70600.000000 nan nan nan 1.532564 3.772628 2.557011 -9.952227 4.527319 -1.002261 0.000000 0.934934 3305
car -1 -1 nan 70611.000000 nan nan nan 1.246088 1.770424 1.667275 -16.623354 3.517994 -1.236835 0.000000 0.820595 3300
car -1 -1 nan 70618.000000 nan nan nan 1.220884 3.482647 2.914551 -35.887061 4.044356 -1.565268 0.000000 0.957493 3297
car -1 -1 nan 70593.000000 nan nan nan 1.173052 1.959480 1.448066 -21.678202 3.458791 -1.430783 0.000000 0.877870 3289
car -1 -1 nan 70610.000000 nan nan nan 1.427875 1.881990 3.619111 -28.476391 -2.958825 -1.465604 0.000000 0.964277 3261
car -1 -1 nan 70601.000000 nan nan nan 0.969348 0.419675 3.488264 -36.183798 -2.387987 -1.696636 0.000000 0.918879 3257
car -1 -1 nan 70621.000000 nan nan nan 0.840157 2.414429 0.942432 -38.558517 3.409420 -1.172230 0.000000 0.783921 3200
person -1 -1 nan 70592.000000 nan nan nan 1.292016 0.350945 0.635431 -14.036342 30.187725 -1.299572 0.000000 0.946484 684
bicycle -1 -1 nan 70595.000000 nan nan nan 0.989187 1.558843 0.360561 -3.355209 -8.236521 -1.107339 0.000000 0.890645 900
