car -1 -1 nan 73182.000000 nan nan nan 0.708525 0.792624 1.336083 41.018485 -2.841584 -0.208634 0.000000 0.611328 3489
other-vehicle -1 -1 nan 73145.000000 nan nan nan 0.543946 1.965729 1.835121 -45.534960 3.391722 -1.938007 0.000000 0.903358 3486
other-vehicle -1 -1 nan 73194.000000 nan nan nan 1.204776 2.099139 1.906934 20.947673 -6.523853 -0.458069 0.000000 0.869977 3465
car -1 -1 nan 73198.000000 nan nan nan 1.256058 2.372457 2.094271 14.905505 4.037064 -0.828690 0.000000 0.930964 3461
car -1 -1 nan 73179.000000 nan nan nan 2.082217 2.273922 5.117989 22.530758 -2.870327 -0.235970 0.000000 0.879066 3454
car -1 -1 nan 73187.000000 nan nan nan 1.329470 1.798364 4.077815 13.358156 -3.200243 -0.814766 0.000000 0.954277 3452
car -1 -1 nan 73183.000000 nan nan nan 1.356226 4.014325 3.273611 11.784688 4.713166 -0.987555 0.000000 0.961070 3449
car -1 -1 nan 73184.000000 nan nan nan 1.504788 3.469019 2.859314 -11.554408 4.744749 -1.137702 0.000000 0.960646 3433
car -1 -1 nan 73197.000000 nan nan nan 1.439598 1.811927 3.713432 -6.109191 -3.051120 -1.021144 0.000000 0.943753 3407
car -1 -1 nan 73195.000000 nan nan nan 1.268214 1.909994 1.617128 -15.693311 3.368172 -1.289380 0.000000 0.887270 3396
car -1 -1 nan 73190.000000 nan nan nan 1.260565 2.942613 1.730156 -22.946515 3.754216 -1.313514 0.000000 0.875384 3387
car -1 -1 nan 73189.000000 nan nan nan 1.269318 1.940074 3.841350 -18.435585 -3.027029 -1.292235 0.000000 0.923549 3388
car -1 -1 nan 73181.000000 nan nan nan 1.182862 0.791465 2.998953 -24.153369 -2.606321 -1.440878 0.000000 0.855609 3381
car -1 -1 nan 73185.000000 nan nan nan 1.184815 1.461540 3.992902 -36.079108 -2.833703 -1.544949 0.000000 0.933605 3379
car -1 -1 nan 73199.000000 nan nan nan 0.895285 0.609056 0.635144 -32.136979 3.172063 -1.488946 0.000000 0.861516 3368
person -1 -1 nan 73175.000000 nan nan nan 1.459537 0.469222 0.766310 -3.033119 -4.170876 -0.867972 0.000000 0.922663 693
bicyclist -1 -1 nan 73186.000000 nan nan nan 1.208039 0.772573 1.142137 35.177846 5.790941 -0.639582 0.000000 0.866860 930
motorcycle -1 -1 nan 73200.000000 nan nan nan 1.180003 1.989660 0.777546 -9.850050 3.253030 -1.418970 0.000000 0.872157 921
