car -1 -1 nan 72047.000000 nan nan nan 0.500149 1.363515 0.712943 47.300410 -2.721594 -0.925529 0.000000 0.786592 3445
car -1 -1 nan 72082.000000 nan nan nan 0.462330 2.410145 1.890080 22.887233 4.468491 -0.200837 0.000000 0.861719 3433
car -1 -1 nan 72090.000000 nan nan nan 1.228884 1.619041 3.342277 28.532400 -2.842834 -0.726434 0.000000 0.908039 3407
car -1 -1 nan 72106.000000 nan nan nan 1.376324 2.566852 2.342622 8.798365 3.945331 -0.774018 0.000000 0.815498 3404
car -1 -1 nan 72103.000000 nan nan nan 1.236300 2.524857 2.298423 18.979422 3.754250 -0.787557 0.000000 0.900765 3396
car -1 -1 nan 72087.000000 nan nan nan 1.494027 3.211507 2.119230 5.871772 4.422369 -0.818764 0.000000 0.944695 3391
car -1 -1 nan 72099.000000 nan nan nan 1.399027 2.285975 1.807035 11.272796 3.382404 -0.776969 0.000000 0.922025 3387
car -1 -1 nan 72094.000000 nan nan nan 1.319628 1.629521 4.018342 16.029426 -2.868761 -0.875027 0.000000 0.963635 3388
car -1 -1 nan 72096.000000 nan nan nan 1.278395 1.773681 3.712861 10.563952 -3.094086 -0.951854 0.000000 0.947130 3381
car -1 -1 nan 72101.000000 nan nan nan 1.477574 1.805379 3.396259 -1.375683 -3.062051 -0.812570 0.000000 0.956297 3379
car -1 -1 nan 72102.000000 nan nan nan 1.417229 3.651507 1.672760 2.320043 4.446263 -0.904689 0.000000 0.955232 3368
car -1 -1 nan 72079.000000 nan nan nan 1.385502 1.645415 4.303218 -6.204124 -3.087359 -1.091335 0.000000 0.946384 3358
car -1 -1 nan 72093.000000 nan nan nan 1.403492 0.737764 3.100354 -35.302409 -2.975788 -1.430887 0.000000 0.840017 3335
car -1 -1 nan 72084.000000 nan nan nan 1.224946 1.903132 3.412053 -25.938337 -3.226845 -1.336227 0.000000 0.907483 3331
car -1 -1 nan 72089.000000 nan nan nan 1.183859 3.725359 2.059640 -43.313433 4.216523 -1.519410 0.000000 0.898469 3318
car -1 -1 nan 72065.000000 nan nan nan 0.615246 0.238688 1.327516 -41.212818 -2.809913 -1.663669 0.000000 0.749185 3311
bicycle -1 -1 nan 72085.000000 nan nan nan 1.016957 1.436804 0.595647 13.013172 -8.696142 -0.860296 0.000000 0.904904 911
motorcycle -1 -1 nan 72105.000000 nan nan nan 0.947713 1.737829 0.778531 -1.613411 -6.721912 -0.904783 0.000000 0.916715 906
