car -1 -1 nan 70835.000000 nan nan nan 0.153390 0.250451 0.290058 38.322484 -2.565143 0.076553 0.000000 0.684317 3379
other-vehicle -1 -1 nan 70837.000000 nan nan nan 0.594736 0.436712 0.457732 -36.794499 2.438962 -1.900915 0.000000 0.815029 3375
car -1 -1 nan 70824.000000 nan nan nan 0.496674 3.504884 0.969598 43.284801 4.643468 -0.029077 0.000000 0.895890 3368
car -1 -1 nan 70820.000000 nan nan nan 0.918310 1.477223 0.912747 33.145396 -2.838152 -0.496217 0.000000 0.784346 3358
car -1 -1 nan 70813.000000 nan nan nan 1.665373 2.011235 4.019631 4.527818 -3.057537 -0.781127 0.000000 0.957778 3335
car -1 -1 nan 70826.000000 nan nan nan 1.362432 1.947208 3.761773 14.316854 -2.883410 -0.760596 0.000000 0.916851 3331
car -1 -1 nan 70823.000000 nan nan nan 1.561501 3.932542 2.745676 -2.475164 4.491811 -0.868184 0.000000 0.967900 3318
other-vehicle -1 -1 nan 70829.000000 nan nan nan 0.653663 1.398986 2.360816 -5.615851 -2.971625 -1.276522 0.000000 0.868338 3315
car -1 -1 nan 70834.000000 nan nan nan 1.269026 1.822922 4.682840 -1.347265 -2.899173 -0.952589 0.000000 0.976850 3311
car -1 -1 nan 70818.000000 nan nan nan 1.173417 1.372452 0.937652 -20.470385 3.621851 -1.304488 0.000000 0.822997 3312
car -1 -1 nan 70841.000000 nan nan nan 1.377355 3.763101 2.606867 -17.236827 4.455125 -1.287676 0.000000 0.959083 3305
car -1 -1 nan 70839.000000 nan nan nan 1.147985 1.347547 1.524316 -23.876491 3.348149 -1.399979 0.000000 0.858759 3300
car -1 -1 nan 70846.000000 nan nan nan 1.083253 2.631458 2.430791 -43.012737 3.835432 -1.792981 0.000000 0.875525 3297
car -1 -1 nan 70838.000000 nan nan nan 1.070183 1.563681 0.888713 -28.814218 3.229453 -1.577137 0.000000 0.815961 3289
car -1 -1 nan 70831.000000 nan nan nan 1.341272 1.919887 3.016342 -34.700010 -2.995187 -1.683453 0.000000 0.836763 3261
person -1 -1 nan 70768.000000 nan nan nan 1.207342 0.506223 0.555316 -20.363356 30.125333 -1.631056 0.000000 0.901290 684
bicycle -1 -1 nan 70748.000000 nan nan nan 0.787931 1.309281 0.329086 -10.554187 -8.025022 -1.036968 0.000000 0.886706 900
