car -1 -1 nan 70540.000000 nan nan nan 0.952393 1.356415 0.673308 42.661892 -2.844087 -0.357990 0.000000 0.823033 3358
other-vehicle -1 -1 nan 70525.000000 nan nan nan 0.176750 0.306318 1.706091 -8.942734 26.940474 -1.323631 0.000000 0.855208 3350
car -1 -1 nan 70544.000000 nan nan nan 0.378597 0.443724 1.342418 -40.559708 2.488621 -2.007917 0.000000 0.655891 3292
car -1 -1 nan 70524.000000 nan nan nan 1.576209 1.621239 4.095959 14.012223 -2.962438 -0.633123 0.000000 0.951671 3335
car -1 -1 nan 70532.000000 nan nan nan 1.272393 1.798370 3.530843 23.777487 -2.775568 -0.587612 0.000000 0.937344 3331
car -1 -1 nan 70530.000000 nan nan nan 1.560149 4.068399 2.398639 6.871639 4.908068 -0.751801 0.000000 0.957677 3318
other-vehicle -1 -1 nan 70548.000000 nan nan nan 0.886833 1.654189 2.329574 3.680235 -3.005367 -1.097161 0.000000 0.859455 3315
car -1 -1 nan 70547.000000 nan nan nan 1.315445 1.706109 4.502280 7.793540 -2.864729 -0.870574 0.000000 0.949613 3311
car -1 -1 nan 70546.000000 nan nan nan 1.526268 2.062528 1.652148 -11.008253 3.906691 -1.057028 0.000000 0.827652 3312
car -1 -1 nan 70537.000000 nan nan nan 1.391064 3.812813 2.344451 -7.508074 4.512520 -1.081007 0.000000 0.917671 3305
car -1 -1 nan 70520.000000 nan nan nan 1.227039 2.089699 1.756457 -14.178837 3.686078 -1.218221 0.000000 0.854515 3300
car -1 -1 nan 70531.000000 nan nan nan 1.097914 3.563297 2.911938 -33.399316 4.148088 -1.647658 0.000000 0.923292 3297
car -1 -1 nan 70539.000000 nan nan nan 1.246947 2.396249 1.486850 -19.231220 3.637011 -1.398379 0.000000 0.860718 3289
car -1 -1 nan 70543.000000 nan nan nan 1.465666 1.677316 3.889544 -26.202306 -2.892369 -1.466033 0.000000 0.935167 3261
car -1 -1 nan 70536.000000 nan nan nan 1.044468 0.465192 4.625582 -33.221874 -2.409243 -1.698489 0.000000 0.830343 3257
car -1 -1 nan 70545.000000 nan nan nan 0.789373 2.484957 1.574372 -36.291622 3.647922 -1.139526 0.000000 0.846919 3200
car -1 -1 nan 70553.000000 nan nan nan 0.425535 0.617984 2.049285 -39.846086 -2.354849 -1.719940 0.000000 0.719419 3199
person -1 -1 nan 70541.000000 nan nan nan 1.102703 0.392594 0.521290 -11.867043 30.196335 -1.205511 0.000000 0.912924 684
person -1 -1 nan 70421.000000 nan nan nan 1.336487 0.732993 0.355071 -29.773283 30.812113 -1.474257 0.000000 0.885183 683
