car -1 -1 nan 74821.000000 nan nan nan 0.778602 0.522453 1.376390 14.921952 24.302130 -1.787313 0.000000 0.733406 3553
car -1 -1 nan 74813.000000 nan nan nan 0.566587 0.328159 1.275566 -33.939960 4.961518 -1.815591 0.000000 0.787821 3555
car -1 -1 nan 74814.000000 nan nan nan 1.411280 2.708668 2.901495 31.792092 7.026050 -0.743304 0.000000 0.855642 3542
car -1 -1 nan 74812.000000 nan nan nan 1.241383 2.575840 3.262518 19.905567 1.326491 -0.837410 0.000000 0.934553 3530
car -1 -1 nan 74807.000000 nan nan nan 1.351937 1.770708 3.584737 2.152567 -2.931345 -0.919295 0.000000 0.929119 3527
car -1 -1 nan 74826.000000 nan nan nan 1.324150 1.839336 3.748585 -2.996236 -2.738643 -0.989185 0.000000 0.954322 3516
car -1 -1 nan 74822.000000 nan nan nan 1.364535 1.599842 3.337167 -7.737365 -2.403021 -1.162510 0.000000 0.907387 3499
car -1 -1 nan 74820.000000 nan nan nan 1.196340 3.274340 2.286583 -15.382216 5.054066 -1.379981 0.000000 0.921435 3493
car -1 -1 nan 74816.000000 nan nan nan 1.432466 3.772991 2.971475 -6.308552 4.152269 -1.224615 0.000000 0.956583 3491
car -1 -1 nan 74811.000000 nan nan nan 1.215090 1.343847 3.020853 -21.141555 -1.422560 -1.347387 0.000000 0.883142 3492
car -1 -1 nan 74824.000000 nan nan nan 1.371227 1.831945 4.328121 -16.188994 -1.869885 -1.267808 0.000000 0.937465 3489
car -1 -1 nan 74836.000000 nan nan nan 0.930805 2.896358 2.447323 -43.247066 7.625635 -1.951565 0.000000 0.895260 3461
car -1 -1 nan 74825.000000 nan nan nan 1.745462 4.257876 5.067781 -34.588307 -0.888588 -1.121284 0.000000 0.852902 3454
