car -1 -1 nan 73925.000000 nan nan nan 0.577566 1.341705 0.530207 -34.298848 2.585144 -1.728070 0.000000 0.791500 3521
car -1 -1 nan 73909.000000 nan nan nan 1.133461 1.302838 2.821734 31.245433 -2.449372 -0.642546 0.000000 0.923379 3516
car -1 -1 nan 73906.000000 nan nan nan 0.464056 0.796803 1.318769 -47.464556 -6.406527 -1.118943 0.000000 0.761596 3517
car -1 -1 nan 73912.000000 nan nan nan 1.131509 1.419390 2.677298 26.523339 -2.619016 -0.746593 0.000000 0.906779 3499
car -1 -1 nan 73905.000000 nan nan nan 1.189058 2.734523 2.421682 18.285337 4.040490 -0.891328 0.000000 0.932485 3493
car -1 -1 nan 73897.000000 nan nan nan 0.902621 2.847947 1.313779 26.926728 3.501090 -0.651404 0.000000 0.906667 3491
car -1 -1 nan 73900.000000 nan nan nan 1.307160 1.722073 3.462239 12.869458 -2.993565 -0.848824 0.000000 0.918837 3492
car -1 -1 nan 73913.000000 nan nan nan 1.302990 1.504672 3.350284 17.613024 -2.681141 -0.806945 0.000000 0.933601 3489
car -1 -1 nan 73915.000000 nan nan nan 1.395661 3.058026 2.327103 -9.002835 4.317467 -1.183480 0.000000 0.939844 3461
car -1 -1 nan 73893.000000 nan nan nan 1.853316 1.113111 5.621109 -1.217403 -2.401030 -0.559617 0.000000 0.824331 3454
car -1 -1 nan 73908.000000 nan nan nan 1.303629 1.823286 4.139461 -10.184137 -3.307666 -1.112439 0.000000 0.945581 3452
car -1 -1 nan 73903.000000 nan nan nan 1.200699 3.236820 2.286245 -12.426576 4.003778 -1.242795 0.000000 0.838739 3449
car -1 -1 nan 73917.000000 nan nan nan 0.657115 0.859562 1.189708 -35.936591 2.945499 -1.199328 0.000000 0.710631 3433
car -1 -1 nan 73918.000000 nan nan nan 1.273659 1.588525 3.237698 -30.111184 -3.539630 -1.394188 0.000000 0.827795 3407
car -1 -1 nan 73907.000000 nan nan nan 0.927429 1.212537 1.525678 -40.435303 2.285060 -1.547027 0.000000 0.793718 3396
car -1 -1 nan 73895.000000 nan nan nan 0.590645 0.518187 1.246832 -48.015296 1.911471 -1.779726 0.000000 0.569597 3387
car -1 -1 nan 73910.000000 nan nan nan 1.096017 0.759796 3.949452 -42.314994 -3.244928 -1.676794 0.000000 0.860266 3388
person -1 -1 nan 73898.000000 nan nan nan 1.328561 0.672162 0.461100 -28.496663 -4.826163 -1.229078 0.000000 0.914363 693
