car -1 -1 nan 74644.000000 nan nan nan 1.277688 1.751624 1.988046 36.774588 9.374833 -0.718264 0.000000 0.851436 3542
car -1 -1 nan 74639.000000 nan nan nan 1.135979 2.834049 3.296175 25.605429 3.165648 -0.841997 0.000000 0.934277 3530
car -1 -1 nan 74649.000000 nan nan nan 1.329239 1.679634 3.346998 8.134518 -2.517982 -0.865136 0.000000 0.943767 3527
car -1 -1 nan 74635.000000 nan nan nan 1.343158 1.731795 3.449502 2.819876 -2.636618 -0.923921 0.000000 0.963129 3516
car -1 -1 nan 74658.000000 nan nan nan 1.249418 1.565479 3.293725 -1.700999 -2.768827 -0.900870 0.000000 0.938680 3499
car -1 -1 nan 74645.000000 nan nan nan 1.367312 4.043503 2.709176 -9.645564 4.352793 -1.271679 0.000000 0.936346 3493
car -1 -1 nan 74647.000000 nan nan nan 1.435541 3.203796 3.077619 -0.823049 3.529378 -1.039110 0.000000 0.913240 3491
car -1 -1 nan 74640.000000 nan nan nan 1.313115 1.398477 3.405372 -15.312523 -2.786353 -1.217877 0.000000 0.915630 3492
car -1 -1 nan 74650.000000 nan nan nan 1.391979 1.910249 3.880900 -10.294144 -2.810871 -1.115316 0.000000 0.933909 3489
car -1 -1 nan 74654.000000 nan nan nan 1.300500 3.188142 2.330913 -37.738771 4.652103 -1.689038 0.000000 0.912252 3461
car -1 -1 nan 74652.000000 nan nan nan 1.967108 2.087599 6.298602 -29.285108 -2.805567 -1.029241 0.000000 0.798071 3454
car -1 -1 nan 74637.000000 nan nan nan 0.705901 0.698684 1.131000 -41.492910 3.080040 -1.715383 0.000000 0.720951 3449
