car -1 -1 nan 73888.000000 nan nan nan 0.700811 1.719988 0.697592 -32.962916 2.563628 -1.621591 0.000000 0.818879 3521
car -1 -1 nan 73881.000000 nan nan nan 1.199748 1.267400 2.670061 32.270817 -2.386201 -0.652085 0.000000 0.927634 3516
car -1 -1 nan 73879.000000 nan nan nan 0.390537 0.816619 1.445503 -46.520581 -6.398423 -0.997577 0.000000 0.834608 3517
car -1 -1 nan 73874.000000 nan nan nan 1.159876 1.444426 2.654295 27.602249 -2.631760 -0.733871 0.000000 0.942067 3499
car -1 -1 nan 73870.000000 nan nan nan 1.178099 3.808029 1.922183 19.310192 4.409473 -0.879643 0.000000 0.873383 3493
car -1 -1 nan 73878.000000 nan nan nan 0.976871 2.845310 1.352784 28.098177 3.482997 -0.641662 0.000000 0.940268 3491
car -1 -1 nan 73875.000000 nan nan nan 1.327261 1.666630 3.333620 13.993522 -3.025010 -0.826117 0.000000 0.906303 3492
car -1 -1 nan 73880.000000 nan nan nan 1.295192 1.478068 3.529538 18.745514 -2.666703 -0.778637 0.000000 0.921599 3489
car -1 -1 nan 73884.000000 nan nan nan 1.417498 3.110331 2.344174 -7.866126 4.337192 -1.169600 0.000000 0.920058 3461
car -1 -1 nan 73864.000000 nan nan nan 1.730760 1.581747 5.416380 -0.237948 -2.422226 -0.576274 0.000000 0.748953 3454
car -1 -1 nan 73876.000000 nan nan nan 1.309754 1.804261 4.293694 -9.177419 -3.275174 -1.108143 0.000000 0.957944 3452
car -1 -1 nan 73873.000000 nan nan nan 1.231512 2.447294 1.781457 -11.436272 3.834742 -1.216824 0.000000 0.867628 3449
car -1 -1 nan 73872.000000 nan nan nan 0.397826 0.844871 0.783150 -35.085750 3.091148 -1.091006 0.000000 0.915767 3433
car -1 -1 nan 73886.000000 nan nan nan 1.248788 1.558713 3.142513 -29.079868 -3.501085 -1.398478 0.000000 0.890077 3407
car -1 -1 nan 73882.000000 nan nan nan 0.882024 1.063601 1.529977 -39.312030 2.271805 -1.537949 0.000000 0.792371 3396
car -1 -1 nan 73865.000000 nan nan nan 0.916423 1.566866 1.371823 -46.922315 2.070728 -1.640203 0.000000 0.659168 3387
car -1 -1 nan 73889.000000 nan nan nan 1.083995 0.876830 2.007292 -41.043726 -3.290467 -1.674443 0.000000 0.783211 3388
person -1 -1 nan 73869.000000 nan nan nan 1.408909 0.590914 0.546601 -27.352474 -4.814821 -1.257278 0.000000 0.891473 693
bicycle -1 -1 nan 73789.000000 nan nan nan 0.896302 1.389694 0.855577 -5.784001 -10.140042 -0.931061 0.000000 0.460427 933
