car -1 -1 nan 73740.000000 nan nan nan 0.973943 0.459388 1.230016 -36.675622 31.351967 -2.185123 0.000000 0.644930 3518
other-vehicle -1 -1 nan 73671.000000 nan nan nan 0.245536 0.549990 1.689691 -6.768918 -13.314321 -1.173355 0.000000 0.833929 3515
car -1 -1 nan 73722.000000 nan nan nan 1.026649 1.333080 1.664738 37.362775 -2.637341 -0.360827 0.000000 0.670178 3516
car -1 -1 nan 73705.000000 nan nan nan 0.227755 0.843053 1.513775 -41.504785 -6.114083 -1.203691 0.000000 0.772023 3517
other-vehicle -1 -1 nan 73673.000000 nan nan nan 0.537967 0.575401 1.438791 -7.678138 14.599117 -1.306294 0.000000 0.607871 3512
car -1 -1 nan 73721.000000 nan nan nan 1.060248 0.616021 2.583076 33.115589 -2.363427 -0.560123 0.000000 0.604560 3499
car -1 -1 nan 73735.000000 nan nan nan 1.133833 2.497900 1.711225 24.590380 3.519896 -0.698517 0.000000 0.889706 3493
car -1 -1 nan 73709.000000 nan nan nan 0.939854 2.662373 1.307374 33.548810 3.376589 -0.403363 0.000000 0.903333 3491
car -1 -1 nan 73706.000000 nan nan nan 1.262393 1.568590 3.275437 19.493101 -3.118955 -0.705150 0.000000 0.923452 3492
car -1 -1 nan 73723.000000 nan nan nan 1.299545 1.478742 3.217859 24.148101 -2.806442 -0.620639 0.000000 0.940444 3489
car -1 -1 nan 73727.000000 nan nan nan 1.420051 2.856829 2.663127 -2.532934 4.234773 -1.070048 0.000000 0.942043 3461
car -1 -1 nan 73711.000000 nan nan nan 2.065443 2.207914 5.348092 5.051410 -2.770323 -0.587913 0.000000 0.941873 3454
car -1 -1 nan 73715.000000 nan nan nan 1.542554 1.771971 4.407324 -3.866009 -3.177955 -1.000658 0.000000 0.958789 3452
car -1 -1 nan 73701.000000 nan nan nan 1.271309 3.268353 2.119578 -5.718732 4.222182 -1.161173 0.000000 0.950062 3449
car -1 -1 nan 73729.000000 nan nan nan 1.078288 2.303683 2.349860 -29.561800 3.761886 -1.454690 0.000000 0.863270 3433
car -1 -1 nan 73708.000000 nan nan nan 1.184054 1.762524 3.636891 -23.763453 -3.395340 -1.454994 0.000000 0.884796 3407
car -1 -1 nan 73712.000000 nan nan nan 0.910121 1.188304 1.752375 -33.804072 2.547034 -1.535780 0.000000 0.858105 3396
car -1 -1 nan 73716.000000 nan nan nan 1.096071 2.164802 1.684957 -41.308660 2.893191 -1.657265 0.000000 0.877348 3387
car -1 -1 nan 73732.000000 nan nan nan 1.098572 1.392545 4.189829 -35.487861 -3.250461 -1.730479 0.000000 0.910933 3388
person -1 -1 nan 73733.000000 nan nan nan 1.377882 0.452201 0.504711 -21.418149 -4.609404 -1.253764 0.000000 0.925121 693
motorcycle -1 -1 nan 73738.000000 nan nan nan 1.002394 1.803393 0.424721 -27.573193 2.759006 -1.723115 0.000000 0.919959 921
