car -1 -1 nan 75750.000000 nan nan nan 0.270040 0.364125 0.675484 -28.841609 3.148878 -1.556598 0.000000 0.449202 3612
other-vehicle -1 -1 nan 75754.000000 nan nan nan 0.426503 0.624062 0.898211 -8.058887 18.682197 -0.995904 0.000000 0.471818 3610
other-vehicle -1 -1 nan 75762.000000 nan nan nan 0.639374 2.173380 1.153296 -32.628555 5.219902 -1.770530 0.000000 0.757474 3611
car -1 -1 nan 75747.000000 nan nan nan 0.671417 0.533025 0.689513 26.464872 -13.865633 -0.412547 0.000000 0.793193 3602
car -1 -1 nan 75761.000000 nan nan nan 0.517879 1.929287 1.162453 22.367538 -10.963066 -0.322248 0.000000 0.866220 3596
car -1 -1 nan 75756.000000 nan nan nan 1.555337 1.833427 3.541830 8.306523 -3.774425 -0.811693 0.000000 0.910427 3592
car -1 -1 nan 75763.000000 nan nan nan 1.709054 2.545259 3.628778 2.093714 -3.478830 -0.796399 0.000000 0.971413 3542
car -1 -1 nan 75753.000000 nan nan nan 1.279128 1.687091 3.889418 -10.610862 -4.463806 -1.317650 0.000000 0.919528 3530
car -1 -1 nan 75758.000000 nan nan nan 1.307569 3.180098 3.024007 -29.037046 -2.042748 -1.741348 0.000000 0.894406 3527
car -1 -1 nan 75760.000000 nan nan nan 1.508145 2.625950 4.523129 -33.962107 -0.123718 -1.711552 0.000000 0.891397 3516
car -1 -1 nan 75755.000000 nan nan nan 1.168908 2.476522 3.282971 -38.696392 1.685934 -1.867197 0.000000 0.893646 3499
car -1 -1 nan 75729.000000 nan nan nan 1.298490 1.584146 2.367742 -35.145182 6.870584 -1.625513 0.000000 0.916946 3491
car -1 -1 nan 75767.000000 nan nan nan 1.328170 2.176336 1.197165 -46.982342 5.524682 -1.949716 0.000000 0.728277 3489
person -1 -1 nan 75752.000000 nan nan nan 1.099095 0.570084 0.605174 14.529520 -8.464983 -0.495730 0.000000 0.916864 708
person -1 -1 nan 75751.000000 nan nan nan 0.909594 0.386046 0.327033 40.002174 -12.223572 -0.143119 0.000000 0.869300 707
motorcycle -1 -1 nan 75749.000000 nan nan nan 0.432137 0.401655 0.351509 27.589956 11.054673 -0.416498 0.000000 0.745388 945
