car -1 -1 nan 74871.000000 nan nan nan 0.187215 0.512162 0.242884 -48.414232 8.654044 -2.098901 0.000000 0.625410 3564
car -1 -1 nan 74892.000000 nan nan nan 1.018765 1.859863 2.077204 -45.293304 -1.496251 -0.912511 0.000000 0.789830 3566
car -1 -1 nan 74885.000000 nan nan nan 0.125905 0.423783 0.426401 16.085687 32.277630 -1.890018 0.000000 0.404614 3561
other-vehicle -1 -1 nan 74842.000000 nan nan nan 0.749499 0.328469 0.787886 13.854312 24.620775 -1.890294 0.000000 0.651353 3562
car -1 -1 nan 74878.000000 nan nan nan 0.689617 3.006785 1.581304 -39.814455 -2.941137 -1.147584 0.000000 0.865524 3563
other-vehicle -1 -1 nan 74866.000000 nan nan nan 0.858871 1.124695 1.759067 13.953392 23.712322 -1.841216 0.000000 0.795598 3553
car -1 -1 nan 74881.000000 nan nan nan 0.601726 1.075785 0.958291 -35.782191 6.538797 -1.922500 0.000000 0.720764 3555
car -1 -1 nan 74882.000000 nan nan nan 1.362742 2.650778 3.131112 30.129401 5.586356 -0.714004 0.000000 0.908891 3542
car -1 -1 nan 74873.000000 nan nan nan 1.288994 2.472415 3.381017 17.948090 0.439126 -0.815074 0.000000 0.938693 3530
car -1 -1 nan 74883.000000 nan nan nan 1.429439 1.781545 3.497239 0.207708 -2.978705 -0.778904 0.000000 0.943518 3527
car -1 -1 nan 74890.000000 nan nan nan 1.376755 1.882574 3.638163 -4.999398 -2.584638 -1.095616 0.000000 0.957330 3516
car -1 -1 nan 74887.000000 nan nan nan 1.362622 1.547802 3.411712 -9.801074 -1.987730 -1.217757 0.000000 0.938761 3499
car -1 -1 nan 74884.000000 nan nan nan 1.219547 2.970662 2.390109 -17.406120 5.498158 -1.480547 0.000000 0.939702 3493
car -1 -1 nan 74869.000000 nan nan nan 1.360772 3.421818 3.376817 -8.050667 4.363419 -1.257411 0.000000 0.935471 3491
car -1 -1 nan 74877.000000 nan nan nan 1.066067 1.762667 4.290844 -23.477278 -0.212281 -1.377397 0.000000 0.831275 3492
car -1 -1 nan 74889.000000 nan nan nan 1.233714 2.298451 4.303984 -17.902342 -1.025491 -1.321137 0.000000 0.895970 3489
car -1 -1 nan 74891.000000 nan nan nan 1.169175 2.640556 2.405838 -44.709230 9.525518 -2.118915 0.000000 0.901913 3461
car -1 -1 nan 74888.000000 nan nan nan 1.753126 3.543460 2.831268 -36.418344 0.963729 -1.394551 0.000000 0.864532 3454
