car -1 -1 nan 75268.000000 nan nan nan 1.077749 2.505551 3.156750 45.304142 -12.693998 -0.178879 0.000000 0.919291 3587
other-vehicle -1 -1 nan 75277.000000 nan nan nan 0.384702 0.978410 1.934230 8.775756 20.247426 -1.373644 0.000000 0.689620 3577
car -1 -1 nan 75271.000000 nan nan nan 1.533422 1.892410 3.597151 19.199231 -2.121168 -0.708274 0.000000 0.913323 3542
car -1 -1 nan 75259.000000 nan nan nan 1.335187 1.727331 3.656710 6.219679 -3.435982 -0.912094 0.000000 0.923631 3530
car -1 -1 nan 75274.000000 nan nan nan 1.296696 2.745577 3.361921 -11.889576 -1.612063 -1.177803 0.000000 0.959159 3527
car -1 -1 nan 75283.000000 nan nan nan 1.284455 2.600990 4.350385 -16.559127 0.730638 -1.333275 0.000000 0.873457 3516
car -1 -1 nan 75263.000000 nan nan nan 1.198257 1.781256 2.893153 -21.212254 2.759811 -1.461668 0.000000 0.929243 3499
car -1 -1 nan 75280.000000 nan nan nan 1.316774 2.591012 3.825598 -17.789790 7.719304 -1.419721 0.000000 0.911309 3491
car -1 -1 nan 75275.000000 nan nan nan 1.205373 1.317979 2.717557 -33.712843 8.300515 -1.753472 0.000000 0.897216 3492
car -1 -1 nan 75282.000000 nan nan nan 1.254704 2.652213 3.143785 -29.202505 5.929987 -1.601672 0.000000 0.892542 3489
car -1 -1 nan 75289.000000 nan nan nan 1.554080 2.218938 2.031271 -45.375699 13.067125 -1.611519 0.000000 0.847531 3454
person -1 -1 nan 75265.000000 nan nan nan 1.166351 0.381737 0.474123 30.458947 -6.198471 -0.254415 0.000000 0.927060 705
motorcycle -1 -1 nan 75276.000000 nan nan nan 0.305207 0.438199 0.242587 44.734476 12.810010 -0.915641 0.000000 0.610887 944
bicycle -1 -1 nan 75287.000000 nan nan nan 0.992609 1.316973 0.791070 -4.775021 -10.926623 -0.788381 0.000000 0.768890 942
