car -1 -1 nan 73356.000000 nan nan nan 1.153890 2.108800 1.376808 36.796810 3.102448 -0.734759 0.000000 0.803325 3493
car -1 -1 nan 73358.000000 nan nan nan 0.751812 1.787963 1.186994 45.682421 2.297787 -0.558005 0.000000 0.679798 3491
car -1 -1 nan 73360.000000 nan nan nan 1.192279 0.745915 2.725144 31.449737 -2.904478 -0.660483 0.000000 0.906266 3492
car -1 -1 nan 73350.000000 nan nan nan 1.092574 0.593155 2.950020 36.331730 -2.697647 -0.648576 0.000000 0.927464 3489
other-vehicle -1 -1 nan 73308.000000 nan nan nan 0.477030 1.171728 0.313804 -50.697194 3.266431 -1.996335 0.000000 0.843304 3486
other-vehicle -1 -1 nan 73326.000000 nan nan nan 0.524236 0.731929 1.063410 15.140147 -5.907824 -0.104018 0.000000 0.716562 3465
car -1 -1 nan 73351.000000 nan nan nan 1.345184 2.537699 2.047676 9.151635 4.136379 -0.871009 0.000000 0.918900 3461
car -1 -1 nan 73343.000000 nan nan nan 2.222953 2.305739 5.448086 17.035172 -2.932167 -0.361778 0.000000 0.911192 3454
car -1 -1 nan 73354.000000 nan nan nan 1.339995 1.843937 4.080116 7.871894 -3.248369 -0.906555 0.000000 0.960534 3452
car -1 -1 nan 73365.000000 nan nan nan 1.359790 3.955342 2.653313 5.994845 4.578175 -1.008819 0.000000 0.962355 3449
car -1 -1 nan 73339.000000 nan nan nan 1.475644 3.590091 2.757165 -17.123932 4.830696 -1.225059 0.000000 0.941930 3433
car -1 -1 nan 73353.000000 nan nan nan 1.329693 1.817935 3.609637 -11.639686 -3.082286 -1.169009 0.000000 0.900701 3407
car -1 -1 nan 73361.000000 nan nan nan 1.156131 1.453774 1.195396 -21.198607 3.129492 -1.301318 0.000000 0.865844 3396
car -1 -1 nan 73357.000000 nan nan nan 1.248922 2.385048 1.970929 -28.909583 3.564932 -1.382814 0.000000 0.888304 3387
car -1 -1 nan 73359.000000 nan nan nan 1.303743 1.864462 3.933944 -24.050219 -3.059137 -1.411192 0.000000 0.893058 3388
car -1 -1 nan 73355.000000 nan nan nan 1.077495 1.040032 3.512907 -29.370902 -2.686874 -1.488525 0.000000 0.878514 3381
car -1 -1 nan 73369.000000 nan nan nan 1.092721 1.295414 1.869179 -41.128066 -2.875116 -1.509891 0.000000 0.858104 3379
person -1 -1 nan 73366.000000 nan nan nan 1.476174 0.493884 0.696991 -8.805585 -4.339543 -0.995346 0.000000 0.910350 693
bicyclist -1 -1 nan 73346.000000 nan nan nan 1.363783 1.307503 1.367735 29.558352 5.774892 -0.677188 0.000000 0.848010 930
motorcycle -1 -1 nan 73367.000000 nan nan nan 1.129731 2.006479 0.655264 -15.478362 3.236962 -1.409639 0.000000 0.854915 921
