other-vehicle -1 -1 nan 74733.000000 nan nan nan 0.835869 1.156688 1.701760 17.850306 33.437136 -2.099463 0.000000 0.788427 3556
other-vehicle -1 -1 nan 74706.000000 nan nan nan 0.882895 1.224919 1.824592 16.490800 25.731323 -1.817090 0.000000 0.868535 3553
car -1 -1 nan 74735.000000 nan nan nan 0.658660 0.875821 1.513552 -31.286009 3.484797 -1.722280 0.000000 0.746050 3555
car -1 -1 nan 74731.000000 nan nan nan 1.398076 3.000600 2.939687 34.322941 8.713256 -0.803055 0.000000 0.900251 3542
car -1 -1 nan 74726.000000 nan nan nan 1.131870 2.731147 3.252466 22.712698 2.496571 -0.862694 0.000000 0.946822 3530
car -1 -1 nan 74738.000000 nan nan nan 1.360923 2.029664 3.432419 5.120897 -2.894545 -0.895030 0.000000 0.957258 3527
car -1 -1 nan 74721.000000 nan nan nan 1.090682 1.458955 3.558028 -0.038586 -2.713040 -0.728951 0.000000 0.946141 3516
car -1 -1 nan 74739.000000 nan nan nan 1.356457 1.929765 3.393220 -4.673854 -2.764289 -1.085574 0.000000 0.942340 3499
car -1 -1 nan 74732.000000 nan nan nan 1.366477 4.203350 2.537421 -12.474654 4.722791 -1.370640 0.000000 0.938061 3493
car -1 -1 nan 74734.000000 nan nan nan 1.415732 3.521251 3.052870 -3.623659 3.795971 -1.171818 0.000000 0.950779 3491
car -1 -1 nan 74728.000000 nan nan nan 1.298453 1.043181 3.091106 -18.426131 -2.252290 -1.298098 0.000000 0.947846 3492
car -1 -1 nan 74736.000000 nan nan nan 1.365248 1.866506 3.821010 -13.291570 -2.544615 -1.167507 0.000000 0.941454 3489
car -1 -1 nan 74740.000000 nan nan nan 1.213175 3.115145 2.315295 -40.604980 5.657833 -1.869161 0.000000 0.906635 3461
car -1 -1 nan 74729.000000 nan nan nan 1.790603 2.305994 3.570323 -31.192551 -2.099853 -1.018260 0.000000 0.822288 3454
car -1 -1 nan 74723.000000 nan nan nan 0.430460 0.607649 0.378524 -44.053330 4.106246 -1.846401 0.000000 0.709217 3449
