car -1 -1 nan 75640.000000 nan nan nan 0.377099 0.780363 0.807018 35.619928 -19.963224 -0.815026 0.000000 0.745784 3605
car -1 -1 nan 75633.000000 nan nan nan 1.005568 1.450685 2.379530 -46.338303 10.550485 -1.809335 0.000000 0.859244 3608
other-vehicle -1 -1 nan 75608.000000 nan nan nan 0.616112 2.019548 1.612331 0.770038 26.153795 -1.206016 0.000000 0.564837 3604
car -1 -1 nan 75622.000000 nan nan nan 0.738553 0.958462 1.598838 30.010542 -16.404296 -0.478998 0.000000 0.614024 3602
car -1 -1 nan 75639.000000 nan nan nan 1.107640 2.292356 1.918050 25.397438 -12.407208 -0.455119 0.000000 0.745723 3596
car -1 -1 nan 75637.000000 nan nan nan 1.475743 2.361752 2.766880 11.735300 -4.496494 -0.784353 0.000000 0.928364 3592
car -1 -1 nan 75648.000000 nan nan nan 1.546784 1.891257 3.696633 5.567052 -3.567926 -0.868505 0.000000 0.964355 3542
car -1 -1 nan 75631.000000 nan nan nan 1.314390 1.732395 3.901699 -7.115081 -3.910524 -1.184476 0.000000 0.942411 3530
car -1 -1 nan 75638.000000 nan nan nan 1.241265 2.852713 4.363532 -25.424298 -0.619520 -1.521596 0.000000 0.949156 3527
car -1 -1 nan 75649.000000 nan nan nan 1.218747 3.108639 2.941426 -30.152056 1.866437 -1.569888 0.000000 0.934125 3516
car -1 -1 nan 75646.000000 nan nan nan 1.198463 1.908740 2.561952 -34.396652 4.420228 -1.706386 0.000000 0.945042 3499
car -1 -1 nan 75641.000000 nan nan nan 1.194465 1.548663 2.364269 -30.751647 8.756551 -1.472559 0.000000 0.896110 3491
car -1 -1 nan 75654.000000 nan nan nan 1.106358 1.848611 2.199076 -41.774043 7.859617 -1.757554 0.000000 0.820419 3489
motorcycle -1 -1 nan 75614.000000 nan nan nan 0.480806 0.396557 0.257552 32.051897 9.066559 -0.494815 0.000000 0.854831 945
