car -1 -1 nan 74187.000000 nan nan nan 0.243093 0.578112 1.473330 30.307130 4.070303 -0.490180 0.000000 0.747503 3536
car -1 -1 nan 74214.000000 nan nan nan 1.194022 2.727602 2.929076 43.528549 3.456257 -0.504534 0.000000 0.905456 3530
other-vehicle -1 -1 nan 74192.000000 nan nan nan 0.383338 2.759365 1.465436 38.112737 -4.331182 0.085829 0.000000 0.904100 3532
car -1 -1 nan 74221.000000 nan nan nan 1.244315 1.331520 2.861282 25.593091 -2.257932 -0.656355 0.000000 0.854792 3527
car -1 -1 nan 74219.000000 nan nan nan 0.577189 1.097316 2.138421 -43.597357 2.090473 -2.004787 0.000000 0.777589 3521
car -1 -1 nan 74210.000000 nan nan nan 1.291943 1.534958 3.180309 20.493778 -2.383757 -0.733117 0.000000 0.958204 3516
car -1 -1 nan 74224.000000 nan nan nan 1.294953 1.602054 2.960984 15.786756 -2.716103 -0.830435 0.000000 0.919966 3499
car -1 -1 nan 74215.000000 nan nan nan 1.343489 3.796354 2.432586 7.421699 4.109590 -0.951051 0.000000 0.943948 3493
car -1 -1 nan 74218.000000 nan nan nan 1.330019 4.197096 1.963338 16.300697 4.282017 -0.812975 0.000000 0.936752 3491
car -1 -1 nan 74205.000000 nan nan nan 1.326878 1.873941 3.539761 2.228915 -3.003398 -0.973155 0.000000 0.965967 3492
car -1 -1 nan 74222.000000 nan nan nan 1.392212 1.811146 3.887116 6.810466 -2.795596 -0.887451 0.000000 0.948525 3489
car -1 -1 nan 74225.000000 nan nan nan 1.323472 3.348313 2.407253 -19.907701 4.387637 -1.410390 0.000000 0.941449 3461
car -1 -1 nan 74211.000000 nan nan nan 2.145159 2.315626 6.014488 -11.919365 -2.893071 -0.763380 0.000000 0.930992 3454
car -1 -1 nan 74220.000000 nan nan nan 1.190124 0.345848 3.259485 -21.268937 -2.666297 -1.435068 0.000000 0.894815 3452
car -1 -1 nan 74209.000000 nan nan nan 1.126110 1.241503 1.351660 -23.644895 3.062893 -1.509287 0.000000 0.786078 3449
car -1 -1 nan 74227.000000 nan nan nan 0.213996 0.549489 0.382050 -47.017069 2.606128 -1.406736 0.000000 0.752099 3433
car -1 -1 nan 74212.000000 nan nan nan 1.313978 2.375833 1.976679 -39.765841 -3.932192 -1.657566 0.000000 0.803536 3407
car -1 -1 nan 74181.000000 nan nan nan 0.520096 0.951803 0.398535 -50.758486 2.059938 -1.688230 0.000000 0.793168 3396
person -1 -1 nan 74185.000000 nan nan nan 0.713275 0.790536 0.403206 -40.421123 -5.308572 -1.312048 0.000000 0.655225 693
