car -1 -1 nan 74528.000000 nan nan nan 1.217004 1.633975 1.740858 41.730810 9.711174 -0.465149 0.000000 0.850987 3542
car -1 -1 nan 74522.000000 nan nan nan 1.210799 2.830213 3.015694 30.825458 3.401042 -0.650145 0.000000 0.924283 3530
other-vehicle -1 -1 nan 74532.000000 nan nan nan 0.304966 0.530903 0.500363 25.582420 -3.207748 -0.053075 0.000000 0.215864 3532
car -1 -1 nan 74520.000000 nan nan nan 1.317427 1.462323 3.430118 13.256796 -2.381878 -0.774535 0.000000 0.941570 3527
car -1 -1 nan 74530.000000 nan nan nan 1.346112 1.671660 3.474379 7.838164 -2.539057 -0.854753 0.000000 0.963766 3516
car -1 -1 nan 74536.000000 nan nan nan 1.394161 1.946168 3.194792 3.228608 -2.847489 -0.958010 0.000000 0.928950 3499
car -1 -1 nan 74521.000000 nan nan nan 1.376186 4.038871 2.865973 -4.710164 4.251707 -1.221942 0.000000 0.936023 3493
car -1 -1 nan 74527.000000 nan nan nan 1.456125 4.077593 2.115380 3.672841 4.050132 -1.027886 0.000000 0.930166 3491
car -1 -1 nan 74526.000000 nan nan nan 1.313826 1.574837 3.435763 -10.169699 -2.977617 -1.166837 0.000000 0.934680 3492
car -1 -1 nan 74529.000000 nan nan nan 1.408595 1.871253 4.020434 -5.190497 -2.862641 -1.067475 0.000000 0.955213 3489
car -1 -1 nan 74531.000000 nan nan nan 1.268621 3.278124 2.252040 -32.652183 4.319744 -1.712135 0.000000 0.925827 3461
car -1 -1 nan 74518.000000 nan nan nan 2.028241 2.303158 5.709538 -24.493322 -2.925175 -0.991002 0.000000 0.930826 3454
car -1 -1 nan 74523.000000 nan nan nan 0.794403 0.802060 1.391508 -36.517792 2.824524 -1.801069 0.000000 0.799010 3449
