car -1 -1 nan 73801.000000 nan nan nan 1.085060 1.076255 0.957095 39.222305 -2.351753 -0.397667 0.000000 0.658591 3520
car -1 -1 nan 73813.000000 nan nan nan 0.823376 1.799921 1.914400 -30.259448 2.665602 -1.710813 0.000000 0.843680 3521
car -1 -1 nan 73800.000000 nan nan nan 0.627579 0.898369 0.697200 -39.511638 30.735213 -2.009541 0.000000 0.652827 3518
car -1 -1 nan 73816.000000 nan nan nan 1.062675 0.435989 2.823760 34.418320 -2.152016 -0.538006 0.000000 0.774316 3516
car -1 -1 nan 73802.000000 nan nan nan 0.206341 0.978679 1.497256 -44.556834 -6.344510 -1.108709 0.000000 0.677824 3517
car -1 -1 nan 73820.000000 nan nan nan 1.140037 1.220133 2.508947 29.754942 -2.488106 -0.577514 0.000000 0.899754 3499
car -1 -1 nan 73807.000000 nan nan nan 1.211651 4.079546 2.296135 21.554693 4.350017 -0.797055 0.000000 0.915298 3493
car -1 -1 nan 73809.000000 nan nan nan 1.019488 2.827554 1.614442 30.344118 3.487356 -0.484861 0.000000 0.885583 3491
car -1 -1 nan 73803.000000 nan nan nan 1.276403 1.668133 3.319167 16.180166 -3.041739 -0.746824 0.000000 0.931010 3492
car -1 -1 nan 73818.000000 nan nan nan 1.246557 1.395835 3.409308 20.951473 -2.686056 -0.655305 0.000000 0.914101 3489
car -1 -1 nan 73810.000000 nan nan nan 1.384745 2.963624 2.356296 -5.736143 4.256886 -1.137710 0.000000 0.941056 3461
car -1 -1 nan 73825.000000 nan nan nan 1.961277 0.912505 5.417209 1.954852 -2.215073 -0.627329 0.000000 0.739298 3454
car -1 -1 nan 73799.000000 nan nan nan 1.348925 1.737762 4.350071 -7.037352 -3.240886 -1.107544 0.000000 0.954916 3452
car -1 -1 nan 73819.000000 nan nan nan 1.258456 2.510973 1.955265 -9.330363 3.797410 -1.220717 0.000000 0.906427 3449
car -1 -1 nan 73822.000000 nan nan nan 0.557268 1.613256 1.451596 -32.971482 3.413804 -1.215968 0.000000 0.818092 3433
car -1 -1 nan 73804.000000 nan nan nan 1.191296 1.774990 3.373562 -27.026180 -3.478338 -1.501143 0.000000 0.909375 3407
car -1 -1 nan 73805.000000 nan nan nan 0.800750 1.036113 1.648587 -37.121057 2.375126 -1.587812 0.000000 0.831580 3396
car -1 -1 nan 73811.000000 nan nan nan 0.805064 0.674097 1.291876 -44.722788 2.170099 -1.608773 0.000000 0.758039 3387
car -1 -1 nan 73814.000000 nan nan nan 1.105830 1.375477 3.151305 -38.754586 -3.382565 -1.765443 0.000000 0.891088 3388
person -1 -1 nan 73824.000000 nan nan nan 1.442930 0.494745 0.446579 -24.966179 -4.748306 -1.275751 0.000000 0.928181 693
bicycle -1 -1 nan 73789.000000 nan nan nan 0.896302 1.389694 0.855577 -3.692397 -10.142259 -0.950547 0.000000 0.460427 933
motorcycle -1 -1 nan 73754.000000 nan nan nan 0.799874 1.777667 1.319615 -30.508294 2.618459 -1.837702 0.000000 0.898456 921
