other-vehicle -1 -1 nan 75169.000000 nan nan nan 0.511552 1.443991 1.583599 10.151578 21.130430 -1.433228 0.000000 0.542430 3577
car -1 -1 nan 75168.000000 nan nan nan 1.365917 2.080873 3.454761 22.162955 -0.660166 -0.654792 0.000000 0.945277 3542
car -1 -1 nan 75171.000000 nan nan nan 1.308242 2.073898 3.648052 9.231424 -2.929679 -0.853092 0.000000 0.938287 3530
car -1 -1 nan 75163.000000 nan nan nan 1.318575 2.524245 3.349421 -8.816211 -2.289683 -1.142857 0.000000 0.934201 3527
car -1 -1 nan 75186.000000 nan nan nan 1.331910 2.595483 4.985490 -13.987561 -0.188184 -1.261370 0.000000 0.913025 3516
car -1 -1 nan 75176.000000 nan nan nan 1.217491 1.743135 3.042084 -18.672711 1.342452 -1.483704 0.000000 0.952086 3499
car -1 -1 nan 75162.000000 nan nan nan 0.433019 2.722230 1.538403 -24.077838 10.058253 -1.254002 0.000000 0.847689 3493
car -1 -1 nan 75189.000000 nan nan nan 1.384933 2.657754 3.583681 -15.517987 6.699270 -1.460551 0.000000 0.917098 3491
car -1 -1 nan 75188.000000 nan nan nan 1.157138 1.170268 2.849981 -31.398729 6.088120 -1.810463 0.000000 0.919722 3492
car -1 -1 nan 75183.000000 nan nan nan 1.278530 2.422925 3.442453 -26.786679 4.061743 -1.659885 0.000000 0.877498 3489
car -1 -1 nan 75190.000000 nan nan nan 1.422839 2.351947 1.976214 -43.259410 10.156118 -1.921355 0.000000 0.871914 3454
person -1 -1 nan 75173.000000 nan nan nan 0.895474 0.376887 0.489982 33.405421 -3.892561 -0.159620 0.000000 0.853062 705
bicycle -1 -1 nan 75172.000000 nan nan nan 1.089312 2.852019 1.154128 -1.154212 -10.977167 -0.741876 0.000000 0.811588 942
