car -1 -1 nan 74475.000000 nan nan nan 1.279104 2.747367 2.729956 44.270441 10.199366 -0.436871 0.000000 0.811585 3542
car -1 -1 nan 74484.000000 nan nan nan 1.178818 2.839521 3.193363 32.846760 3.437238 -0.642039 0.000000 0.941138 3530
other-vehicle -1 -1 nan 74496.000000 nan nan nan 0.841575 1.574367 1.442975 27.576896 -3.422897 -0.217460 0.000000 0.744254 3532
car -1 -1 nan 74486.000000 nan nan nan 1.277436 1.405591 3.168852 15.388536 -2.368758 -0.743184 0.000000 0.923251 3527
car -1 -1 nan 74490.000000 nan nan nan 1.340734 1.715228 3.353934 9.910476 -2.501305 -0.826331 0.000000 0.944471 3516
car -1 -1 nan 74472.000000 nan nan nan 1.363698 1.895708 3.192489 5.249856 -2.790000 -0.928526 0.000000 0.912114 3499
car -1 -1 nan 74485.000000 nan nan nan 1.370479 3.975695 2.880481 -2.645628 4.210649 -1.160995 0.000000 0.947097 3493
car -1 -1 nan 74487.000000 nan nan nan 1.435514 4.101388 2.203174 5.759488 4.090945 -0.979485 0.000000 0.968321 3491
car -1 -1 nan 74480.000000 nan nan nan 1.315456 1.663558 3.620822 -8.040852 -3.056775 -1.146924 0.000000 0.930553 3492
car -1 -1 nan 74495.000000 nan nan nan 1.430919 1.751041 3.996545 -3.177004 -2.859531 -1.017685 0.000000 0.931154 3489
car -1 -1 nan 74491.000000 nan nan nan 1.307643 3.390462 2.205148 -30.560241 4.341575 -1.679518 0.000000 0.926434 3461
car -1 -1 nan 74477.000000 nan nan nan 2.016426 2.301912 5.652385 -22.401008 -2.932318 -0.985025 0.000000 0.905166 3454
car -1 -1 nan 74482.000000 nan nan nan 0.758821 0.913915 1.476500 -34.460409 2.863121 -1.663077 0.000000 0.807951 3449
car -1 -1 nan 74461.000000 nan nan nan 0.196729 0.929345 0.590798 -50.126876 -3.599626 -2.232066 0.000000 0.705181 3407
