car -1 -1 nan 76116.000000 nan nan nan 1.106748 0.990976 2.650902 30.569025 -7.438485 -0.815712 0.000000 0.827034 3628
car -1 -1 nan 76126.000000 nan nan nan 1.351409 1.438724 3.630610 24.696139 -6.415647 -0.876854 0.000000 0.914057 3625
car -1 -1 nan 76128.000000 nan nan nan 1.269214 1.282000 3.524975 17.975028 -5.186920 -0.914248 0.000000 0.894300 3602
car -1 -1 nan 76127.000000 nan nan nan 0.388529 0.614290 0.532177 -48.969426 -9.089853 -1.241500 0.000000 0.854982 3491
car -1 -1 nan 76120.000000 nan nan nan 1.419427 1.717483 4.028915 12.289562 -4.349733 -0.882233 0.000000 0.948829 3596
car -1 -1 nan 76114.000000 nan nan nan 1.527979 1.728496 3.876040 -3.582984 -2.955415 -0.986478 0.000000 0.939427 3592
car -1 -1 nan 76125.000000 nan nan nan 1.500492 2.586167 3.680293 -10.097002 -4.586205 -0.998796 0.000000 0.919266 3542
car -1 -1 nan 76122.000000 nan nan nan 0.503928 0.794083 2.949517 -39.889099 -14.871260 -1.595101 0.000000 0.833915 3527
car -1 -1 nan 76131.000000 nan nan nan 0.819605 0.912456 1.603636 -44.555312 -14.568905 -1.425221 0.000000 0.838286 3516
car -1 -1 nan 76109.000000 nan nan nan 0.612521 0.659275 0.588906 -49.112704 -14.427235 -1.566160 0.000000 0.622664 3499
person -1 -1 nan 76123.000000 nan nan nan 1.426792 0.568760 0.520869 4.388010 -5.407420 -0.862295 0.000000 0.958167 708
bicycle -1 -1 nan 76098.000000 nan nan nan 0.738523 1.415465 0.393095 -30.116214 -21.846747 -1.312385 0.000000 0.848733 953
