car -1 -1 nan 74049.000000 nan nan nan 0.748749 2.560234 2.541221 48.788551 3.300577 -0.567239 0.000000 0.901948 3530
other-vehicle -1 -1 nan 74068.000000 nan nan nan 0.391046 2.977656 1.959233 43.485987 -4.434295 0.153580 0.000000 0.888489 3532
car -1 -1 nan 74071.000000 nan nan nan 1.153514 1.167498 1.506271 30.967654 -2.243948 -0.614413 0.000000 0.604756 3527
car -1 -1 nan 74073.000000 nan nan nan 0.435868 0.357909 1.125223 -38.713894 1.886988 -1.793292 0.000000 0.693757 3521
car -1 -1 nan 74063.000000 nan nan nan 1.138742 1.418572 3.403072 25.848753 -2.419591 -0.670147 0.000000 0.929183 3516
car -1 -1 nan 74051.000000 nan nan nan 1.234754 1.533627 2.753343 21.140115 -2.655906 -0.795335 0.000000 0.906368 3499
car -1 -1 nan 74070.000000 nan nan nan 1.328807 3.012766 2.377081 12.891930 4.084218 -0.900053 0.000000 0.957945 3493
car -1 -1 nan 74061.000000 nan nan nan 1.306470 3.352167 1.752139 21.658699 3.754410 -0.766958 0.000000 0.918989 3491
car -1 -1 nan 74055.000000 nan nan nan 1.340288 1.869432 3.432152 7.528455 -3.031842 -0.900526 0.000000 0.923421 3492
car -1 -1 nan 74064.000000 nan nan nan 1.316057 1.717804 3.691278 12.267057 -2.727201 -0.815093 0.000000 0.949869 3489
car -1 -1 nan 74067.000000 nan nan nan 1.301022 3.451538 2.429842 -14.540741 4.469200 -1.260201 0.000000 0.911548 3461
car -1 -1 nan 74048.000000 nan nan nan 2.251148 2.295149 6.100414 -6.451309 -2.839166 -0.672530 0.000000 0.891506 3454
car -1 -1 nan 74060.000000 nan nan nan 1.283975 0.841300 3.847830 -15.693875 -2.977970 -1.274202 0.000000 0.916795 3452
car -1 -1 nan 74054.000000 nan nan nan 1.151509 1.496251 1.560487 -18.259219 3.207809 -1.363236 0.000000 0.806737 3449
car -1 -1 nan 74072.000000 nan nan nan 0.409644 0.381067 0.325956 -41.626250 2.664984 -1.311872 0.000000 0.839134 3433
car -1 -1 nan 74069.000000 nan nan nan 1.147201 1.750501 2.689278 -35.219764 -3.606488 -1.560200 0.000000 0.901083 3407
car -1 -1 nan 74076.000000 nan nan nan 0.701647 1.053935 1.538842 -45.773944 2.166931 -1.638145 0.000000 0.853128 3396
car -1 -1 nan 74050.000000 nan nan nan 0.765988 0.761437 1.992597 -47.205869 -3.436710 -1.778198 0.000000 0.849541 3388
person -1 -1 nan 74053.000000 nan nan nan 1.377856 0.696930 0.595341 -34.468826 -5.094909 -1.491740 0.000000 0.886738 693
