car -1 -1 nan 73984.000000 nan nan nan 0.929361 0.480353 0.943025 33.650983 -1.909602 -0.522992 0.000000 0.818028 3527
car -1 -1 nan 73972.000000 nan nan nan 0.269272 1.110183 0.347290 -36.202131 2.448999 -2.013008 0.000000 0.730985 3521
car -1 -1 nan 73978.000000 nan nan nan 1.104405 1.293826 2.887916 29.137387 -2.463509 -0.598451 0.000000 0.914956 3516
car -1 -1 nan 73961.000000 nan nan nan 0.784437 0.770848 0.833684 -49.520634 -6.406681 -1.436013 0.000000 0.613972 3517
car -1 -1 nan 73974.000000 nan nan nan 1.178335 1.456281 2.745201 24.371490 -2.619671 -0.729493 0.000000 0.935982 3499
car -1 -1 nan 73965.000000 nan nan nan 1.251989 4.385433 2.408328 16.161970 4.443222 -0.876843 0.000000 0.896100 3493
car -1 -1 nan 73971.000000 nan nan nan 1.149882 3.052238 1.760928 24.872303 3.581717 -0.736878 0.000000 0.935132 3491
car -1 -1 nan 73970.000000 nan nan nan 1.304233 1.727906 3.561969 10.756680 -2.972792 -0.854102 0.000000 0.953486 3492
car -1 -1 nan 73977.000000 nan nan nan 1.352617 1.544669 3.428731 15.473687 -2.692171 -0.804453 0.000000 0.934039 3489
car -1 -1 nan 73980.000000 nan nan nan 1.435599 3.565845 2.433647 -11.172355 4.484704 -1.250183 0.000000 0.936656 3461
car -1 -1 nan 73958.000000 nan nan nan 2.148411 1.912410 5.789092 -3.268221 -2.741297 -0.611393 0.000000 0.867136 3454
car -1 -1 nan 73973.000000 nan nan nan 1.272098 1.570018 3.966359 -12.384517 -3.222844 -1.169943 0.000000 0.935847 3452
car -1 -1 nan 73968.000000 nan nan nan 1.193295 2.123804 1.714775 -14.782016 3.588212 -1.312203 0.000000 0.868602 3449
car -1 -1 nan 73981.000000 nan nan nan 0.777337 1.256375 1.265841 -37.893063 2.918829 -1.384845 0.000000 0.892780 3433
car -1 -1 nan 73983.000000 nan nan nan 1.004263 1.602703 2.960957 -32.309113 -3.567457 -1.494816 0.000000 0.936944 3407
car -1 -1 nan 73938.000000 nan nan nan 0.306882 0.729323 0.434285 -42.173620 2.230857 -1.473489 0.000000 0.737353 3396
car -1 -1 nan 73975.000000 nan nan nan 0.966417 1.315136 2.079314 -44.132326 -3.540956 -1.700875 0.000000 0.725194 3388
person -1 -1 nan 73964.000000 nan nan nan 1.251906 0.758558 0.506428 -30.880861 -4.890272 -1.339640 0.000000 0.926651 693
