other-vehicle -1 -1 nan 74757.000000 nan nan nan 0.156809 0.863248 0.317875 -6.867639 -12.599275 -0.973756 0.000000 0.439816 3557
car -1 -1 nan 74777.000000 nan nan nan 0.287396 0.336726 0.327075 17.031921 33.738705 -1.461353 0.000000 0.768778 3556
car -1 -1 nan 74784.000000 nan nan nan 0.721327 0.339720 0.905835 15.234849 24.913055 -1.736776 0.000000 0.624987 3553
car -1 -1 nan 74755.000000 nan nan nan 0.699186 1.805340 1.457079 -32.879848 5.107833 -1.753134 0.000000 0.836185 3555
car -1 -1 nan 74790.000000 nan nan nan 1.302396 2.753743 3.090524 32.651397 7.685796 -0.732878 0.000000 0.853605 3542
car -1 -1 nan 74785.000000 nan nan nan 1.254146 2.631177 3.204847 20.862896 1.743667 -0.854790 0.000000 0.950172 3530
car -1 -1 nan 74791.000000 nan nan nan 1.338771 1.528961 3.565519 3.142328 -2.892296 -0.903694 0.000000 0.949938 3527
car -1 -1 nan 74798.000000 nan nan nan 1.279694 1.685448 3.572986 -1.983321 -2.724482 -0.904517 0.000000 0.899534 3516
car -1 -1 nan 74795.000000 nan nan nan 1.364433 1.670315 3.391713 -6.676484 -2.580280 -1.136302 0.000000 0.924100 3499
car -1 -1 nan 74793.000000 nan nan nan 1.216269 3.750593 2.444350 -14.407232 4.985876 -1.372167 0.000000 0.917614 3493
car -1 -1 nan 74781.000000 nan nan nan 1.415450 3.461386 2.959810 -5.410715 3.982877 -1.208461 0.000000 0.965209 3491
car -1 -1 nan 74787.000000 nan nan nan 1.176187 1.236162 3.997994 -20.011166 -1.766106 -1.311043 0.000000 0.910689 3492
car -1 -1 nan 74799.000000 nan nan nan 1.394636 1.850638 3.726343 -15.296329 -2.165389 -1.246523 0.000000 0.926958 3489
car -1 -1 nan 74794.000000 nan nan nan 0.963491 3.203814 2.433670 -42.408631 6.922184 -1.926235 0.000000 0.905172 3461
car -1 -1 nan 74786.000000 nan nan nan 1.701873 3.020497 5.490703 -33.616425 -1.310278 -1.080686 0.000000 0.682235 3454
car -1 -1 nan 74769.000000 nan nan nan 0.218834 0.489135 0.286513 -45.849072 5.162975 -1.916269 0.000000 0.693377 3449
