other-vehicle -1 -1 nan 78884.000000 nan nan nan 0.223685 0.668320 0.567563 -40.019606 22.761355 -1.392723 0.000000 0.731038 3762
car -1 -1 nan 78869.000000 nan nan nan 0.227768 0.556628 0.594022 -41.214859 -11.867287 -1.174864 0.000000 0.588424 3757
car -1 -1 nan 78885.000000 nan nan nan 1.208617 3.876086 1.629455 -33.697020 15.850301 -1.855077 0.000000 0.927433 3754
car -1 -1 nan 78868.000000 nan nan nan 1.150637 1.980251 3.230312 35.422401 2.301502 -0.751182 0.000000 0.933684 3753
car -1 -1 nan 78876.000000 nan nan nan 1.540921 4.003757 3.082899 -26.083210 6.498835 -1.407334 0.000000 0.924455 3745
other-vehicle -1 -1 nan 78873.000000 nan nan nan 1.257973 1.637738 2.547348 -38.539611 -0.846240 -1.116903 0.000000 0.580969 3733
other-vehicle -1 -1 nan 78887.000000 nan nan nan 1.230153 1.277780 1.128676 12.187860 -1.759935 -0.873000 0.000000 0.610047 3727
truck -1 -1 nan 78877.000000 nan nan nan 2.575595 2.756265 6.540759 26.253391 3.966147 -0.163720 0.000000 0.767461 3724
other-vehicle -1 -1 nan 78880.000000 nan nan nan 1.298129 1.330424 0.970049 10.186475 -2.328822 -0.848352 0.000000 0.596729 3710
car -1 -1 nan 78878.000000 nan nan nan 1.454729 1.610384 3.707175 3.838888 3.522917 -1.048513 0.000000 0.946144 3707
car -1 -1 nan 78881.000000 nan nan nan 1.367725 1.883794 4.589967 10.430917 3.769703 -1.016545 0.000000 0.955256 3696
car -1 -1 nan 78883.000000 nan nan nan 1.416193 1.596883 3.873664 -7.354825 -2.472471 -1.023851 0.000000 0.964790 3670
car -1 -1 nan 78866.000000 nan nan nan 1.518541 1.515028 3.394185 -2.590768 -2.490973 -0.831357 0.000000 0.956805 3675
car -1 -1 nan 78882.000000 nan nan nan 1.578156 2.005095 3.690296 -0.932507 3.366697 -0.693944 0.000000 0.950085 3664
car -1 -1 nan 78875.000000 nan nan nan 1.448096 1.732131 3.991667 -12.812555 -2.662570 -1.065261 0.000000 0.879868 3658
bicyclist -1 -1 nan 78871.000000 nan nan nan 1.597545 0.614784 1.619946 16.403975 2.500164 -0.864308 0.000000 0.937607 984
