other-vehicle -1 -1 nan 78032.000000 nan nan nan 0.430998 1.007843 0.555924 -34.587488 -16.586642 -1.602774 0.000000 0.661740 3730
other-vehicle -1 -1 nan 78029.000000 nan nan nan 1.021621 1.100374 0.944841 30.146549 -1.745681 -0.316740 0.000000 0.780611 3727
truck -1 -1 nan 78037.000000 nan nan nan 2.223698 2.506657 2.144270 42.954880 3.967774 0.695763 0.000000 0.835162 3724
car -1 -1 nan 78019.000000 nan nan nan 0.854009 3.254919 0.873346 -48.816755 -12.610929 -2.385887 0.000000 0.815630 3721
other-vehicle -1 -1 nan 78051.000000 nan nan nan 1.139705 1.313548 0.731485 28.139814 -2.350546 -0.372459 0.000000 0.795948 3710
car -1 -1 nan 78035.000000 nan nan nan 1.286597 0.811669 2.777761 21.958546 3.112871 -0.594028 0.000000 0.876676 3707
car -1 -1 nan 78041.000000 nan nan nan 1.223658 1.500051 3.444178 28.166790 3.608744 -0.415217 0.000000 0.882130 3696
car -1 -1 nan 78022.000000 nan nan nan 0.485225 1.322078 1.181703 -16.012226 -32.171782 -0.911873 0.000000 0.745845 3691
car -1 -1 nan 78044.000000 nan nan nan 1.365343 1.690027 3.646095 10.083654 -2.634501 -0.818714 0.000000 0.926429 3670
car -1 -1 nan 78030.000000 nan nan nan 1.335285 3.861954 2.537641 -11.022801 24.739608 -1.368159 0.000000 0.914723 3687
car -1 -1 nan 78018.000000 nan nan nan 1.605419 1.669086 3.120354 14.980287 -2.470668 -0.581886 0.000000 0.906852 3675
car -1 -1 nan 78042.000000 nan nan nan 1.433599 1.795714 3.820538 16.796958 3.306020 -0.624124 0.000000 0.966426 3664
car -1 -1 nan 78036.000000 nan nan nan 1.488024 1.800901 4.091417 4.699299 -2.809307 -0.912945 0.000000 0.918816 3658
car -1 -1 nan 78031.000000 nan nan nan 1.310741 4.506184 2.772482 -16.178546 15.466178 -1.605668 0.000000 0.910630 3652
car -1 -1 nan 78033.000000 nan nan nan 1.190554 3.631440 1.650871 -14.418190 -13.371576 -1.262267 0.000000 0.961101 3628
car -1 -1 nan 78038.000000 nan nan nan 0.790798 4.566135 1.555169 -14.794250 -18.942334 -1.119790 0.000000 0.876711 3625
car -1 -1 nan 78039.000000 nan nan nan 0.736150 3.714827 1.673684 -15.580876 -26.313422 -1.100511 0.000000 0.867581 3602
bicyclist -1 -1 nan 78045.000000 nan nan nan 1.495295 0.723668 1.253555 -22.254874 32.285237 -1.776627 0.000000 0.630093 983
bicycle -1 -1 nan 78047.000000 nan nan nan 0.454025 1.172834 0.531078 -22.585760 15.290850 -1.552056 0.000000 0.639611 968
bicycle -1 -1 nan 78048.000000 nan nan nan 0.925450 0.471584 0.276822 -19.066094 12.638669 -1.856981 0.000000 0.736479 969
