other-vehicle -1 -1 nan 78288.000000 nan nan nan 1.067833 1.193503 1.149362 -24.653461 -1.269157 -0.939497 0.000000 0.830789 3733
car -1 -1 nan 78282.000000 nan nan nan 1.306769 2.815617 2.020892 -30.328770 19.559713 -1.477709 0.000000 0.903749 3740
other-vehicle -1 -1 nan 78275.000000 nan nan nan 2.363063 4.383105 1.734781 -38.911540 -17.123737 -0.389059 0.000000 0.697727 3730
other-vehicle -1 -1 nan 78290.000000 nan nan nan 1.168530 1.028023 1.143468 25.585711 -1.341441 -0.779267 0.000000 0.739562 3727
truck -1 -1 nan 78289.000000 nan nan nan 2.535827 2.514057 6.314747 39.636179 4.593778 0.314060 0.000000 0.593516 3724
other-vehicle -1 -1 nan 78281.000000 nan nan nan 1.211204 1.273596 0.751933 23.570366 -2.036180 -0.775217 0.000000 0.742442 3710
car -1 -1 nan 78284.000000 nan nan nan 1.266363 1.389197 3.190373 17.260934 3.696471 -0.840981 0.000000 0.881879 3707
car -1 -1 nan 78271.000000 nan nan nan 1.235972 1.484289 3.600043 23.411746 3.895969 -0.792218 0.000000 0.903712 3696
car -1 -1 nan 78264.000000 nan nan nan 1.451887 1.909148 3.751920 5.566956 -2.610234 -0.890418 0.000000 0.970691 3670
car -1 -1 nan 78243.000000 nan nan nan 0.273654 0.286953 0.390432 -17.828444 17.283629 -1.647582 0.000000 0.317095 3687
car -1 -1 nan 78283.000000 nan nan nan 1.622008 1.823888 3.285321 10.423616 -2.354677 -0.789305 0.000000 0.939525 3675
car -1 -1 nan 78278.000000 nan nan nan 1.502910 1.868911 3.933508 12.036633 3.463724 -0.858844 0.000000 0.957470 3664
car -1 -1 nan 78285.000000 nan nan nan 0.997238 1.510306 4.035090 0.339149 -2.762724 -0.758193 0.000000 0.971459 3658
car -1 -1 nan 78280.000000 nan nan nan 1.337618 4.520561 2.715918 -21.087901 15.143005 -1.561714 0.000000 0.918494 3652
car -1 -1 nan 78277.000000 nan nan nan 0.819362 3.471574 1.572360 -18.899961 -13.739385 -0.894747 0.000000 0.928903 3628
bicyclist -1 -1 nan 78287.000000 nan nan nan 1.260982 0.582243 0.689709 40.349285 2.036458 -0.347632 0.000000 0.865148 984
bicyclist -1 -1 nan 78192.000000 nan nan nan 0.559357 0.473983 0.541041 -25.204984 33.323066 -1.427115 0.000000 0.797352 983
bicycle -1 -1 nan 78246.000000 nan nan nan 0.714830 0.529792 1.257045 -26.972668 11.301583 -1.544690 0.000000 0.765070 969
