car -1 -1 nan 78802.000000 nan nan nan 0.436028 0.994348 0.620124 -39.317429 -12.352005 -1.219483 0.000000 0.794764 3757
car -1 -1 nan 78810.000000 nan nan nan 1.343219 3.354428 1.467715 -31.790397 15.961750 -1.878911 0.000000 0.904780 3754
car -1 -1 nan 78803.000000 nan nan nan 0.805598 1.876345 3.037948 37.586195 2.513563 -0.677066 0.000000 0.883067 3753
car -1 -1 nan 78805.000000 nan nan nan 1.244512 3.083501 2.537731 -25.307274 7.080474 -1.406878 0.000000 0.884135 3745
other-vehicle -1 -1 nan 78809.000000 nan nan nan 1.018466 1.049168 0.947189 -36.124599 -1.043249 -1.194340 0.000000 0.816481 3733
other-vehicle -1 -1 nan 78820.000000 nan nan nan 1.275767 1.277219 1.072012 14.089931 -1.690589 -0.844442 0.000000 0.763590 3727
truck -1 -1 nan 78812.000000 nan nan nan 2.541922 2.728636 6.577786 28.193139 4.138463 -0.022033 0.000000 0.606662 3724
other-vehicle -1 -1 nan 78814.000000 nan nan nan 1.319710 1.291750 0.929356 12.093501 -2.257855 -0.824065 0.000000 0.714922 3710
car -1 -1 nan 78813.000000 nan nan nan 1.460004 1.548074 3.765706 5.640859 3.546379 -0.969631 0.000000 0.898580 3707
car -1 -1 nan 78816.000000 nan nan nan 1.350819 1.897930 4.368133 12.192642 3.856988 -0.930152 0.000000 0.935409 3696
car -1 -1 nan 78818.000000 nan nan nan 1.393599 1.770410 3.987298 -5.420981 -2.527490 -1.056667 0.000000 0.931058 3670
car -1 -1 nan 78800.000000 nan nan nan 1.299637 1.273519 3.333553 -0.783628 -2.656847 -0.612871 0.000000 0.921656 3675
car -1 -1 nan 78817.000000 nan nan nan 1.430255 1.873556 3.801785 0.860764 3.263902 -0.952061 0.000000 0.967771 3664
car -1 -1 nan 78811.000000 nan nan nan 1.461610 1.806371 4.399216 -11.035459 -2.764004 -1.089108 0.000000 0.961254 3658
bicyclist -1 -1 nan 78806.000000 nan nan nan 1.593704 0.653181 1.597596 19.818797 2.590824 -0.690609 0.000000 0.916650 984
