other-vehicle -1 -1 nan 78963.000000 nan nan nan 1.317356 2.245008 2.036505 -41.639923 22.976989 -2.546630 0.000000 0.739168 3764
car -1 -1 nan 78971.000000 nan nan nan 1.118372 4.358276 1.982257 -36.119945 16.114605 -2.343946 0.000000 0.899033 3754
car -1 -1 nan 78964.000000 nan nan nan 1.078045 2.078335 3.376850 33.093821 1.769034 -0.474801 0.000000 0.911291 3753
car -1 -1 nan 78969.000000 nan nan nan 1.453505 3.750435 3.542165 -26.705879 5.066325 -1.726732 0.000000 0.849468 3745
other-vehicle -1 -1 nan 78965.000000 nan nan nan 1.159903 1.463445 1.350920 -40.707274 -0.284725 -1.655764 0.000000 0.829517 3733
other-vehicle -1 -1 nan 78981.000000 nan nan nan 1.338566 1.273908 1.139036 9.462793 -1.949094 -0.796433 0.000000 0.673463 3727
truck -1 -1 nan 78970.000000 nan nan nan 2.321994 2.853855 6.575130 23.771870 3.553621 -0.035258 0.000000 0.877337 3724
other-vehicle -1 -1 nan 78973.000000 nan nan nan 1.302074 1.266201 0.974875 7.623302 -2.444221 -0.796271 0.000000 0.598223 3710
car -1 -1 nan 78975.000000 nan nan nan 1.394657 1.744948 3.811221 1.449997 3.466501 -1.038417 0.000000 0.964444 3707
car -1 -1 nan 78978.000000 nan nan nan 1.393666 1.841796 4.556801 7.952087 3.569152 -0.938136 0.000000 0.940532 3696
car -1 -1 nan 78976.000000 nan nan nan 1.397702 1.372175 3.755909 -9.970657 -2.235121 -1.171236 0.000000 0.955510 3670
car -1 -1 nan 78974.000000 nan nan nan 1.581515 1.823323 3.445083 -5.110652 -2.381543 -1.007310 0.000000 0.923593 3675
car -1 -1 nan 78962.000000 nan nan nan 1.534654 2.206259 3.622563 -3.283910 3.489666 -1.110061 0.000000 0.953658 3664
car -1 -1 nan 78968.000000 nan nan nan 1.477205 1.681832 3.871149 -15.437567 -2.460976 -1.241594 0.000000 0.942850 3658
bicyclist -1 -1 nan 78967.000000 nan nan nan 1.625613 0.651150 1.588958 11.737531 2.338937 -0.746590 0.000000 0.937558 984
