car -1 -1 nan 77199.000000 nan nan nan 1.287038 0.959257 0.308407 28.424861 -25.034636 -1.403220 0.000000 0.415914 3681
car -1 -1 nan 77196.000000 nan nan nan 1.287495 1.994261 1.941480 18.542331 -21.779409 -1.350258 0.000000 0.839815 3675
car -1 -1 nan 77200.000000 nan nan nan 0.422882 0.648594 1.296034 15.369569 -18.135775 -0.972982 0.000000 0.641896 3670
car -1 -1 nan 77188.000000 nan nan nan 1.350474 3.337007 2.306009 24.558198 -20.072973 -1.179306 0.000000 0.898443 3664
car -1 -1 nan 77182.000000 nan nan nan 1.437505 3.655052 3.009812 12.479934 -14.022733 -1.143472 0.000000 0.908046 3658
car -1 -1 nan 77177.000000 nan nan nan 1.435715 2.371201 4.767568 15.935042 13.917778 -0.549725 0.000000 0.964544 3652
car -1 -1 nan 77185.000000 nan nan nan 1.390226 2.870237 3.332894 -7.151302 -4.612959 -1.142165 0.000000 0.956229 3628
car -1 -1 nan 77167.000000 nan nan nan 0.657408 2.101067 1.862192 -12.522513 -7.414255 -1.061605 0.000000 0.897501 3625
car -1 -1 nan 77189.000000 nan nan nan 0.343891 2.140393 1.111543 -18.193796 -11.314321 -1.255406 0.000000 0.856165 3602
car -1 -1 nan 77153.000000 nan nan nan 0.443971 1.656397 0.475202 -23.356909 -13.990253 -1.311689 0.000000 0.857937 3596
person -1 -1 nan 77193.000000 nan nan nan 1.084366 0.462782 0.379308 39.186507 8.949204 -0.210063 0.000000 0.901941 719
person -1 -1 nan 77192.000000 nan nan nan 0.991234 0.585596 0.450616 -25.266275 -18.237647 -1.743354 0.000000 0.914403 708
person -1 -1 nan 77154.000000 nan nan nan 1.168630 0.539987 0.694327 -22.470781 9.687374 -1.204659 0.000000 0.823970 713
bicycle -1 -1 nan 77195.000000 nan nan nan 0.888223 1.440964 0.800129 16.359385 21.523726 -0.462767 0.000000 0.813135 968
