car -1 -1 nan 76404.000000 nan nan nan 0.660916 1.263679 0.457161 41.918831 2.866920 -0.408743 0.000000 0.762778 3634
car -1 -1 nan 76408.000000 nan nan nan 0.971620 2.754431 1.037079 -38.960653 -23.407925 -0.966108 0.000000 0.797766 3637
other-vehicle -1 -1 nan 76418.000000 nan nan nan 0.801973 2.153094 0.697708 31.643318 6.694863 0.962424 0.000000 0.527031 3630
car -1 -1 nan 76422.000000 nan nan nan 1.373482 3.649007 1.933668 -9.835692 -23.570131 0.191834 0.000000 0.910435 3629
car -1 -1 nan 76411.000000 nan nan nan 0.747859 0.675913 1.583886 -33.760163 -14.093664 -1.563876 0.000000 0.746658 3530
car -1 -1 nan 76416.000000 nan nan nan 1.334739 1.577488 3.288134 16.743419 -2.974524 -0.574783 0.000000 0.927379 3628
car -1 -1 nan 76399.000000 nan nan nan 1.417177 1.740434 4.178273 11.060431 -3.129887 -0.726355 0.000000 0.952994 3625
car -1 -1 nan 76419.000000 nan nan nan 1.408598 1.902435 4.213709 3.847829 -3.143504 -0.883345 0.000000 0.956068 3602
car -1 -1 nan 76417.000000 nan nan nan 1.532965 1.713494 4.227574 -1.474567 -3.046502 -0.893261 0.000000 0.970450 3596
car -1 -1 nan 76415.000000 nan nan nan 1.423002 2.068625 3.738099 -17.547550 -4.568033 -1.239915 0.000000 0.961362 3592
car -1 -1 nan 76406.000000 nan nan nan 1.387509 2.252922 3.749126 -23.697027 -8.039800 -1.323332 0.000000 0.915923 3542
person -1 -1 nan 76412.000000 nan nan nan 1.234699 1.147100 0.727600 11.614292 16.294063 -1.206797 0.000000 0.816872 713
person -1 -1 nan 76409.000000 nan nan nan 1.484257 0.598970 0.440540 -7.925251 -5.399733 -0.946440 0.000000 0.931629 708
