car -1 -1 nan 78721.000000 nan nan nan 1.248650 2.248344 1.020822 -29.152673 16.431938 -1.945715 0.000000 0.782372 3754
car -1 -1 nan 78715.000000 nan nan nan 1.086789 1.717020 3.003367 39.698844 2.645504 -0.440072 0.000000 0.819493 3753
car -1 -1 nan 78714.000000 nan nan nan 1.282239 2.089713 2.014555 -24.046248 9.503467 -1.658966 0.000000 0.754380 3745
other-vehicle -1 -1 nan 78717.000000 nan nan nan 1.349416 1.449985 1.889512 -33.835673 -1.173158 -1.423338 0.000000 0.850148 3733
other-vehicle -1 -1 nan 78691.000000 nan nan nan 2.013653 3.018152 1.488102 -47.853930 -16.219589 -0.555940 0.000000 0.435363 3730
other-vehicle -1 -1 nan 78730.000000 nan nan nan 1.174010 1.004796 0.895950 16.563367 -1.521311 -0.764928 0.000000 0.636866 3727
truck -1 -1 nan 78720.000000 nan nan nan 2.364490 2.615990 6.514594 30.460256 4.224518 0.100849 0.000000 0.796180 3724
other-vehicle -1 -1 nan 78724.000000 nan nan nan 1.209360 1.281397 1.071128 14.680155 -2.224071 -0.732141 0.000000 0.598963 3710
car -1 -1 nan 78726.000000 nan nan nan 1.454515 1.526577 3.671658 8.206830 3.591607 -0.901902 0.000000 0.945037 3707
car -1 -1 nan 78710.000000 nan nan nan 1.376376 1.868850 4.263543 14.611199 3.838354 -0.838467 0.000000 0.944007 3696
car -1 -1 nan 78732.000000 nan nan nan 1.331243 1.641793 3.943833 -3.038539 -2.612268 -1.055886 0.000000 0.956028 3670
car -1 -1 nan 78727.000000 nan nan nan 1.505967 1.567301 3.208327 1.654888 -2.436894 -0.702842 0.000000 0.938201 3675
car -1 -1 nan 78718.000000 nan nan nan 1.488567 1.875419 3.894821 3.204090 3.324939 -0.937856 0.000000 0.954412 3664
car -1 -1 nan 78716.000000 nan nan nan 1.467449 1.848755 4.337049 -8.527740 -2.800245 -1.105234 0.000000 0.957235 3658
bicyclist -1 -1 nan 78643.000000 nan nan nan 0.511702 0.547679 0.400488 -31.576523 39.217504 -1.815284 0.000000 0.783101 983
bicyclist -1 -1 nan 78725.000000 nan nan nan 1.537940 0.604789 1.169137 24.074837 2.546861 -0.519246 0.000000 0.914275 984
