other-vehicle -1 -1 nan 76252.000000 nan nan nan 2.475735 1.553334 0.943907 39.928349 1.684926 0.100207 0.000000 0.886682 3630
car -1 -1 nan 76236.000000 nan nan nan 1.440995 3.438136 1.785688 -3.153993 -23.224420 0.010021 0.000000 0.901058 3629
car -1 -1 nan 76246.000000 nan nan nan 1.078882 2.221459 2.446059 -26.379076 -13.104347 -1.065013 0.000000 0.902903 3530
car -1 -1 nan 76250.000000 nan nan nan 1.363049 0.945631 3.126118 24.616204 -4.070604 -0.815326 0.000000 0.847540 3628
car -1 -1 nan 76239.000000 nan nan nan 1.342348 1.539848 3.951020 18.875085 -3.869766 -0.917993 0.000000 0.963417 3625
car -1 -1 nan 76248.000000 nan nan nan 1.439181 1.699906 3.904213 11.654806 -3.573508 -0.912804 0.000000 0.947147 3602
car -1 -1 nan 76251.000000 nan nan nan 1.486346 1.763363 3.967658 6.063528 -3.331990 -0.910022 0.000000 0.966329 3596
car -1 -1 nan 76249.000000 nan nan nan 1.501313 1.957315 3.950130 -9.866748 -3.779364 -1.005231 0.000000 0.941900 3592
car -1 -1 nan 76241.000000 nan nan nan 0.289524 2.096905 1.825342 -16.440799 -6.596932 -0.320377 0.000000 0.852858 3542
person -1 -1 nan 76243.000000 nan nan nan 1.434527 0.548485 0.626701 -0.928537 -5.147734 -0.854721 0.000000 0.944962 708
