car -1 -1 nan 77661.000000 nan nan nan 0.447157 0.501489 0.936599 -39.260581 -15.909022 -1.182688 0.000000 0.652421 3714
car -1 -1 nan 77643.000000 nan nan nan 0.774440 0.936554 0.475017 -46.465795 -16.276137 -2.032343 0.000000 0.858585 3702
other-vehicle -1 -1 nan 77652.000000 nan nan nan 1.004631 1.158007 0.908908 33.712333 -9.675213 -0.562571 0.000000 0.769175 3710
car -1 -1 nan 77708.000000 nan nan nan 1.338479 1.270132 2.502451 29.178763 -3.074321 -0.667796 0.000000 0.818546 3707
car -1 -1 nan 77706.000000 nan nan nan 1.128075 1.380571 3.137389 34.750061 -4.199776 -0.629069 0.000000 0.843774 3696
car -1 -1 nan 77699.000000 nan nan nan 1.199930 2.077108 1.797843 -16.116193 -28.236645 -1.543155 0.000000 0.869759 3691
car -1 -1 nan 77709.000000 nan nan nan 1.326825 1.595021 3.591041 16.067616 -5.653352 -0.958654 0.000000 0.939362 3670
car -1 -1 nan 77687.000000 nan nan nan 1.306046 3.689707 3.516179 5.609997 32.073628 -0.621280 0.000000 0.873604 3687
car -1 -1 nan 77690.000000 nan nan nan 0.649594 2.129554 0.987983 -19.886760 -43.775515 -1.734779 0.000000 0.760451 3688
car -1 -1 nan 77704.000000 nan nan nan 1.470181 1.492269 2.930104 20.970160 -6.773786 -0.801698 0.000000 0.895415 3675
car -1 -1 nan 77680.000000 nan nan nan 1.497793 2.178452 3.283582 23.650367 -1.550570 -0.726464 0.000000 0.924364 3664
car -1 -1 nan 77694.000000 nan nan nan 1.441192 1.841016 4.123760 10.657635 -4.786929 -0.930291 0.000000 0.938964 3658
car -1 -1 nan 77710.000000 nan nan nan 1.397318 4.103536 3.518001 -5.677622 17.603398 -1.029130 0.000000 0.941571 3652
car -1 -1 nan 77688.000000 nan nan nan 1.462528 3.808779 2.120373 -10.618682 -10.841756 -1.276253 0.000000 0.967938 3628
car -1 -1 nan 77703.000000 nan nan nan 1.265339 4.017646 2.150459 -12.010979 -16.043699 -1.391058 0.000000 0.933418 3625
car -1 -1 nan 77707.000000 nan nan nan 1.250572 4.193093 1.931063 -14.367819 -23.185366 -1.548646 0.000000 0.915191 3602
person -1 -1 nan 77586.000000 nan nan nan 0.952759 0.707983 0.735933 -31.511647 -9.921245 -1.524382 0.000000 0.790089 713
person -1 -1 nan 77654.000000 nan nan nan 0.833711 0.445307 0.491984 -15.193359 -31.939002 -1.237021 0.000000 0.767510 708
bicycle -1 -1 nan 77712.000000 nan nan nan 0.432609 0.372793 0.326505 -11.629238 19.291633 -1.213649 0.000000 0.366089 969
bicycle -1 -1 nan 77711.000000 nan nan nan 0.661724 1.342190 1.044769 -9.022180 22.718167 -1.083522 0.000000 0.842934 968
