car -1 -1 nan 78470.000000 nan nan nan 1.322513 1.717023 0.388129 -20.144816 16.734367 -1.618667 0.000000 0.770944 3745
car -1 -1 nan 78442.000000 nan nan nan 0.838923 2.414771 0.980542 -34.943979 19.341649 -1.594239 0.000000 0.794511 3746
car -1 -1 nan 78476.000000 nan nan nan 0.189001 0.378245 0.300111 43.607528 3.709514 -0.254393 0.000000 0.733355 3744
car -1 -1 nan 78438.000000 nan nan nan 0.174792 1.025050 0.823184 -40.772875 -0.208537 -2.885365 0.000000 0.691054 3743
other-vehicle -1 -1 nan 78477.000000 nan nan nan 0.730138 1.296244 0.725598 -28.355253 -1.376717 -1.077072 0.000000 0.758654 3733
other-vehicle -1 -1 nan 78483.000000 nan nan nan 2.378287 4.706543 1.717487 -42.723727 -17.290139 -0.881995 0.000000 0.722313 3730
other-vehicle -1 -1 nan 78471.000000 nan nan nan 1.192692 1.250310 0.868393 21.581203 -1.319858 -0.538316 0.000000 0.680551 3727
truck -1 -1 nan 78467.000000 nan nan nan 2.086950 2.516903 4.041261 34.487215 4.581931 0.418744 0.000000 0.701794 3724
other-vehicle -1 -1 nan 78490.000000 nan nan nan 1.253951 1.285056 0.925860 19.750836 -2.052450 -0.571654 0.000000 0.753423 3710
car -1 -1 nan 78482.000000 nan nan nan 1.406363 1.433536 3.410529 13.339648 3.661885 -0.776857 0.000000 0.914511 3707
car -1 -1 nan 78481.000000 nan nan nan 1.351444 1.538129 3.767860 19.561828 3.942721 -0.613569 0.000000 0.903042 3696
car -1 -1 nan 78484.000000 nan nan nan 1.324972 1.602543 3.965713 1.881194 -2.431117 -0.954697 0.000000 0.948950 3670
car -1 -1 nan 78479.000000 nan nan nan 1.641696 1.823667 3.308996 6.579584 -2.469219 -0.766335 0.000000 0.948035 3675
car -1 -1 nan 78462.000000 nan nan nan 1.545765 1.851775 3.957744 8.247573 3.434759 -0.821740 0.000000 0.947488 3664
car -1 -1 nan 78472.000000 nan nan nan 1.454128 1.745526 4.237308 -3.322205 -2.824506 -1.092935 0.000000 0.969133 3658
car -1 -1 nan 78480.000000 nan nan nan 1.179232 1.988596 1.815960 -25.091101 13.982120 -1.925795 0.000000 0.888164 3652
car -1 -1 nan 78478.000000 nan nan nan 0.430787 1.106538 1.297107 -22.779409 -12.536531 -1.280954 0.000000 0.875310 3628
bicyclist -1 -1 nan 78488.000000 nan nan nan 1.298970 0.590361 1.007900 33.454423 2.447739 -0.059362 0.000000 0.838382 984
bicyclist -1 -1 nan 78454.000000 nan nan nan 1.122213 0.929708 0.489013 -27.818801 35.701865 -2.155740 0.000000 0.853456 983
bicycle -1 -1 nan 78412.000000 nan nan nan 0.629231 0.439921 0.281220 -28.354162 14.100146 -2.414297 0.000000 0.486473 969
