car -1 -1 nan 77330.000000 nan nan nan 0.274529 1.665375 0.869697 -21.883503 -19.579000 -1.076969 0.000000 0.483767 3691
car -1 -1 nan 77314.000000 nan nan nan 0.418769 1.146819 2.107131 17.311965 -14.026820 -0.761507 0.000000 0.718246 3670
car -1 -1 nan 77322.000000 nan nan nan 0.532824 1.384948 1.503326 32.285078 25.616580 -0.711148 0.000000 0.599173 3687
car -1 -1 nan 77324.000000 nan nan nan 0.439945 0.946198 0.805660 -31.759352 -30.286062 -2.212601 0.000000 0.625983 3688
car -1 -1 nan 77292.000000 nan nan nan 0.453108 1.287386 2.450137 20.756549 -17.158928 -0.646256 0.000000 0.859047 3675
car -1 -1 nan 77325.000000 nan nan nan 1.278582 3.338179 2.539725 25.766459 -14.586600 -1.169576 0.000000 0.935425 3664
car -1 -1 nan 77326.000000 nan nan nan 1.368147 2.857794 3.079223 12.413843 -10.691372 -1.150494 0.000000 0.904528 3658
car -1 -1 nan 77329.000000 nan nan nan 1.368183 3.461651 4.620961 9.819250 16.723060 -0.870460 0.000000 0.945293 3652
car -1 -1 nan 77306.000000 nan nan nan 1.458448 3.465124 2.746368 -8.393885 -6.315253 -1.225028 0.000000 0.960162 3628
car -1 -1 nan 77327.000000 nan nan nan 1.292457 2.556597 3.178956 -12.021666 -10.317730 -1.211647 0.000000 0.947125 3625
car -1 -1 nan 77318.000000 nan nan nan 1.189032 2.429832 2.335600 -17.627561 -15.985301 -1.406738 0.000000 0.934456 3602
person -1 -1 nan 77287.000000 nan nan nan 0.797926 0.329669 0.243288 34.205014 17.143342 -0.663249 0.000000 0.843385 719
person -1 -1 nan 77337.000000 nan nan nan 1.257467 0.575376 0.528959 -23.189259 -23.047581 -1.576952 0.000000 0.925789 708
person -1 -1 nan 77246.000000 nan nan nan 1.014614 0.863149 0.932497 -26.673970 5.065703 -0.795270 0.000000 0.850350 713
bicycle -1 -1 nan 77313.000000 nan nan nan 0.773606 1.107630 0.619626 5.280587 15.954885 -0.937181 0.000000 0.888804 969
bicycle -1 -1 nan 77336.000000 nan nan nan 0.998697 2.499379 1.377545 8.702787 22.198692 -0.945339 0.000000 0.791401 968
