car -1 -1 nan 76934.000000 nan nan nan 0.964155 0.461103 1.022841 18.424559 -41.974112 -1.748762 0.000000 0.851049 3659
car -1 -1 nan 76901.000000 nan nan nan 0.775765 0.658733 0.933089 -26.779339 -24.362686 -1.398750 0.000000 0.659942 3657
car -1 -1 nan 76926.000000 nan nan nan 1.322448 3.643946 1.794126 12.447812 -19.147640 -1.292734 0.000000 0.925718 3658
car -1 -1 nan 76929.000000 nan nan nan 0.633501 1.199613 0.333426 14.343710 34.585337 -0.305998 0.000000 0.715878 3650
car -1 -1 nan 76923.000000 nan nan nan 1.250923 1.815178 4.266990 28.692978 4.721857 -0.438787 0.000000 0.893124 3652
car -1 -1 nan 76931.000000 nan nan nan 1.322583 1.631336 3.615231 -1.823873 -2.816864 -0.967024 0.000000 0.921043 3628
car -1 -1 nan 76935.000000 nan nan nan 1.414582 1.935092 4.595536 -7.080165 -3.440842 -1.254579 0.000000 0.960843 3625
car -1 -1 nan 76922.000000 nan nan nan 1.223393 2.104295 3.753411 -14.226142 -4.344898 -1.455593 0.000000 0.931922 3602
car -1 -1 nan 76936.000000 nan nan nan 1.433013 1.762775 3.917301 -20.018919 -4.907845 -1.589141 0.000000 0.917478 3596
car -1 -1 nan 76915.000000 nan nan nan 0.353590 1.874177 0.703746 -36.547517 -8.601839 -1.620907 0.000000 0.677219 3592
person -1 -1 nan 76933.000000 nan nan nan 0.227159 0.588256 0.319115 -24.601698 -7.901063 -1.214981 0.000000 0.747046 708
person -1 -1 nan 76924.000000 nan nan nan 0.642135 0.442495 0.402804 -9.516298 16.067437 -0.495966 0.000000 0.766768 713
bicycle -1 -1 nan 76928.000000 nan nan nan 0.427295 0.301199 0.598979 16.000031 22.151826 -0.704273 0.000000 0.815908 964
bicycle -1 -1 nan 76919.000000 nan nan nan 0.572823 0.441089 1.129410 8.260489 9.142782 -0.818095 0.000000 0.246540 963
