car -1 -1 nan 78332.000000 nan nan nan 0.350417 2.080711 1.000701 -20.307311 -19.657648 -0.881815 0.000000 0.684044 3742
other-vehicle -1 -1 nan 78343.000000 nan nan nan 0.943237 1.314345 0.811904 -25.905551 -1.441990 -1.081966 0.000000 0.727467 3733
other-vehicle -1 -1 nan 78328.000000 nan nan nan 2.538033 4.771717 2.743493 -40.522975 -17.482712 -0.708159 0.000000 0.788203 3730
other-vehicle -1 -1 nan 78335.000000 nan nan nan 1.091368 1.179005 1.031971 24.258521 -1.324524 -0.615706 0.000000 0.807993 3727
truck -1 -1 nan 78338.000000 nan nan nan 2.430599 2.537939 4.652870 37.694488 4.635750 0.337601 0.000000 0.484462 3724
other-vehicle -1 -1 nan 78355.000000 nan nan nan 1.268203 1.341237 0.989841 22.618491 -1.887844 -0.642203 0.000000 0.789226 3710
car -1 -1 nan 78347.000000 nan nan nan 1.434561 1.394512 3.406174 15.958539 3.706967 -0.770926 0.000000 0.901112 3707
car -1 -1 nan 78346.000000 nan nan nan 1.278585 1.562651 3.763519 22.200129 3.991486 -0.647941 0.000000 0.876014 3696
car -1 -1 nan 78345.000000 nan nan nan 1.359014 2.012098 3.710524 4.287994 -2.603614 -0.939090 0.000000 0.969434 3670
car -1 -1 nan 78350.000000 nan nan nan 1.643247 1.794176 3.195790 9.151834 -2.358874 -0.751683 0.000000 0.946333 3675
car -1 -1 nan 78327.000000 nan nan nan 1.511999 1.854891 3.792052 10.757944 3.477996 -0.820413 0.000000 0.930476 3664
car -1 -1 nan 78336.000000 nan nan nan 1.445106 1.562567 4.624153 -0.996931 -2.776619 -0.829759 0.000000 0.953097 3658
car -1 -1 nan 78342.000000 nan nan nan 1.441228 4.371369 2.509800 -22.409362 15.068577 -1.723740 0.000000 0.939877 3652
car -1 -1 nan 78344.000000 nan nan nan 0.745932 2.370741 1.526776 -20.093289 -13.445316 -1.002288 0.000000 0.925589 3628
bicyclist -1 -1 nan 78351.000000 nan nan nan 1.408061 0.547193 1.032477 37.968161 2.264923 -0.220767 0.000000 0.884961 984
bicyclist -1 -1 nan 78329.000000 nan nan nan 1.115541 0.888944 0.638553 -26.039757 34.295054 -1.950767 0.000000 0.628353 983
bicycle -1 -1 nan 78348.000000 nan nan nan 0.787730 1.140391 0.500443 -28.447863 13.371897 -1.917362 0.000000 0.618902 969
