other-vehicle -1 -1 nan 78963.000000 nan nan nan 1.317356 2.245008 2.036505 -42.004488 22.580932 -2.749163 0.000000 0.739168 3764
car -1 -1 nan 78996.000000 nan nan nan 1.263121 4.309483 1.425437 -36.566980 16.305768 -2.302739 0.000000 0.911366 3754
car -1 -1 nan 78987.000000 nan nan nan 1.215655 2.072054 3.289075 32.473491 1.606713 -0.461635 0.000000 0.882085 3753
car -1 -1 nan 78988.000000 nan nan nan 1.420933 3.741266 3.681442 -26.843084 4.737856 -1.638093 0.000000 0.817359 3745
other-vehicle -1 -1 nan 79006.000000 nan nan nan 1.284450 1.638650 1.742694 -41.522659 -0.092561 -1.655622 0.000000 0.846478 3733
other-vehicle -1 -1 nan 78995.000000 nan nan nan 1.330550 1.270316 1.066766 8.863628 -1.996910 -0.826430 0.000000 0.575613 3727
truck -1 -1 nan 78994.000000 nan nan nan 2.337184 2.923471 6.587426 23.172088 3.445224 -0.054982 0.000000 0.757708 3724
other-vehicle -1 -1 nan 79007.000000 nan nan nan 1.299428 1.266207 1.158043 7.004121 -2.490900 -0.786274 0.000000 0.555014 3710
car -1 -1 nan 78984.000000 nan nan nan 1.296154 1.745127 3.754158 0.839703 3.471614 -0.991288 0.000000 0.961911 3707
car -1 -1 nan 79003.000000 nan nan nan 1.426323 1.850927 4.509851 7.306247 3.517147 -0.945369 0.000000 0.960543 3696
car -1 -1 nan 78992.000000 nan nan nan 1.408211 1.346831 3.658145 -10.596416 -2.173748 -1.182893 0.000000 0.917622 3670
car -1 -1 nan 78998.000000 nan nan nan 1.623802 1.831215 3.511285 -5.777331 -2.381888 -1.009526 0.000000 0.930404 3675
car -1 -1 nan 79000.000000 nan nan nan 1.531799 1.996715 3.717368 -3.868803 3.465019 -1.142997 0.000000 0.961870 3664
car -1 -1 nan 78999.000000 nan nan nan 1.440873 1.637758 3.892705 -16.055775 -2.401766 -1.267281 0.000000 0.941586 3658
bicyclist -1 -1 nan 79008.000000 nan nan nan 1.663525 0.647830 1.566593 10.605170 2.277227 -0.760363 0.000000 0.948725 984
