car -1 -1 nan 76717.000000 nan nan nan 1.240379 1.614458 3.676916 26.714508 32.867093 -0.987634 0.000000 0.920114 3650
car -1 -1 nan 76714.000000 nan nan nan 1.025873 1.731040 2.305805 38.017874 1.580360 -0.857777 0.000000 0.837129 3652
other-vehicle -1 -1 nan 76710.000000 nan nan nan 0.984555 0.380793 0.586929 22.582861 3.682744 -0.042952 0.000000 0.154153 3630
car -1 -1 nan 76683.000000 nan nan nan 0.416440 0.923985 1.083941 40.889298 1.005875 0.346814 0.000000 0.783854 3648
car -1 -1 nan 76711.000000 nan nan nan 0.869040 3.570379 0.628422 17.776010 -21.097000 -0.748946 0.000000 0.948820 3641
car -1 -1 nan 76709.000000 nan nan nan 0.676066 0.494891 1.319428 -20.796784 -23.049655 -0.435547 0.000000 0.665090 3629
car -1 -1 nan 76706.000000 nan nan nan 0.465334 2.052475 0.836184 -43.954036 -15.817567 -2.070234 0.000000 0.839127 3530
car -1 -1 nan 76723.000000 nan nan nan 1.589457 1.803561 3.388976 5.255202 -2.855182 -0.884573 0.000000 0.928546 3628
car -1 -1 nan 76704.000000 nan nan nan 1.300088 1.872367 4.425607 0.019821 -2.935991 -0.897707 0.000000 0.967158 3625
car -1 -1 nan 76721.000000 nan nan nan 1.597794 1.919200 4.240649 -7.074779 -3.298579 -1.084459 0.000000 0.917608 3602
car -1 -1 nan 76716.000000 nan nan nan 1.429822 1.711039 4.193546 -12.646012 -3.424552 -1.141043 0.000000 0.960620 3596
car -1 -1 nan 76712.000000 nan nan nan 1.261132 2.153587 3.296631 -28.753722 -5.492314 -1.400016 0.000000 0.825207 3592
car -1 -1 nan 76694.000000 nan nan nan 0.429315 1.927053 2.517018 -35.634452 -8.642772 -0.910898 0.000000 0.856355 3542
person -1 -1 nan 76685.000000 nan nan nan 1.152181 0.853921 0.683748 -0.378835 16.273593 -0.757468 0.000000 0.780759 713
person -1 -1 nan 76722.000000 nan nan nan 0.465179 0.419176 0.344877 -18.222017 -5.924963 -0.679024 0.000000 0.842480 708
bicyclist -1 -1 nan 76705.000000 nan nan nan 1.179511 0.917241 0.776027 39.724131 23.054101 -0.742828 0.000000 0.830826 961
