other-vehicle -1 -1 nan 79517.000000 nan nan nan 1.278138 0.225461 1.914526 -22.181844 -16.579650 0.346529 0.000000 0.849607 3779
car -1 -1 nan 79502.000000 nan nan nan 0.453237 2.560787 0.352984 -46.829953 -13.102615 -1.212635 0.000000 0.887508 3780
other-vehicle -1 -1 nan 79515.000000 nan nan nan 1.302059 1.246761 1.173484 -6.427566 -2.328004 -1.060906 0.000000 0.751265 3778
car -1 -1 nan 79511.000000 nan nan nan 0.497838 0.271318 1.002745 -44.550050 -21.162943 -1.014812 0.000000 0.763806 3776
car -1 -1 nan 79512.000000 nan nan nan 1.209906 1.801207 2.496222 43.686650 -13.956663 -0.563217 0.000000 0.877878 3774
car -1 -1 nan 79525.000000 nan nan nan 1.077487 1.765707 2.443413 39.353988 -10.798813 -0.517238 0.000000 0.844634 3773
car -1 -1 nan 79518.000000 nan nan nan 1.315535 2.285339 3.702833 16.798921 2.786474 -0.921569 0.000000 0.956492 3753
car -1 -1 nan 79524.000000 nan nan nan 1.328436 1.965871 3.569708 -26.411480 -1.251600 -1.109213 0.000000 0.844641 3745
truck -1 -1 nan 79510.000000 nan nan nan 2.204701 2.617077 6.621829 7.286314 3.861766 -0.529737 0.000000 0.900349 3724
car -1 -1 nan 79520.000000 nan nan nan 1.380075 1.742780 3.057617 -14.480813 2.465998 -1.066797 0.000000 0.922885 3707
car -1 -1 nan 79523.000000 nan nan nan 1.416206 1.891892 4.169485 -7.979215 3.070810 -1.134406 0.000000 0.949421 3696
car -1 -1 nan 79528.000000 nan nan nan 1.133281 0.399455 3.247967 -25.936085 -3.292489 -1.204260 0.000000 0.784895 3670
car -1 -1 nan 79514.000000 nan nan nan 1.585501 1.645206 3.197736 -21.172499 -3.675290 -1.044173 0.000000 0.924853 3675
car -1 -1 nan 79526.000000 nan nan nan 1.441414 1.596281 3.167100 -19.684512 2.120193 -1.158777 0.000000 0.693828 3664
car -1 -1 nan 79519.000000 nan nan nan 1.191122 0.983073 2.447749 -31.269406 -4.043594 -1.184107 0.000000 0.831780 3658
bicyclist -1 -1 nan 79480.000000 nan nan nan 0.364905 1.200001 0.947580 -6.509940 -4.937539 -0.379270 0.000000 0.697616 984
