car -1 -1 nan 79420.000000 nan nan nan 0.746705 0.535745 0.582056 -41.298162 -20.395975 -0.787312 0.000000 0.707061 3776
car -1 -1 nan 79416.000000 nan nan nan 1.052670 1.927102 2.338820 46.517452 -15.081498 -0.706489 0.000000 0.911463 3774
car -1 -1 nan 79431.000000 nan nan nan 0.901919 2.682391 2.493413 42.234248 -11.889514 -0.888841 0.000000 0.836921 3773
car -1 -1 nan 79421.000000 nan nan nan 1.243305 2.360893 3.636454 20.039003 2.347813 -0.993488 0.000000 0.961535 3753
car -1 -1 nan 79436.000000 nan nan nan 1.319617 1.905376 4.340935 -26.505775 -0.556157 -0.963313 0.000000 0.820746 3745
truck -1 -1 nan 79427.000000 nan nan nan 2.327453 2.771827 6.643298 10.542728 3.680250 -0.491697 0.000000 0.854169 3724
other-vehicle -1 -1 nan 79432.000000 nan nan nan 0.804553 1.216177 1.145650 -5.247046 -2.691216 -0.909780 0.000000 0.542286 3710
car -1 -1 nan 79430.000000 nan nan nan 1.596090 2.516789 3.327381 -11.043877 2.732223 -0.983808 0.000000 0.923988 3707
car -1 -1 nan 79435.000000 nan nan nan 1.435686 1.829195 4.400446 -4.782651 3.197353 -1.098253 0.000000 0.961213 3696
car -1 -1 nan 79433.000000 nan nan nan 1.215253 0.576504 3.367531 -22.971734 -2.794133 -1.077741 0.000000 0.930550 3670
car -1 -1 nan 79429.000000 nan nan nan 1.586163 1.794549 3.242230 -18.009073 -3.140611 -0.919349 0.000000 0.923673 3675
car -1 -1 nan 79415.000000 nan nan nan 1.478292 1.711767 3.858681 -16.475697 2.597689 -1.038219 0.000000 0.925596 3664
car -1 -1 nan 79425.000000 nan nan nan 1.219290 1.319094 2.757422 -28.266737 -3.364592 -1.001811 0.000000 0.902093 3658
bicyclist -1 -1 nan 79412.000000 nan nan nan 1.622623 0.673660 1.581476 -10.445642 1.746483 -0.989488 0.000000 0.927004 984
