car -1 -1 nan 80339.000000 nan nan nan 1.218920 1.041622 1.394546 -31.621118 -14.319668 -1.855919 0.000000 0.760032 3798
other-vehicle -1 -1 nan 80348.000000 nan nan nan 1.072983 1.397855 0.778320 -30.178188 -12.723926 -1.721820 0.000000 0.725696 3797
car -1 -1 nan 80328.000000 nan nan nan 1.211184 2.510541 2.259706 -41.943342 -21.284213 -1.844038 0.000000 0.811480 3675
car -1 -1 nan 80342.000000 nan nan nan 1.328509 3.241561 2.698854 11.207017 -7.323793 -0.730102 0.000000 0.956240 3789
car -1 -1 nan 80340.000000 nan nan nan 1.143133 1.600001 2.726415 30.415998 2.561889 -0.265284 0.000000 0.815642 3786
car -1 -1 nan 80331.000000 nan nan nan 1.307239 1.214844 3.145230 18.913552 2.672966 -0.516078 0.000000 0.866842 3774
car -1 -1 nan 80345.000000 nan nan nan 1.359289 1.684233 3.709671 14.081285 2.900180 -0.628276 0.000000 0.932143 3773
car -1 -1 nan 80326.000000 nan nan nan 1.331230 2.334109 3.452340 -12.227357 3.479160 -1.402070 0.000000 0.936427 3753
car -1 -1 nan 80332.000000 nan nan nan 1.423969 3.225081 3.025041 -27.075125 -8.708416 -1.673503 0.000000 0.888481 3745
truck -1 -1 nan 80337.000000 nan nan nan 3.163852 5.311144 5.965844 -20.802080 -0.449801 -0.568459 0.000000 0.718180 3724
car -1 -1 nan 80341.000000 nan nan nan 1.338398 2.090726 1.845626 -33.262121 -8.254178 -1.939059 0.000000 0.833702 3696
person -1 -1 nan 80313.000000 nan nan nan 0.824652 0.518305 0.388707 30.054272 -4.436890 -0.028547 0.000000 0.893581 748
bicyclist -1 -1 nan 80338.000000 nan nan nan 1.079711 0.545146 0.969429 38.077921 -1.515125 0.099138 0.000000 0.892658 996
