car -1 -1 nan 79612.000000 nan nan nan 0.412343 0.220871 0.524810 2.798758 -27.087661 -2.187846 0.000000 0.477518 3783
other-vehicle -1 -1 nan 79585.000000 nan nan nan 1.153565 1.220586 1.084407 -11.581335 -3.296641 -0.963569 0.000000 0.780653 3782
other-vehicle -1 -1 nan 79624.000000 nan nan nan 1.239001 1.273934 1.008915 -9.757075 -2.631918 -1.109337 0.000000 0.786288 3778
car -1 -1 nan 79616.000000 nan nan nan 0.767945 1.812306 2.738989 40.597397 -12.830560 -0.415005 0.000000 0.928046 3774
car -1 -1 nan 79610.000000 nan nan nan 0.842809 2.512558 2.932212 36.349293 -9.847187 -0.558355 0.000000 0.854537 3773
car -1 -1 nan 79604.000000 nan nan nan 1.353602 2.222177 3.754278 13.379169 3.204566 -0.912571 0.000000 0.954074 3753
car -1 -1 nan 79613.000000 nan nan nan 1.319150 1.954862 2.708070 -26.562884 -1.944955 -1.196127 0.000000 0.719273 3745
truck -1 -1 nan 79614.000000 nan nan nan 2.131252 2.651722 6.673187 3.770912 3.898902 -0.599963 0.000000 0.865151 3724
car -1 -1 nan 79619.000000 nan nan nan 1.412162 1.776877 3.467217 -17.838230 2.203919 -1.285946 0.000000 0.940104 3707
car -1 -1 nan 79615.000000 nan nan nan 1.375589 2.070928 4.183978 -11.464049 2.830758 -1.199579 0.000000 0.905971 3696
car -1 -1 nan 79623.000000 nan nan nan 1.059918 0.480408 2.126698 -28.956295 -4.097158 -1.289771 0.000000 0.702889 3670
car -1 -1 nan 79618.000000 nan nan nan 1.438636 1.748277 2.874752 -24.332327 -4.286839 -1.175048 0.000000 0.933208 3675
car -1 -1 nan 79627.000000 nan nan nan 1.298536 2.353807 3.509015 -22.533181 1.197302 -1.291330 0.000000 0.867204 3664
car -1 -1 nan 79608.000000 nan nan nan 1.088549 0.949771 2.908077 -34.970583 -4.868205 -1.292533 0.000000 0.740709 3658
bicyclist -1 -1 nan 79600.000000 nan nan nan 1.469647 0.861493 1.006594 -21.040568 0.667380 -1.186682 0.000000 0.689537 995
