car -1 -1 nan 81096.000000 nan nan nan 0.516492 0.859643 0.300964 46.398978 4.181427 -0.418352 0.000000 0.639043 3834
car -1 -1 nan 81067.000000 nan nan nan 0.515651 0.873399 0.773705 -49.231535 11.793703 -2.119125 0.000000 0.896424 3833
car -1 -1 nan 81098.000000 nan nan nan 1.028386 1.570610 1.350677 7.664567 -28.370314 -0.435899 0.000000 0.910851 3824
car -1 -1 nan 81110.000000 nan nan nan 1.176656 3.089958 3.270943 4.860786 -23.880605 -0.526806 0.000000 0.941922 3816
car -1 -1 nan 81108.000000 nan nan nan 1.318569 2.622001 2.890852 1.267676 -19.067845 -0.679371 0.000000 0.928125 3807
car -1 -1 nan 81102.000000 nan nan nan 1.018973 1.443101 2.949933 31.362808 4.114544 -0.505135 0.000000 0.874128 3804
car -1 -1 nan 81100.000000 nan nan nan 1.285386 3.339865 3.464957 -1.828556 -14.683116 -0.805387 0.000000 0.972017 3805
car -1 -1 nan 81113.000000 nan nan nan 1.301600 3.299229 3.094425 -4.658316 -10.929702 -0.871981 0.000000 0.943364 3802
car -1 -1 nan 81104.000000 nan nan nan 1.282905 3.400275 2.943355 -7.114083 -6.636229 -0.986955 0.000000 0.961638 3789
car -1 -1 nan 81101.000000 nan nan nan 1.371617 1.780915 3.518515 11.312116 3.680511 -0.874510 0.000000 0.946681 3786
car -1 -1 nan 81112.000000 nan nan nan 1.281002 2.133300 3.783664 -0.146906 3.830584 -1.044285 0.000000 0.949947 3774
car -1 -1 nan 81095.000000 nan nan nan 1.413409 1.933089 3.383974 -4.835066 3.780768 -1.179558 0.000000 0.955850 3773
car -1 -1 nan 81109.000000 nan nan nan 1.226588 2.330318 3.493713 -31.651752 3.794242 -1.806091 0.000000 0.943243 3753
car -1 -1 nan 81103.000000 nan nan nan 1.481296 2.913975 4.235787 -29.297584 -1.057168 -1.545368 0.000000 0.873306 3745
truck -1 -1 nan 81097.000000 nan nan nan 2.842468 5.043612 4.705743 -39.773578 0.015751 -0.866434 0.000000 0.618821 3724
person -1 -1 nan 81026.000000 nan nan nan 0.719551 0.908647 1.121013 18.731497 -3.548686 -0.051549 0.000000 0.750505 757
bicycle -1 -1 nan 81017.000000 nan nan nan 0.594064 0.776814 0.517873 11.682764 -16.783425 -0.345562 0.000000 0.823327 1006
bicyclist -1 -1 nan 81107.000000 nan nan nan 1.536895 0.545780 1.448838 24.661040 2.584930 -0.566201 0.000000 0.928491 1002
bicyclist -1 -1 nan 81115.000000 nan nan nan 1.508619 0.641533 1.194757 26.765527 -0.043897 -0.399737 0.000000 0.914885 996
