car -1 -1 nan 80167.000000 nan nan nan 1.046315 1.745417 2.381956 -37.187117 -17.610714 -1.208811 0.000000 0.864368 3675
car -1 -1 nan 80127.000000 nan nan nan 0.697765 0.805513 1.245965 -21.822582 -36.237148 -1.849233 0.000000 0.745244 3790
car -1 -1 nan 80151.000000 nan nan nan 1.178604 1.540179 2.100204 17.016763 -8.150537 -0.926464 0.000000 0.897460 3789
other-vehicle -1 -1 nan 80164.000000 nan nan nan 1.137176 2.596315 2.151765 -24.893446 -10.400666 -1.264503 0.000000 0.751119 3788
car -1 -1 nan 80162.000000 nan nan nan 1.187188 1.541255 2.255112 37.100089 -1.151790 -0.749395 0.000000 0.664997 3786
car -1 -1 nan 80155.000000 nan nan nan 1.093216 0.591250 2.984419 25.815249 -0.068869 -0.899662 0.000000 0.914707 3774
car -1 -1 nan 80165.000000 nan nan nan 1.311434 1.861648 3.217774 20.984330 0.981242 -0.897479 0.000000 0.902627 3773
car -1 -1 nan 80146.000000 nan nan nan 1.384243 1.990132 3.700528 -5.137047 4.282232 -1.122162 0.000000 0.959103 3753
car -1 -1 nan 80169.000000 nan nan nan 1.392376 3.004771 3.260916 -26.945376 -9.137004 -1.237672 0.000000 0.836007 3745
truck -1 -1 nan 80157.000000 nan nan nan 2.606229 4.816416 5.792488 -14.185627 1.436203 -0.512925 0.000000 0.722626 3724
car -1 -1 nan 80166.000000 nan nan nan 1.086816 1.478826 1.429188 -33.259652 -8.316398 -1.485503 0.000000 0.612532 3707
car -1 -1 nan 80150.000000 nan nan nan 1.356884 3.233658 3.540155 -28.147262 -5.645339 -1.345006 0.000000 0.932677 3696
car -1 -1 nan 80159.000000 nan nan nan 0.877012 0.726864 0.870324 -37.562110 -10.924600 -1.202321 0.000000 0.757193 3664
person -1 -1 nan 80135.000000 nan nan nan 1.053644 0.667907 0.728796 36.558803 -8.148704 -0.868610 0.000000 0.881697 748
person -1 -1 nan 80141.000000 nan nan nan 0.563900 0.442568 0.402672 34.375865 -8.148188 -0.309022 0.000000 0.864504 747
motorcycle -1 -1 nan 80154.000000 nan nan nan 0.602245 1.861969 2.856651 -31.036598 -17.618008 -1.511201 0.000000 0.764870 998
bicyclist -1 -1 nan 80147.000000 nan nan nan 1.363435 0.557505 0.655316 41.858374 -5.466263 -0.646148 0.000000 0.905250 996
