car -1 -1 nan 79396.000000 nan nan nan 1.070710 1.555900 1.816506 46.913198 -15.213390 -0.717817 0.000000 0.852952 3774
car -1 -1 nan 79406.000000 nan nan nan 0.479435 1.671374 1.298479 42.602047 -11.929562 -1.069626 0.000000 0.759300 3773
car -1 -1 nan 79374.000000 nan nan nan 1.088732 4.166605 1.294622 -48.407192 14.961224 -1.512999 0.000000 0.930752 3754
car -1 -1 nan 79403.000000 nan nan nan 1.282195 2.385020 3.404826 20.745109 2.179585 -1.009346 0.000000 0.934356 3753
car -1 -1 nan 79402.000000 nan nan nan 1.266415 1.849565 4.030670 -26.471751 -0.284172 -0.966958 0.000000 0.641085 3745
truck -1 -1 nan 79393.000000 nan nan nan 2.332752 2.839348 6.662059 11.344777 3.590501 -0.476051 0.000000 0.929413 3724
other-vehicle -1 -1 nan 79382.000000 nan nan nan 1.169287 0.810793 0.850309 -4.542826 -2.477906 -1.334670 0.000000 0.596380 3710
car -1 -1 nan 79404.000000 nan nan nan 1.423067 2.258247 3.450841 -10.379500 2.986091 -1.023193 0.000000 0.892789 3707
car -1 -1 nan 79411.000000 nan nan nan 1.397348 1.827633 4.358932 -3.987529 3.228340 -1.079854 0.000000 0.966733 3696
car -1 -1 nan 79407.000000 nan nan nan 1.278094 0.816294 3.507702 -22.281058 -2.662118 -1.053241 0.000000 0.940450 3670
car -1 -1 nan 79398.000000 nan nan nan 1.624745 1.826339 3.162757 -17.255014 -3.023075 -0.884747 0.000000 0.924451 3675
car -1 -1 nan 79408.000000 nan nan nan 1.491358 1.740981 3.247147 -15.489353 2.712956 -1.039209 0.000000 0.933329 3664
car -1 -1 nan 79410.000000 nan nan nan 1.293946 1.258208 3.491550 -27.659019 -3.148724 -1.045624 0.000000 0.927020 3658
bicyclist -1 -1 nan 79412.000000 nan nan nan 1.622623 0.673660 1.581476 -9.222408 1.803319 -0.978480 0.000000 0.927004 984
