car -1 -1 nan 79918.000000 nan nan nan 1.101360 0.567309 1.270392 22.536833 -12.315504 -1.208013 0.000000 0.857881 3789
other-vehicle -1 -1 nan 79923.000000 nan nan nan 1.078981 1.306620 1.060047 -18.529107 -5.103645 -0.838775 0.000000 0.673262 3788
car -1 -1 nan 79933.000000 nan nan nan 1.112275 1.560686 1.768336 43.390038 -10.553191 -1.385227 0.000000 0.823329 3786
other-vehicle -1 -1 nan 79936.000000 nan nan nan 1.025550 0.749829 0.587813 -20.347419 -6.395859 -0.844705 0.000000 0.614403 3778
car -1 -1 nan 79921.000000 nan nan nan 1.058419 1.232387 2.895522 32.717439 -7.104485 -1.188922 0.000000 0.907901 3774
car -1 -1 nan 79927.000000 nan nan nan 1.232074 2.292229 3.078560 28.262117 -4.964783 -1.139780 0.000000 0.941666 3773
car -1 -1 nan 79916.000000 nan nan nan 1.369970 1.727163 3.877906 3.260944 4.400154 -0.993024 0.000000 0.955777 3753
car -1 -1 nan 79913.000000 nan nan nan 1.371020 2.075542 3.114309 -27.421922 -5.319998 -0.804486 0.000000 0.843652 3745
truck -1 -1 nan 79922.000000 nan nan nan 2.095176 3.765647 6.432491 -6.052810 3.778413 -0.556905 0.000000 0.832297 3724
car -1 -1 nan 79934.000000 nan nan nan 1.296980 2.015483 3.702754 -26.994768 -1.666944 -0.892298 0.000000 0.885919 3707
car -1 -1 nan 79926.000000 nan nan nan 1.435358 2.606050 4.567857 -20.927769 0.070406 -0.904002 0.000000 0.934330 3696
car -1 -1 nan 79930.000000 nan nan nan 0.354901 1.347642 1.146970 -33.138377 -9.006914 -0.282994 0.000000 0.848414 3675
car -1 -1 nan 79931.000000 nan nan nan 1.398063 2.122722 3.519761 -31.965611 -2.937460 -0.887617 0.000000 0.952705 3664
person -1 -1 nan 79909.000000 nan nan nan 0.712382 0.553121 0.288112 41.068363 -17.209737 -1.468716 0.000000 0.861359 748
person -1 -1 nan 79928.000000 nan nan nan 0.889611 0.506614 0.327220 39.184509 -16.863628 -0.774850 0.000000 0.855362 747
bicyclist -1 -1 nan 79924.000000 nan nan nan 1.386965 0.643745 0.632053 -36.091790 -5.284064 -0.695590 0.000000 0.893762 995
bicyclist -1 -1 nan 79914.000000 nan nan nan 1.188483 0.527302 0.787127 44.042134 -14.594066 -1.100352 0.000000 0.840421 996
