car -1 -1 nan 80471.000000 nan nan nan 1.595920 2.089458 1.641473 19.847900 -25.162306 -1.391551 0.000000 0.893048 3806
car -1 -1 nan 80480.000000 nan nan nan 1.049641 2.009236 1.393709 15.968665 -19.661771 -1.240599 0.000000 0.864042 3807
car -1 -1 nan 80486.000000 nan nan nan 0.937007 0.740830 3.115064 46.478333 4.663970 -0.953163 0.000000 0.629348 3804
car -1 -1 nan 80490.000000 nan nan nan 1.241870 3.320727 2.307341 12.764615 -15.269116 -1.277909 0.000000 0.941450 3805
car -1 -1 nan 80484.000000 nan nan nan 1.389255 1.749276 1.730836 9.962505 -11.341795 -1.179234 0.000000 0.909276 3802
car -1 -1 nan 80465.000000 nan nan nan 1.073291 1.027364 0.842369 -46.204478 -17.158145 -1.348176 0.000000 0.825346 3799
car -1 -1 nan 80492.000000 nan nan nan 0.585371 0.531801 0.667032 -34.768939 -15.821106 -0.977755 0.000000 0.634341 3798
other-vehicle -1 -1 nan 80470.000000 nan nan nan 0.982788 1.001716 0.859600 -33.760194 -14.406079 -1.206435 0.000000 0.826896 3797
car -1 -1 nan 80475.000000 nan nan nan 1.362280 3.937250 2.426252 7.273689 -7.284726 -1.048397 0.000000 0.943976 3789
car -1 -1 nan 80468.000000 nan nan nan 1.231511 1.586932 2.839011 26.083295 3.734191 -0.904106 0.000000 0.883301 3786
car -1 -1 nan 80483.000000 nan nan nan 1.316275 1.544252 3.433404 14.623040 3.437915 -0.926892 0.000000 0.959614 3774
car -1 -1 nan 80464.000000 nan nan nan 1.366600 1.709287 3.686519 9.750324 3.397904 -0.908308 0.000000 0.941901 3773
car -1 -1 nan 80474.000000 nan nan nan 1.353538 2.567471 3.864335 -16.656227 2.756228 -1.106958 0.000000 0.950538 3753
car -1 -1 nan 80478.000000 nan nan nan 1.247261 3.221783 3.044017 -27.347162 -7.669788 -1.103174 0.000000 0.882353 3745
truck -1 -1 nan 80460.000000 nan nan nan 2.810443 5.494371 6.029437 -24.697629 -1.524198 -0.362953 0.000000 0.879516 3724
car -1 -1 nan 80448.000000 nan nan nan 0.477392 0.727193 0.601934 -36.832803 -8.810684 -1.376599 0.000000 0.694188 3696
bicyclist -1 -1 nan 80473.000000 nan nan nan 1.362860 0.631524 1.101112 35.597217 0.146354 -0.801747 0.000000 0.890090 996
