car -1 -1 nan 81296.000000 nan nan nan 1.104402 1.046385 1.805027 33.262785 3.174786 -0.238619 0.000000 0.773440 3838
other-vehicle -1 -1 nan 81307.000000 nan nan nan 0.364823 0.739107 0.618205 18.220734 -9.682731 -0.027129 0.000000 0.851763 3839
car -1 -1 nan 81285.000000 nan nan nan 1.116461 1.293765 1.289680 41.821158 2.838410 -0.055123 0.000000 0.748860 3834
car -1 -1 nan 81273.000000 nan nan nan 0.644210 1.823094 1.576360 -1.750566 -23.596640 -0.325237 0.000000 0.881541 3816
car -1 -1 nan 81292.000000 nan nan nan 1.136255 2.311025 2.724324 -4.447201 -19.045947 -0.822678 0.000000 0.940168 3807
car -1 -1 nan 81305.000000 nan nan nan 1.161493 1.648797 3.294323 26.703943 3.065300 -0.394572 0.000000 0.872138 3804
car -1 -1 nan 81300.000000 nan nan nan 1.530351 3.378590 3.337983 -7.300577 -14.607351 -0.883752 0.000000 0.960717 3805
car -1 -1 nan 81304.000000 nan nan nan 1.360108 3.274345 3.067865 -9.950684 -10.688012 -1.024560 0.000000 0.924959 3802
car -1 -1 nan 81284.000000 nan nan nan 1.306112 3.712628 3.186290 -12.462081 -6.558061 -1.160466 0.000000 0.922325 3789
car -1 -1 nan 81289.000000 nan nan nan 1.384559 1.758734 3.460610 6.390982 3.302862 -0.869676 0.000000 0.906844 3786
car -1 -1 nan 81293.000000 nan nan nan 1.471292 1.861329 3.507676 -4.751206 3.823740 -1.087380 0.000000 0.912925 3774
car -1 -1 nan 81303.000000 nan nan nan 1.412621 1.644150 3.304871 -9.681059 3.906384 -1.280342 0.000000 0.900672 3773
car -1 -1 nan 81297.000000 nan nan nan 1.189146 2.222740 3.304840 -36.419656 4.867445 -2.071843 0.000000 0.900778 3753
car -1 -1 nan 81309.000000 nan nan nan 1.313057 1.959617 3.611916 -29.823136 0.563570 -1.662418 0.000000 0.818283 3745
truck -1 -1 nan 81287.000000 nan nan nan 2.437099 4.309487 4.057938 -44.724552 1.503921 -1.296646 0.000000 0.863395 3724
person -1 -1 nan 81213.000000 nan nan nan 0.243836 0.274990 0.461408 14.860620 -12.671277 0.896796 0.000000 0.714800 759
bicyclist -1 -1 nan 81295.000000 nan nan nan 1.502091 0.545968 1.332754 16.375736 2.070239 -0.539628 0.000000 0.932195 1002
bicyclist -1 -1 nan 81272.000000 nan nan nan 1.419772 0.583340 1.018731 24.067622 -1.037139 -0.147770 0.000000 0.916314 996
