other-vehicle -1 -1 nan 79322.000000 nan nan nan 0.436337 0.846636 0.987801 -0.398486 -2.488441 -0.491036 0.000000 0.354077 3727
car -1 -1 nan 79327.000000 nan nan nan 0.722115 2.663764 2.221593 44.835673 -13.534946 -0.581419 0.000000 0.745240 3773
car -1 -1 nan 79331.000000 nan nan nan 0.435521 1.086546 0.237782 -41.638371 -14.572401 -1.196705 0.000000 0.737620 3769
car -1 -1 nan 79344.000000 nan nan nan 1.072465 4.023395 1.156453 -45.653690 16.416847 -1.863771 0.000000 0.908830 3754
car -1 -1 nan 79335.000000 nan nan nan 1.227203 2.441247 3.439051 23.043594 1.503577 -0.850318 0.000000 0.908008 3753
car -1 -1 nan 79334.000000 nan nan nan 1.481867 2.257142 4.216373 -26.766052 0.687552 -1.147963 0.000000 0.927757 3745
truck -1 -1 nan 79342.000000 nan nan nan 2.356192 2.961126 6.519638 13.666600 3.205413 -0.397846 0.000000 0.776305 3724
other-vehicle -1 -1 nan 79316.000000 nan nan nan 0.968775 1.173167 0.706640 -2.207719 -2.642530 -0.783035 0.000000 0.306160 3710
car -1 -1 nan 79336.000000 nan nan nan 1.459034 1.865861 3.488369 -8.232899 3.383144 -1.118620 0.000000 0.925036 3707
car -1 -1 nan 79333.000000 nan nan nan 1.282686 1.992654 4.527713 -1.804221 3.349874 -0.924046 0.000000 0.958089 3696
car -1 -1 nan 79338.000000 nan nan nan 1.343265 0.870807 3.393823 -19.907594 -2.064727 -1.172424 0.000000 0.928948 3670
car -1 -1 nan 79326.000000 nan nan nan 1.576649 1.835225 3.185843 -15.155297 -2.624087 -1.005556 0.000000 0.931701 3675
car -1 -1 nan 79337.000000 nan nan nan 1.466369 1.700028 3.551682 -13.209357 3.143020 -1.115679 0.000000 0.924153 3664
car -1 -1 nan 79340.000000 nan nan nan 1.396976 1.528809 3.565423 -25.094822 -2.452791 -1.173513 0.000000 0.952307 3658
person -1 -1 nan 79269.000000 nan nan nan 0.441122 0.449151 0.324114 -46.996308 21.889801 -0.909404 0.000000 0.494657 744
bicyclist -1 -1 nan 79341.000000 nan nan nan 1.723782 0.663097 1.690335 -5.561534 1.991218 -0.992395 0.000000 0.910768 984
