car -1 -1 nan 81988.000000 nan nan nan 0.531598 0.305030 0.597718 -48.111228 -2.332432 -2.085910 0.000000 0.696431 3852
car -1 -1 nan 81987.000000 nan nan nan 0.601810 0.315305 1.931971 45.303838 -0.305154 -0.035256 0.000000 0.710117 3851
car -1 -1 nan 81993.000000 nan nan nan 1.162432 0.656574 3.364357 30.287543 0.638332 -0.432551 0.000000 0.872613 3850
car -1 -1 nan 82006.000000 nan nan nan 1.119597 1.082916 1.190394 34.876969 0.510293 -0.272058 0.000000 0.761520 3846
car -1 -1 nan 81990.000000 nan nan nan 0.347926 1.447460 1.153398 -29.140929 -13.234916 -1.313324 0.000000 0.834446 3844
car -1 -1 nan 82004.000000 nan nan nan 1.354954 1.830937 3.550451 12.102197 2.363042 -0.777573 0.000000 0.951078 3838
car -1 -1 nan 81998.000000 nan nan nan 1.591701 1.954416 4.083793 22.610775 1.418688 -0.432490 0.000000 0.869717 3834
car -1 -1 nan 81999.000000 nan nan nan 1.374494 1.766878 3.538446 6.031674 2.290185 -0.881777 0.000000 0.905978 3804
car -1 -1 nan 81982.000000 nan nan nan 0.501631 1.057685 0.702360 -31.197807 -8.976532 -1.398969 0.000000 0.791756 3802
car -1 -1 nan 81997.000000 nan nan nan 1.128627 2.473503 2.281614 -33.629474 -4.992557 -1.782458 0.000000 0.903663 3789
car -1 -1 nan 81986.000000 nan nan nan 1.308003 1.555568 3.227239 -13.997479 3.360716 -1.338545 0.000000 0.943453 3786
car -1 -1 nan 82001.000000 nan nan nan 1.207726 1.454504 2.477261 -24.701599 4.347548 -1.598799 0.000000 0.869751 3774
car -1 -1 nan 81994.000000 nan nan nan 0.213266 1.169302 0.931391 -29.796902 4.609024 -1.238448 0.000000 0.719654 3773
car -1 -1 nan 82003.000000 nan nan nan 1.329025 1.806157 3.204463 -31.163756 0.503968 -1.699306 0.000000 0.679155 3745
person -1 -1 nan 81941.000000 nan nan nan 0.392538 0.388208 0.292493 -20.850396 -4.243512 -1.066434 0.000000 0.865850 771
person -1 -1 nan 81961.000000 nan nan nan 1.144731 1.557043 2.054355 -5.691622 -12.173669 -0.373857 0.000000 0.852688 759
bicyclist -1 -1 nan 82005.000000 nan nan nan 1.491703 0.491942 1.523747 -16.645367 2.234619 -1.408370 0.000000 0.892852 1039
bicycle -1 -1 nan 81971.000000 nan nan nan 0.401992 0.772238 1.493365 -8.616620 -7.301136 -0.941362 0.000000 0.446867 1029
bicycle -1 -1 nan 81991.000000 nan nan nan 1.220602 1.373449 1.952919 -6.067410 -11.045103 -0.614461 0.000000 0.911749 1030
bicyclist -1 -1 nan 81989.000000 nan nan nan 1.741338 0.578100 1.518129 12.720907 -2.179406 -0.626856 0.000000 0.927013 996
