car -1 -1 nan 82912.000000 nan nan nan 0.991910 2.156775 1.554986 41.124612 3.718212 -0.801685 0.000000 0.927577 3881
car -1 -1 nan 82914.000000 nan nan nan 1.318157 1.781785 3.224529 21.984079 -2.409558 -0.852467 0.000000 0.933290 3860
car -1 -1 nan 82915.000000 nan nan nan 1.270654 1.702144 3.607419 11.922357 2.841095 -0.932951 0.000000 0.941546 3851
car -1 -1 nan 82910.000000 nan nan nan 0.980935 1.675960 3.553569 -3.405091 2.338397 -0.924540 0.000000 0.956637 3850
car -1 -1 nan 82922.000000 nan nan nan 1.069388 1.412472 3.159761 1.561253 2.338493 -0.857186 0.000000 0.919563 3846
car -1 -1 nan 82918.000000 nan nan nan 1.240096 1.060901 4.298975 -21.923153 1.741236 -1.237196 0.000000 0.924101 3838
car -1 -1 nan 82916.000000 nan nan nan 1.626616 2.036883 4.634030 -11.050343 2.111417 -0.969796 0.000000 0.974515 3834
car -1 -1 nan 82913.000000 nan nan nan 1.122951 1.144141 2.216598 -26.794595 1.342091 -1.209934 0.000000 0.894929 3804
car -1 -1 nan 82917.000000 nan nan nan 1.051242 1.357378 1.151013 -47.112383 0.876859 -1.524047 0.000000 0.827175 3786
car -1 -1 nan 82921.000000 nan nan nan 1.236235 1.635613 3.043874 -28.960584 -1.336176 -1.188286 0.000000 0.793171 3745
person -1 -1 nan 82893.000000 nan nan nan 0.605533 0.266036 0.324086 -50.038861 -6.611042 -0.679667 0.000000 0.866815 779
person -1 -1 nan 82907.000000 nan nan nan 1.030727 0.633277 0.858459 -48.511248 -6.203961 -1.357985 0.000000 0.809307 780
bicyclist -1 -1 nan 82920.000000 nan nan nan 1.673506 0.665208 1.773027 -4.947399 -2.055534 -0.931402 0.000000 0.906230 996
