car -1 -1 nan 83393.000000 nan nan nan 1.039929 0.378599 3.077349 -34.299703 0.693870 -1.760571 0.000000 0.755067 3850
car -1 -1 nan 83378.000000 nan nan nan 1.027841 0.790747 1.211608 -50.629372 2.705394 -1.270834 0.000000 0.676138 3898
car -1 -1 nan 83391.000000 nan nan nan 0.847911 1.811078 1.468810 37.981621 4.077470 -0.424428 0.000000 0.797737 3896
car -1 -1 nan 83388.000000 nan nan nan 1.380928 1.678365 3.352049 11.024796 3.016300 -0.753422 0.000000 0.950339 3881
car -1 -1 nan 83395.000000 nan nan nan 1.453214 1.753733 4.239745 -7.876945 -2.965678 -1.121057 0.000000 0.967795 3860
car -1 -1 nan 83390.000000 nan nan nan 1.341937 1.838355 3.888635 -18.713130 2.135915 -1.370019 0.000000 0.926878 3851
car -1 -1 nan 83398.000000 nan nan nan 1.209728 1.423663 3.398091 -29.103847 1.427505 -1.569738 0.000000 0.904426 3846
car -1 -1 nan 83396.000000 nan nan nan 1.267884 1.411009 2.372643 -40.871509 0.841517 -1.862892 0.000000 0.843777 3834
car -1 -1 nan 83400.000000 nan nan nan 1.340093 1.899424 3.002056 -32.723016 -1.019922 -1.686389 0.000000 0.860114 3745
bicyclist -1 -1 nan 83397.000000 nan nan nan 1.601056 0.634623 1.124248 -23.969308 -2.438852 -1.385988 0.000000 0.936605 996
