car -1 -1 nan 82644.000000 nan nan nan 0.687074 0.352198 0.402843 -24.880997 10.891895 -1.991798 0.000000 0.687476 3879
car -1 -1 nan 82648.000000 nan nan nan 0.703204 1.340256 1.920212 35.050589 4.280604 -0.047185 0.000000 0.789540 3866
car -1 -1 nan 82640.000000 nan nan nan 1.027780 1.590266 3.017343 34.485954 -2.918505 -0.668069 0.000000 0.491788 3860
car -1 -1 nan 82645.000000 nan nan nan 1.195107 1.471478 3.119905 24.294999 2.403496 -0.755628 0.000000 0.941659 3851
car -1 -1 nan 82642.000000 nan nan nan 1.346072 1.910745 4.074349 8.529317 2.510392 -0.878209 0.000000 0.946567 3850
car -1 -1 nan 82651.000000 nan nan nan 1.318784 1.591050 3.192149 13.984290 2.177211 -0.813501 0.000000 0.937819 3846
car -1 -1 nan 82649.000000 nan nan nan 1.343862 1.724147 3.418564 -8.946733 2.392171 -1.148365 0.000000 0.949115 3838
car -1 -1 nan 82652.000000 nan nan nan 1.559227 1.696761 4.195084 1.361559 2.191926 -0.778123 0.000000 0.951549 3834
car -1 -1 nan 82639.000000 nan nan nan 1.318353 1.583227 3.513898 -15.110014 1.865901 -1.243439 0.000000 0.933341 3804
car -1 -1 nan 82650.000000 nan nan nan 1.307018 1.612697 1.747307 -34.798643 1.856906 -1.590506 0.000000 0.931814 3786
car -1 -1 nan 82643.000000 nan nan nan 1.273156 1.839218 2.661391 -30.008647 -1.212716 -1.378576 0.000000 0.927574 3745
bicyclist -1 -1 nan 82656.000000 nan nan nan 1.546101 0.424696 1.563478 1.814200 -2.227828 -0.756321 0.000000 0.910819 996
