car -1 -1 nan 82443.000000 nan nan nan 0.980615 0.996628 0.761585 -29.848422 -19.222632 -0.333172 0.000000 0.782108 3872
car -1 -1 nan 82468.000000 nan nan nan 0.826934 1.656581 0.875030 39.843145 -3.008977 -0.567579 0.000000 0.660621 3860
car -1 -1 nan 82462.000000 nan nan nan 1.153359 1.256186 2.664088 30.713077 2.317944 -0.495079 0.000000 0.847451 3851
car -1 -1 nan 82471.000000 nan nan nan 1.203540 1.495704 3.602436 15.099105 2.248601 -0.774558 0.000000 0.929260 3850
car -1 -1 nan 82466.000000 nan nan nan 1.305772 1.323151 2.751205 20.162794 2.090546 -0.639439 0.000000 0.941626 3846
car -1 -1 nan 82472.000000 nan nan nan 1.121497 1.682864 3.431004 -2.706121 2.446166 -0.866124 0.000000 0.950068 3838
car -1 -1 nan 82459.000000 nan nan nan 1.651284 2.036562 4.210285 7.497327 2.318142 -0.724953 0.000000 0.962224 3834
car -1 -1 nan 82463.000000 nan nan nan 1.376750 1.576789 3.662935 -8.632500 1.948940 -1.199097 0.000000 0.926648 3804
car -1 -1 nan 82461.000000 nan nan nan 0.495980 0.781440 0.611984 -48.355626 -6.919666 -2.288951 0.000000 0.745040 3789
car -1 -1 nan 82457.000000 nan nan nan 1.291651 1.600502 2.637989 -28.865816 1.931813 -1.602242 0.000000 0.823217 3786
car -1 -1 nan 82474.000000 nan nan nan 1.348829 1.624260 3.093589 -30.996516 -1.374524 -1.579671 0.000000 0.696649 3745
bicyclist -1 -1 nan 82475.000000 nan nan nan 1.157819 0.438553 1.701904 -41.435037 0.477194 -1.643081 0.000000 0.933430 1039
bicycle -1 -1 nan 82446.000000 nan nan nan 1.177770 1.077763 1.635548 -19.146838 -13.216245 -0.718249 0.000000 0.847125 1030
bicyclist -1 -1 nan 82470.000000 nan nan nan 1.727758 0.581738 2.144488 4.958979 -2.073938 -0.817723 0.000000 0.935364 996
