car -1 -1 nan 83366.000000 nan nan nan 0.750373 0.390513 1.281244 -48.991139 2.989124 -0.927446 0.000000 0.563232 3898
car -1 -1 nan 83368.000000 nan nan nan 0.707613 1.725050 1.388133 40.002483 3.899305 -0.404495 0.000000 0.720674 3896
car -1 -1 nan 83365.000000 nan nan nan 1.378554 1.664603 3.570759 13.172145 2.994988 -0.735388 0.000000 0.934922 3881
car -1 -1 nan 83370.000000 nan nan nan 1.421864 1.742804 3.836140 -5.710611 -2.890383 -1.106202 0.000000 0.963733 3860
car -1 -1 nan 83367.000000 nan nan nan 1.340324 1.901880 3.660482 -16.512073 2.235650 -1.265375 0.000000 0.959741 3851
car -1 -1 nan 83362.000000 nan nan nan 1.156027 0.468814 3.160684 -32.178119 0.774100 -1.608011 0.000000 0.805425 3850
car -1 -1 nan 83373.000000 nan nan nan 1.296070 1.693470 3.195313 -26.982672 1.557275 -1.486652 0.000000 0.950974 3846
car -1 -1 nan 83374.000000 nan nan nan 0.452486 0.376433 0.797171 -38.522438 0.691540 -1.947823 0.000000 0.454163 3834
car -1 -1 nan 83369.000000 nan nan nan 1.449133 3.231454 3.278875 -32.051410 -1.018357 -1.543093 0.000000 0.840248 3745
bicyclist -1 -1 nan 83371.000000 nan nan nan 1.592820 0.702848 1.306540 -22.615153 -2.438496 -1.299229 0.000000 0.882739 996
