car -1 -1 nan 82567.000000 nan nan nan 0.541737 0.371567 1.163247 -47.966289 0.309961 -1.544055 0.000000 0.739648 3878
car -1 -1 nan 82568.000000 nan nan nan 0.550505 1.137315 1.487708 37.550567 4.205812 0.145929 0.000000 0.791563 3866
car -1 -1 nan 82583.000000 nan nan nan 0.876044 1.688405 3.262738 36.844923 -2.812150 -0.590748 0.000000 0.649626 3860
car -1 -1 nan 82575.000000 nan nan nan 1.263876 1.328005 2.854113 26.723908 2.444391 -0.617357 0.000000 0.895903 3851
car -1 -1 nan 82579.000000 nan nan nan 1.232128 1.723734 4.365185 11.127075 2.423889 -0.825570 0.000000 0.939325 3850
car -1 -1 nan 82573.000000 nan nan nan 1.294336 1.537769 2.969999 16.290961 2.262674 -0.726683 0.000000 0.944662 3846
car -1 -1 nan 82578.000000 nan nan nan 1.354006 1.746759 3.475984 -6.619101 2.409753 -1.132012 0.000000 0.950505 3838
car -1 -1 nan 82580.000000 nan nan nan 1.614196 2.107825 4.226533 3.540235 2.293550 -0.758032 0.000000 0.953989 3834
car -1 -1 nan 82572.000000 nan nan nan 1.300621 1.608930 3.922002 -12.722047 1.895239 -1.214690 0.000000 0.934150 3804
car -1 -1 nan 82582.000000 nan nan nan 1.295236 1.643569 2.624476 -32.959783 1.859506 -1.676567 0.000000 0.834937 3786
car -1 -1 nan 82571.000000 nan nan nan 1.141502 1.651390 3.297516 -30.529143 -1.385592 -1.496415 0.000000 0.875688 3745
bicycle -1 -1 nan 82509.000000 nan nan nan 0.850246 0.526544 0.278040 -22.869371 -12.867410 -0.831065 0.000000 0.498267 1030
bicyclist -1 -1 nan 82566.000000 nan nan nan 1.675640 0.568828 1.849449 2.936094 -2.059989 -0.793928 0.000000 0.919956 996
