car -1 -1 nan 82726.000000 nan nan nan 0.782812 1.540022 1.271311 49.482696 2.883164 -0.583856 0.000000 0.871168 3881
car -1 -1 nan 82729.000000 nan nan nan 1.227576 1.553492 1.818650 31.060966 4.555367 -0.108910 0.000000 0.877459 3866
car -1 -1 nan 82737.000000 nan nan nan 1.327203 1.684794 3.177979 30.610578 -2.699818 -0.684715 0.000000 0.860654 3860
car -1 -1 nan 82723.000000 nan nan nan 1.168505 1.710891 3.215943 20.319976 2.692351 -0.775501 0.000000 0.919629 3851
car -1 -1 nan 82727.000000 nan nan nan 1.297406 1.724212 3.929175 4.693232 2.366169 -0.994835 0.000000 0.942605 3850
car -1 -1 nan 82734.000000 nan nan nan 1.343712 1.477492 3.212196 9.914765 2.236003 -0.846090 0.000000 0.959260 3846
car -1 -1 nan 82725.000000 nan nan nan 1.321826 1.757171 3.326163 -12.942078 2.291937 -1.189985 0.000000 0.940928 3838
car -1 -1 nan 82732.000000 nan nan nan 1.206139 1.868140 4.330054 -2.565390 2.205333 -0.618327 0.000000 0.957204 3834
car -1 -1 nan 82733.000000 nan nan nan 1.313951 1.566860 3.725543 -19.027742 1.700272 -1.291201 0.000000 0.866608 3804
car -1 -1 nan 82731.000000 nan nan nan 1.094116 1.535316 0.968837 -38.565277 1.491867 -1.557169 0.000000 0.860901 3786
car -1 -1 nan 82728.000000 nan nan nan 1.295196 1.853208 2.369694 -29.238041 -1.275802 -1.420859 0.000000 0.827166 3745
bicyclist -1 -1 nan 82736.000000 nan nan nan 1.136276 0.466276 1.112061 -0.533732 -2.228152 -0.513090 0.000000 0.834073 996
