car -1 -1 nan 82276.000000 nan nan nan 0.125045 0.740313 1.572640 45.955883 2.572455 0.344141 0.000000 0.756221 3866
car -1 -1 nan 82319.000000 nan nan nan 0.149518 0.621435 0.542318 -39.348933 -18.057675 -0.974403 0.000000 0.627990 3863
car -1 -1 nan 82307.000000 nan nan nan 1.010240 1.433541 0.932471 44.608007 -4.271980 -0.403007 0.000000 0.693945 3860
car -1 -1 nan 82316.000000 nan nan nan 1.132642 0.416830 2.792285 35.663612 0.868400 -0.680837 0.000000 0.883250 3851
car -1 -1 nan 82310.000000 nan nan nan 1.113779 0.800553 3.470906 20.008593 1.366642 -0.809248 0.000000 0.945483 3850
car -1 -1 nan 82326.000000 nan nan nan 1.211483 1.380612 2.370441 25.038076 1.396276 -0.624511 0.000000 0.918035 3846
car -1 -1 nan 82325.000000 nan nan nan 1.351859 1.696436 3.543785 2.065870 2.383434 -0.958693 0.000000 0.947041 3838
car -1 -1 nan 82323.000000 nan nan nan 1.619783 1.891460 4.116390 12.464180 1.813949 -0.708435 0.000000 0.958929 3834
car -1 -1 nan 82306.000000 nan nan nan 1.070105 1.648878 3.454204 -3.709213 2.139050 -0.898107 0.000000 0.882865 3804
car -1 -1 nan 82317.000000 nan nan nan 0.689331 1.529599 1.815456 -43.802117 -5.824346 -1.868443 0.000000 0.723774 3789
car -1 -1 nan 82314.000000 nan nan nan 1.243425 1.753684 3.131655 -24.146316 2.647466 -1.330519 0.000000 0.912202 3786
car -1 -1 nan 82328.000000 nan nan nan 1.295672 1.325246 3.570814 -35.760978 3.103096 -1.555750 0.000000 0.956309 3774
car -1 -1 nan 82320.000000 nan nan nan 1.409498 1.596375 2.611174 -31.179554 -0.622267 -1.423062 0.000000 0.912550 3745
person -1 -1 nan 82245.000000 nan nan nan 0.677251 0.918661 0.782039 -16.083408 -12.783361 -0.266095 0.000000 0.862414 759
bicyclist -1 -1 nan 82303.000000 nan nan nan 1.317752 0.576173 2.084364 -33.286300 1.664691 -1.462353 0.000000 0.559245 1039
bicycle -1 -1 nan 82313.000000 nan nan nan 0.978946 0.749158 0.371762 -14.654925 -12.611014 -0.420879 0.000000 0.851650 1030
bicyclist -1 -1 nan 82315.000000 nan nan nan 1.709584 0.614647 2.140466 7.363096 -2.214974 -0.794828 0.000000 0.936395 996
