car -1 -1 nan 83115.000000 nan nan nan 1.238240 1.871107 2.976614 28.808194 2.401749 -0.573397 0.000000 0.908463 3881
car -1 -1 nan 83120.000000 nan nan nan 1.459511 1.691091 3.727634 9.259389 -2.894768 -0.806332 0.000000 0.914321 3860
car -1 -1 nan 83112.000000 nan nan nan 1.024767 1.331245 3.487275 -0.662669 2.663275 -0.822377 0.000000 0.949867 3851
car -1 -1 nan 83124.000000 nan nan nan 1.200442 0.912073 3.755654 -16.111493 2.345240 -1.348017 0.000000 0.937607 3850
car -1 -1 nan 83125.000000 nan nan nan 1.313826 1.756289 3.436333 -11.050199 2.511185 -1.176299 0.000000 0.927310 3846
car -1 -1 nan 83126.000000 nan nan nan 1.087383 0.455308 2.598033 -34.319878 2.303830 -1.638307 0.000000 0.818181 3838
car -1 -1 nan 83116.000000 nan nan nan 1.458400 1.824763 4.154643 -23.817610 2.619071 -1.291999 0.000000 0.944287 3834
car -1 -1 nan 83121.000000 nan nan nan 0.612860 0.750412 2.236237 -39.768133 2.151934 -1.849106 0.000000 0.815745 3804
car -1 -1 nan 83128.000000 nan nan nan 1.412979 1.679604 3.429169 -29.761799 -0.241722 -1.500815 0.000000 0.804809 3745
bicyclist -1 -1 nan 83119.000000 nan nan nan 1.711442 0.620051 1.620070 -12.771709 -1.661130 -1.098708 0.000000 0.944655 996
