car -1 -1 nan 81988.000000 nan nan nan 0.531598 0.305030 0.597718 -49.117832 -2.335163 -2.310204 0.000000 0.696431 3852
car -1 -1 nan 82010.000000 nan nan nan 0.499113 0.237171 0.714228 44.101980 -0.272196 -0.140620 0.000000 0.709529 3851
car -1 -1 nan 82021.000000 nan nan nan 1.116945 0.650590 3.097292 29.329497 0.663645 -0.362973 0.000000 0.769727 3850
car -1 -1 nan 82025.000000 nan nan nan 1.090651 1.166424 2.323813 34.138949 0.564745 -0.203265 0.000000 0.829150 3846
car -1 -1 nan 81990.000000 nan nan nan 0.347926 1.447460 1.153398 -30.141051 -13.106742 -1.371154 0.000000 0.834446 3844
car -1 -1 nan 82026.000000 nan nan nan 1.339007 1.890712 3.712839 11.256097 2.410531 -0.759411 0.000000 0.937324 3838
car -1 -1 nan 82014.000000 nan nan nan 1.525200 1.855235 4.144126 21.741251 1.454898 -0.424276 0.000000 0.895217 3834
car -1 -1 nan 82008.000000 nan nan nan 1.378834 1.738066 3.498159 5.186521 2.291581 -0.883568 0.000000 0.951964 3804
car -1 -1 nan 82019.000000 nan nan nan 1.140553 2.337710 2.157349 -34.483632 -4.956297 -1.808675 0.000000 0.915084 3789
car -1 -1 nan 82018.000000 nan nan nan 1.314270 1.601736 3.171017 -14.764659 3.401974 -1.369673 0.000000 0.930424 3786
car -1 -1 nan 82011.000000 nan nan nan 1.244355 1.414499 2.487615 -25.578228 4.297340 -1.684211 0.000000 0.854252 3774
car -1 -1 nan 81994.000000 nan nan nan 0.213266 1.169302 0.931391 -30.474624 4.637231 -1.227082 0.000000 0.719654 3773
car -1 -1 nan 82024.000000 nan nan nan 1.330468 1.996438 4.122284 -31.395473 0.457039 -1.740693 0.000000 0.750053 3745
person -1 -1 nan 82028.000000 nan nan nan 0.957810 0.965903 1.620587 -7.511911 -9.326776 -0.748898 0.000000 0.783649 767
person -1 -1 nan 81941.000000 nan nan nan 0.392538 0.388208 0.292493 -21.546379 -4.193648 -1.120322 0.000000 0.865850 771
person -1 -1 nan 82012.000000 nan nan nan 1.139862 1.586564 1.972263 -6.488234 -12.318420 -0.404150 0.000000 0.814662 759
bicyclist -1 -1 nan 82029.000000 nan nan nan 1.404367 1.370664 1.354109 -17.991491 2.640681 -1.388741 0.000000 0.904196 1039
bicycle -1 -1 nan 81971.000000 nan nan nan 0.401992 0.772238 1.493365 -8.475797 -6.928284 -0.951738 0.000000 0.446867 1029
bicycle -1 -1 nan 81991.000000 nan nan nan 1.220602 1.373449 1.952919 -5.637417 -10.718170 -0.554110 0.000000 0.911749 1030
bicyclist -1 -1 nan 82020.000000 nan nan nan 1.706648 0.601893 1.594767 12.200136 -2.190180 -0.589108 0.000000 0.937872 996
