car -1 -1 nan 81907.000000 nan nan nan 1.016309 0.366797 0.563826 -45.085820 -2.325247 -1.410381 0.000000 0.872917 3852
car -1 -1 nan 81906.000000 nan nan nan 0.929078 0.648084 2.481064 48.124190 -0.257731 -0.794985 0.000000 0.858808 3851
car -1 -1 nan 81913.000000 nan nan nan 1.087980 0.670975 2.956611 32.549643 0.591717 -0.860233 0.000000 0.935297 3850
car -1 -1 nan 81922.000000 nan nan nan 1.157581 0.938759 2.535860 37.791245 0.219652 -0.705537 0.000000 0.686196 3846
car -1 -1 nan 81909.000000 nan nan nan 0.599723 2.259895 1.772973 -26.032185 -13.603713 -1.116198 0.000000 0.843374 3844
car -1 -1 nan 81908.000000 nan nan nan 1.304244 1.449278 3.662227 14.738660 2.132481 -0.938066 0.000000 0.956710 3838
car -1 -1 nan 81919.000000 nan nan nan 1.493408 1.941783 4.211635 25.071155 1.368075 -0.740574 0.000000 0.811770 3834
car -1 -1 nan 81920.000000 nan nan nan 1.350288 1.751107 3.856189 8.522667 2.272687 -0.951902 0.000000 0.944523 3804
car -1 -1 nan 81924.000000 nan nan nan 0.625359 1.067036 0.804605 -28.582416 -9.357129 -1.011145 0.000000 0.781903 3802
car -1 -1 nan 81917.000000 nan nan nan 1.206622 3.351971 2.681481 -31.018007 -5.383685 -1.350819 0.000000 0.926794 3789
car -1 -1 nan 81905.000000 nan nan nan 1.427594 2.305233 4.005956 -11.597644 2.975210 -1.068791 0.000000 0.935522 3786
car -1 -1 nan 81923.000000 nan nan nan 1.170949 1.573418 3.219047 -22.694160 4.461452 -1.235750 0.000000 0.893066 3774
car -1 -1 nan 81911.000000 nan nan nan 1.191376 1.226225 2.874102 -27.722571 4.570382 -1.253550 0.000000 0.861860 3773
car -1 -1 nan 81925.000000 nan nan nan 1.138601 2.107517 3.994485 -31.398445 0.907377 -1.273646 0.000000 0.701092 3745
person -1 -1 nan 81895.000000 nan nan nan 0.797021 0.943453 0.676649 -3.699930 -8.920900 -0.711713 0.000000 0.815110 767
person -1 -1 nan 81872.000000 nan nan nan 1.122241 1.681020 1.828686 -2.780267 -12.407710 -0.199696 0.000000 0.876208 759
bicycle -1 -1 nan 81918.000000 nan nan nan 0.922983 1.389482 1.286523 -10.084124 -8.770472 -0.929071 0.000000 0.892118 1029
bicycle -1 -1 nan 81926.000000 nan nan nan 1.049370 1.551594 0.747231 -8.410136 -13.128661 -0.768443 0.000000 0.894251 1030
bicyclist -1 -1 nan 81927.000000 nan nan nan 1.681328 0.607374 1.712922 14.218922 -2.164642 -0.838524 0.000000 0.938946 996
