car -1 -1 nan 83085.000000 nan nan nan 1.200975 2.110347 2.965865 30.864869 2.748296 -0.426882 0.000000 0.774149 3881
car -1 -1 nan 83082.000000 nan nan nan 1.425299 1.723416 3.497235 11.123897 -2.848204 -0.765993 0.000000 0.922433 3860
car -1 -1 nan 83095.000000 nan nan nan 1.134232 1.425627 3.615660 1.092783 2.666457 -0.900844 0.000000 0.938182 3851
car -1 -1 nan 83084.000000 nan nan nan 1.245585 1.320555 3.534279 -14.334448 2.413852 -1.369840 0.000000 0.947736 3850
car -1 -1 nan 83090.000000 nan nan nan 1.359964 1.814900 3.370171 -9.135378 2.486323 -1.224669 0.000000 0.918208 3846
car -1 -1 nan 83078.000000 nan nan nan 1.205184 0.521626 3.120327 -32.608195 2.181687 -1.854658 0.000000 0.805458 3838
car -1 -1 nan 83089.000000 nan nan nan 1.478172 1.831149 4.414311 -22.013820 2.521594 -1.362627 0.000000 0.915944 3834
car -1 -1 nan 83096.000000 nan nan nan 1.129622 1.039207 1.235578 -37.583179 2.105845 -1.876926 0.000000 0.791151 3804
car -1 -1 nan 83093.000000 nan nan nan 1.322530 2.008072 3.151665 -29.418781 -0.411878 -1.601637 0.000000 0.883904 3745
bicyclist -1 -1 nan 83091.000000 nan nan nan 1.689483 0.614576 1.504706 -11.565362 -1.730868 -1.113239 0.000000 0.927712 996
