car -1 -1 nan 83004.000000 nan nan nan 1.192345 1.964377 1.911389 35.787241 3.477015 -0.660338 0.000000 0.943279 3881
car -1 -1 nan 83006.000000 nan nan nan 1.415721 1.801679 3.596662 16.697111 -2.496992 -0.784629 0.000000 0.939665 3860
car -1 -1 nan 83007.000000 nan nan nan 1.344575 1.739521 3.675664 6.447596 2.769047 -0.922587 0.000000 0.923751 3851
car -1 -1 nan 83011.000000 nan nan nan 1.257987 1.633265 3.588487 -8.738701 2.313811 -1.197175 0.000000 0.950445 3850
car -1 -1 nan 83013.000000 nan nan nan 1.107556 1.861123 3.300722 -3.651956 2.414448 -0.895099 0.000000 0.964006 3846
car -1 -1 nan 83010.000000 nan nan nan 1.217291 0.682804 2.745646 -26.822213 1.619534 -1.439993 0.000000 0.773619 3838
car -1 -1 nan 83008.000000 nan nan nan 1.607374 2.043896 4.926829 -16.594951 2.158831 -1.124900 0.000000 0.936752 3834
car -1 -1 nan 83005.000000 nan nan nan 1.042946 1.372641 1.296255 -32.283368 1.510210 -1.548824 0.000000 0.765323 3804
car -1 -1 nan 83012.000000 nan nan nan 1.260958 1.845693 3.255997 -29.054114 -1.112211 -1.429618 0.000000 0.795208 3745
motorcyclist -1 -1 nan 82998.000000 nan nan nan 0.839446 0.684548 0.918906 42.076811 -4.342886 0.248288 0.000000 0.850095 1052
bicyclist -1 -1 nan 83003.000000 nan nan nan 1.674365 0.691403 1.467481 -8.124988 -1.924145 -1.006107 0.000000 0.934398 996
