car -1 -1 nan 82683.000000 nan nan nan 0.870459 1.554965 1.871504 33.343603 4.423272 -0.147876 0.000000 0.853222 3866
car -1 -1 nan 82688.000000 nan nan nan 1.227778 1.662601 3.181256 33.016028 -2.891740 -0.677226 0.000000 0.729284 3860
car -1 -1 nan 82680.000000 nan nan nan 1.188611 1.523155 2.923456 22.724314 2.437308 -0.741717 0.000000 0.894035 3851
car -1 -1 nan 82685.000000 nan nan nan 1.269262 1.934468 3.924071 7.064629 2.507449 -0.935278 0.000000 0.950014 3850
car -1 -1 nan 82679.000000 nan nan nan 1.342106 1.576766 3.144267 12.334405 2.177184 -0.821771 0.000000 0.960803 3846
car -1 -1 nan 82684.000000 nan nan nan 1.344454 1.648775 4.282748 -10.792172 2.353725 -1.165416 0.000000 0.950059 3838
car -1 -1 nan 82675.000000 nan nan nan 1.273104 1.116650 4.054917 -0.467802 2.509148 -0.652732 0.000000 0.947535 3834
car -1 -1 nan 82677.000000 nan nan nan 1.352429 1.506325 3.306836 -16.603689 1.808247 -1.267910 0.000000 0.917401 3804
car -1 -1 nan 82673.000000 nan nan nan 1.200800 1.579617 2.191496 -36.560561 1.694568 -1.538511 0.000000 0.943585 3786
car -1 -1 nan 82682.000000 nan nan nan 1.303541 1.871209 2.319102 -29.727831 -1.193167 -1.396487 0.000000 0.809295 3745
bicyclist -1 -1 nan 82686.000000 nan nan nan 1.168489 0.455988 1.031790 0.888199 -2.233074 -0.573843 0.000000 0.860611 996
