car -1 -1 nan 82078.000000 nan nan nan 0.257505 1.035335 0.972675 -32.773022 4.525412 -1.112366 0.000000 0.743827 3773
car -1 -1 nan 82089.000000 nan nan nan 0.634159 0.650732 1.000485 -2.047798 13.275198 -2.407658 0.000000 0.815185 3856
car -1 -1 nan 82091.000000 nan nan nan 1.111113 0.460791 1.759721 41.976767 -0.065726 -0.326212 0.000000 0.757937 3851
car -1 -1 nan 82085.000000 nan nan nan 1.124522 0.656535 3.489338 26.936895 0.658243 -0.633782 0.000000 0.853451 3850
car -1 -1 nan 82098.000000 nan nan nan 1.210174 0.929133 2.604330 31.842110 0.529513 -0.410794 0.000000 0.832871 3846
car -1 -1 nan 82097.000000 nan nan nan 1.345430 1.959229 3.808226 8.742115 2.413939 -0.837344 0.000000 0.940153 3838
car -1 -1 nan 82094.000000 nan nan nan 1.645675 2.049337 4.152558 19.178480 1.523514 -0.533440 0.000000 0.886665 3834
car -1 -1 nan 82082.000000 nan nan nan 1.341366 1.930743 3.487907 2.728941 2.360563 -0.924367 0.000000 0.941120 3804
car -1 -1 nan 82103.000000 nan nan nan 0.810932 2.123193 2.195272 -37.062662 -4.970508 -1.750681 0.000000 0.873409 3789
car -1 -1 nan 82086.000000 nan nan nan 1.328193 1.550626 3.158627 -17.271517 3.343910 -1.316100 0.000000 0.924401 3786
car -1 -1 nan 82100.000000 nan nan nan 1.218086 1.423110 2.962934 -28.497957 4.211487 -1.557670 0.000000 0.933633 3774
car -1 -1 nan 82101.000000 nan nan nan 1.159962 1.774788 3.212643 -31.315288 0.181284 -1.422463 0.000000 0.710082 3745
person -1 -1 nan 82105.000000 nan nan nan 0.509500 0.509352 0.423731 -9.635399 -9.213578 -0.598147 0.000000 0.676390 767
person -1 -1 nan 82012.000000 nan nan nan 1.139862 1.586564 1.972263 -9.133215 -12.272217 -0.533515 0.000000 0.814662 759
bicyclist -1 -1 nan 82099.000000 nan nan nan 1.370368 0.543556 2.437715 -22.396955 2.533046 -1.306087 0.000000 0.901449 1039
bicycle -1 -1 nan 82087.000000 nan nan nan 1.325811 1.429432 2.011212 -8.496325 -12.389335 -0.424224 0.000000 0.824288 1030
bicyclist -1 -1 nan 82093.000000 nan nan nan 1.677423 0.563305 1.645119 10.657597 -2.243701 -0.674113 0.000000 0.894026 996
