car -1 -1 nan 83201.000000 nan nan nan 1.262289 2.111463 3.021819 24.104904 2.429440 -0.684590 0.000000 0.920346 3881
car -1 -1 nan 83203.000000 nan nan nan 1.449343 1.670227 3.701523 4.526042 -2.891202 -0.910031 0.000000 0.926601 3860
car -1 -1 nan 83196.000000 nan nan nan 1.372158 1.931963 3.427340 -5.234901 2.664888 -0.998719 0.000000 0.952677 3851
car -1 -1 nan 83206.000000 nan nan nan 1.159840 0.891476 3.277304 -21.193639 2.177453 -1.319221 0.000000 0.891470 3850
car -1 -1 nan 83209.000000 nan nan nan 1.289522 1.905143 3.117206 -15.725609 2.614401 -1.215084 0.000000 0.907285 3846
car -1 -1 nan 83180.000000 nan nan nan 1.085667 0.269915 3.167058 -39.155138 2.358265 -1.708652 0.000000 0.889209 3838
car -1 -1 nan 83200.000000 nan nan nan 1.630661 1.647955 4.130760 -28.504703 2.505155 -1.252678 0.000000 0.889862 3834
car -1 -1 nan 83208.000000 nan nan nan 0.738858 1.493394 3.075878 -44.377433 1.800708 -1.966897 0.000000 0.720905 3804
car -1 -1 nan 83211.000000 nan nan nan 1.100240 1.895043 3.270801 -30.084577 -0.295778 -1.446788 0.000000 0.816087 3745
bicyclist -1 -1 nan 83202.000000 nan nan nan 1.740046 0.631106 1.475252 -15.885941 -1.685400 -1.082295 0.000000 0.948571 996
