car -1 -1 nan 81860.000000 nan nan nan 1.064273 1.093066 1.746144 49.597086 0.178981 -0.723922 0.000000 0.655923 3851
car -1 -1 nan 81876.000000 nan nan nan 1.086554 0.663445 2.985467 34.455442 0.618090 -0.823746 0.000000 0.884345 3850
car -1 -1 nan 81844.000000 nan nan nan 0.815109 0.938330 1.262272 38.791422 0.095886 -0.457468 0.000000 0.753342 3846
car -1 -1 nan 81863.000000 nan nan nan 0.414716 1.717319 1.142058 -24.180304 -13.763543 -1.056632 0.000000 0.798166 3844
car -1 -1 nan 81871.000000 nan nan nan 1.325876 1.437299 3.381973 16.481919 2.110458 -0.892375 0.000000 0.943367 3838
car -1 -1 nan 81864.000000 nan nan nan 1.473080 1.797868 4.020448 26.812711 1.361452 -0.661884 0.000000 0.898987 3834
car -1 -1 nan 81858.000000 nan nan nan 1.318438 1.776805 3.610706 10.263360 2.285736 -0.914534 0.000000 0.927230 3804
car -1 -1 nan 81877.000000 nan nan nan 0.718696 1.191992 1.768666 -26.875367 -9.765525 -0.927761 0.000000 0.830150 3802
car -1 -1 nan 81870.000000 nan nan nan 1.052770 4.064538 2.601076 -29.263911 -5.650252 -1.303751 0.000000 0.935877 3789
car -1 -1 nan 81869.000000 nan nan nan 1.433710 2.389378 3.188515 -9.611365 2.990977 -1.062620 0.000000 0.912600 3786
car -1 -1 nan 81861.000000 nan nan nan 1.325207 1.606058 3.499683 -21.085355 4.472760 -1.256462 0.000000 0.928422 3774
car -1 -1 nan 81873.000000 nan nan nan 1.296661 1.362578 3.110548 -26.125033 4.590131 -1.266073 0.000000 0.906050 3773
car -1 -1 nan 81867.000000 nan nan nan 1.479120 1.998586 3.355809 -31.354097 1.166065 -1.207663 0.000000 0.796669 3745
person -1 -1 nan 81795.000000 nan nan nan 0.882046 0.949627 1.434412 -2.629025 -9.089660 -0.617904 0.000000 0.881832 767
person -1 -1 nan 81872.000000 nan nan nan 1.122241 1.681020 1.828686 -1.082495 -12.582792 -0.127279 0.000000 0.876208 759
bicycle -1 -1 nan 81874.000000 nan nan nan 0.894016 1.237203 1.159507 -8.361024 -8.802049 -0.882023 0.000000 0.905985 1029
bicycle -1 -1 nan 81862.000000 nan nan nan 0.839527 0.832585 0.675849 -6.716281 -13.002183 -0.722745 0.000000 0.761484 1030
bicyclist -1 -1 nan 81800.000000 nan nan nan 1.798096 0.479318 1.122209 -9.490987 1.858821 -0.977013 0.000000 0.906551 1002
bicyclist -1 -1 nan 81875.000000 nan nan nan 1.631714 0.599100 1.595131 14.909219 -2.140178 -0.781779 0.000000 0.926948 996
