other-vehicle -1 -1 nan 84638.000000 nan nan nan 0.223755 1.102436 1.600884 5.524206 -12.735620 -0.765253 0.000000 0.759112 3941
car -1 -1 nan 84636.000000 nan nan nan 1.292628 1.544362 2.944425 26.462620 2.252848 -0.804473 0.000000 0.949301 3934
car -1 -1 nan 84641.000000 nan nan nan 1.414070 1.703174 3.522452 17.021626 -2.581150 -0.852511 0.000000 0.933273 3932
car -1 -1 nan 84645.000000 nan nan nan 1.263936 2.575557 4.228045 14.630558 2.662963 -0.921034 0.000000 0.935995 3927
car -1 -1 nan 84637.000000 nan nan nan 0.904147 1.622896 2.529523 -44.469385 -0.664822 -1.640211 0.000000 0.845677 3745
car -1 -1 nan 84639.000000 nan nan nan 1.565573 1.873351 3.946514 5.767229 2.630034 -0.849100 0.000000 0.945836 3924
car -1 -1 nan 84647.000000 nan nan nan 1.515090 1.505215 3.768064 5.885557 -2.547016 -0.884080 0.000000 0.949698 3921
car -1 -1 nan 84644.000000 nan nan nan 1.088006 1.175524 3.286385 0.109519 -2.569700 -0.662294 0.000000 0.937467 3911
car -1 -1 nan 84634.000000 nan nan nan 1.290146 1.789503 3.936293 -11.089244 2.372871 -1.119791 0.000000 0.941533 3906
car -1 -1 nan 84646.000000 nan nan nan 1.351157 1.680614 3.625010 -12.471939 -2.651287 -1.143841 0.000000 0.922064 3904
car -1 -1 nan 84640.000000 nan nan nan 1.533881 1.844448 3.189842 -32.220516 2.522669 -1.203842 0.000000 0.902452 3896
person -1 -1 nan 84642.000000 nan nan nan 1.383022 0.523951 0.697750 -3.127178 3.091779 -0.775662 0.000000 0.793899 783
