other-vehicle -1 -1 nan 84748.000000 nan nan nan 0.345233 0.259693 0.447230 1.050459 -12.049527 -0.717442 0.000000 0.484963 3941
car -1 -1 nan 84762.000000 nan nan nan 1.286738 1.643801 3.203343 21.040033 2.360741 -0.846221 0.000000 0.955862 3934
car -1 -1 nan 84769.000000 nan nan nan 1.450289 1.722171 3.903374 11.340217 -2.520564 -0.882634 0.000000 0.928587 3932
car -1 -1 nan 84765.000000 nan nan nan 1.276025 2.056052 4.513523 9.356017 2.515954 -0.954478 0.000000 0.906660 3927
car -1 -1 nan 84760.000000 nan nan nan 1.111334 1.657155 2.622876 -43.873785 -0.985531 -1.389497 0.000000 0.568485 3745
car -1 -1 nan 84767.000000 nan nan nan 1.039563 1.440512 3.859139 0.426941 2.669097 -0.816139 0.000000 0.962778 3924
car -1 -1 nan 84770.000000 nan nan nan 1.165073 1.264062 3.401317 0.525468 -2.572181 -0.680704 0.000000 0.935818 3921
car -1 -1 nan 84758.000000 nan nan nan 1.563737 1.889975 3.498367 -5.222809 -2.523764 -1.007582 0.000000 0.868209 3911
car -1 -1 nan 84773.000000 nan nan nan 1.295812 1.757413 4.398447 -18.457084 2.369203 -1.238196 0.000000 0.919491 3906
car -1 -1 nan 84771.000000 nan nan nan 1.385211 1.689654 3.484740 -17.970826 -2.671291 -1.235066 0.000000 0.921120 3904
car -1 -1 nan 84766.000000 nan nan nan 1.280108 1.640972 2.140010 -37.251417 2.364773 -1.212878 0.000000 0.913929 3896
person -1 -1 nan 84768.000000 nan nan nan 1.548266 0.533289 0.667345 -8.620208 3.130156 -0.985746 0.000000 0.920346 783
