car -1 -1 nan 85122.000000 nan nan nan 1.071117 1.746979 3.125308 33.740146 3.751169 -0.584706 0.000000 0.861879 3946
car -1 -1 nan 85119.000000 nan nan nan 1.454617 1.597872 3.495782 4.082905 2.453760 -0.877095 0.000000 0.935651 3934
car -1 -1 nan 85133.000000 nan nan nan 1.468901 1.801986 4.144733 -4.824886 -2.616474 -1.029542 0.000000 0.941409 3932
car -1 -1 nan 85125.000000 nan nan nan 1.685814 1.779339 4.664614 -6.976073 2.321579 -1.039201 0.000000 0.940885 3927
car -1 -1 nan 85120.000000 nan nan nan 0.496768 1.133724 0.618762 -43.672473 -1.575325 -2.180364 0.000000 0.628677 3745
car -1 -1 nan 85127.000000 nan nan nan 1.350829 2.210772 4.772022 -16.402765 2.486186 -1.221710 0.000000 0.944789 3924
car -1 -1 nan 85132.000000 nan nan nan 1.458809 1.459812 3.350350 -16.105726 -2.778927 -1.178528 0.000000 0.926686 3921
car -1 -1 nan 85123.000000 nan nan nan 1.391143 1.328031 3.160701 -22.160150 -2.792252 -1.339844 0.000000 0.943751 3911
car -1 -1 nan 85130.000000 nan nan nan 0.693990 1.970962 2.285344 -38.037757 1.849134 -2.005905 0.000000 0.848758 3906
car -1 -1 nan 85126.000000 nan nan nan 1.061022 0.713482 3.229594 -34.211119 -2.929070 -1.689195 0.000000 0.932661 3904
person -1 -1 nan 85128.000000 nan nan nan 0.541610 0.383845 0.335722 -25.432005 2.651428 -0.887135 0.000000 0.762464 783
