car -1 -1 nan 85421.000000 nan nan nan 1.284331 2.168334 3.499242 33.995854 3.406268 -0.984102 0.000000 0.790505 3955
car -1 -1 nan 85413.000000 nan nan nan 1.290065 1.621615 3.574745 17.504929 3.166515 -1.047388 0.000000 0.920910 3946
car -1 -1 nan 85416.000000 nan nan nan 1.446529 1.677358 3.307025 -11.814708 2.503015 -1.008293 0.000000 0.880991 3934
car -1 -1 nan 85420.000000 nan nan nan 1.465069 1.722614 3.662037 -21.108216 -2.474327 -1.050691 0.000000 0.925737 3932
car -1 -1 nan 85424.000000 nan nan nan 1.172901 1.720114 4.361110 -23.160253 2.496390 -1.100745 0.000000 0.941501 3927
car -1 -1 nan 85409.000000 nan nan nan 0.516358 1.056844 1.002000 -46.196897 -0.229522 -1.349159 0.000000 0.559058 3745
car -1 -1 nan 85418.000000 nan nan nan 1.210297 1.399516 4.076969 -32.665234 2.506880 -1.037953 0.000000 0.855114 3924
car -1 -1 nan 85426.000000 nan nan nan 1.019740 1.244594 2.992421 -32.193213 -2.426000 -0.955326 0.000000 0.834162 3921
car -1 -1 nan 85410.000000 nan nan nan 0.907367 0.289721 1.123431 -37.157002 -2.053769 -1.205528 0.000000 0.834224 3911
car -1 -1 nan 85414.000000 nan nan nan 0.932698 0.484464 1.440414 -49.726303 -1.891726 -1.372105 0.000000 0.754784 3904
person -1 -1 nan 85384.000000 nan nan nan 0.817617 0.568622 1.169094 33.514249 -3.690220 -1.147982 0.000000 0.825165 788
