truck -1 -1 nan 85070.000000 nan nan nan 0.651373 1.455308 2.079126 35.153657 -15.472698 1.206482 0.000000 0.860526 3954
car -1 -1 nan 85068.000000 nan nan nan 0.867221 0.885025 1.430795 40.147223 6.658927 -0.348292 0.000000 0.816912 3953
car -1 -1 nan 85081.000000 nan nan nan 1.049629 1.797231 3.378459 36.929923 3.873568 -0.585947 0.000000 0.899298 3946
car -1 -1 nan 85066.000000 nan nan nan 1.469162 1.673943 3.491008 7.170826 2.502285 -0.846499 0.000000 0.927807 3934
car -1 -1 nan 85079.000000 nan nan nan 1.195942 1.668461 3.890383 -1.687279 -2.689340 -0.781067 0.000000 0.902836 3932
car -1 -1 nan 85075.000000 nan nan nan 1.179516 1.822657 4.763300 -3.982243 2.361395 -0.926448 0.000000 0.881209 3927
car -1 -1 nan 85076.000000 nan nan nan 0.689706 1.474195 0.749443 -43.469151 -1.726390 -2.088660 0.000000 0.769820 3745
car -1 -1 nan 85080.000000 nan nan nan 1.434214 1.933774 3.768028 -12.998865 2.416416 -1.176047 0.000000 0.929694 3924
car -1 -1 nan 85074.000000 nan nan nan 1.467512 1.528260 3.301863 -12.968535 -2.798690 -1.146736 0.000000 0.940882 3921
car -1 -1 nan 85077.000000 nan nan nan 1.365520 1.341120 3.301258 -18.997678 -2.747191 -1.252830 0.000000 0.913310 3911
car -1 -1 nan 85073.000000 nan nan nan 0.854068 1.816906 2.794834 -34.206053 1.701446 -1.715118 0.000000 0.900253 3906
car -1 -1 nan 85078.000000 nan nan nan 1.169151 0.895087 3.655244 -31.546577 -3.021964 -1.618754 0.000000 0.924453 3904
car -1 -1 nan 85067.000000 nan nan nan 0.594133 0.782473 0.368345 -50.412038 1.035721 -1.587175 0.000000 0.774188 3896
person -1 -1 nan 85049.000000 nan nan nan 1.078600 0.539633 0.633836 -22.471783 2.727762 -1.034509 0.000000 0.832469 783
