car -1 -1 nan 84378.000000 nan nan nan 1.029503 1.399178 1.468803 38.915964 2.753394 -0.206292 0.000000 0.814390 3934
car -1 -1 nan 84383.000000 nan nan nan 1.285646 1.258255 1.610680 29.156469 -1.923252 -0.352352 0.000000 0.754717 3932
car -1 -1 nan 84389.000000 nan nan nan 1.039853 0.854250 3.564151 27.716348 2.561868 -0.524725 0.000000 0.941559 3927
car -1 -1 nan 84394.000000 nan nan nan 1.018924 1.488671 2.264694 -46.110632 -0.754550 -2.104023 0.000000 0.684758 3745
car -1 -1 nan 84380.000000 nan nan nan 1.284926 1.808148 3.800009 18.751409 3.000955 -0.590703 0.000000 0.953815 3924
car -1 -1 nan 84388.000000 nan nan nan 1.432687 1.234929 3.687293 19.037557 -2.029723 -0.565066 0.000000 0.916954 3921
car -1 -1 nan 84386.000000 nan nan nan 1.493426 1.614648 3.391579 12.824550 -2.240708 -0.659111 0.000000 0.951100 3911
car -1 -1 nan 84387.000000 nan nan nan 1.403992 1.950608 4.235006 4.674954 2.474019 -0.882906 0.000000 0.957331 3906
car -1 -1 nan 84375.000000 nan nan nan 0.835792 1.183031 3.213175 0.437722 -2.532244 -0.734318 0.000000 0.947170 3904
car -1 -1 nan 84379.000000 nan nan nan 1.633344 1.890937 4.363458 -19.740894 2.288713 -1.220514 0.000000 0.915862 3896
car -1 -1 nan 84393.000000 nan nan nan 1.060164 1.816411 1.539336 -47.449594 1.991886 -2.084341 0.000000 0.874936 3881
