car -1 -1 nan 85302.000000 nan nan nan 0.786493 1.554777 3.123971 40.086710 3.507732 -0.821720 0.000000 0.506669 3955
car -1 -1 nan 85293.000000 nan nan nan 1.258674 1.615434 3.557110 24.177265 3.405805 -0.773917 0.000000 0.948938 3946
car -1 -1 nan 85300.000000 nan nan nan 1.551926 1.772457 3.199686 -5.165173 2.496802 -0.856030 0.000000 0.937788 3934
car -1 -1 nan 85301.000000 nan nan nan 1.368616 1.785747 3.763718 -14.480111 -2.617035 -1.064332 0.000000 0.919044 3932
car -1 -1 nan 85290.000000 nan nan nan 1.243576 1.766379 5.227546 -16.768444 2.461949 -1.196736 0.000000 0.912787 3927
car -1 -1 nan 85304.000000 nan nan nan 0.484255 1.111692 0.738184 -44.879377 -0.677294 -1.828508 0.000000 0.625370 3745
car -1 -1 nan 85297.000000 nan nan nan 1.263184 1.625047 3.422548 -25.782556 2.368202 -1.228496 0.000000 0.935892 3924
car -1 -1 nan 85303.000000 nan nan nan 1.280083 1.340060 3.009786 -25.794172 -2.646662 -1.147907 0.000000 0.932130 3921
car -1 -1 nan 85295.000000 nan nan nan 1.387628 1.190545 3.674577 -31.107032 -2.550926 -1.228817 0.000000 0.786321 3911
car -1 -1 nan 85292.000000 nan nan nan 0.261413 1.377150 0.541441 -49.185133 1.912142 -1.741587 0.000000 0.776938 3906
car -1 -1 nan 85299.000000 nan nan nan 0.907610 0.799685 1.078907 -43.469445 -2.622266 -1.520384 0.000000 0.752121 3904
