car -1 -1 nan 84452.000000 nan nan nan 1.194173 1.465839 2.862775 36.056894 2.571165 -0.585244 0.000000 0.914791 3934
car -1 -1 nan 84456.000000 nan nan nan 1.260653 1.385348 2.906852 26.239001 -2.187738 -0.615985 0.000000 0.933340 3932
car -1 -1 nan 84463.000000 nan nan nan 1.143262 1.592252 3.942933 24.394663 2.652998 -0.714438 0.000000 0.848947 3927
car -1 -1 nan 84461.000000 nan nan nan 1.128484 1.777453 2.416965 -46.108844 -0.480682 -1.685262 0.000000 0.744648 3745
car -1 -1 nan 84462.000000 nan nan nan 1.310195 1.853318 3.979983 15.372953 2.877732 -0.755610 0.000000 0.935636 3924
car -1 -1 nan 84447.000000 nan nan nan 1.475493 1.279005 3.590984 15.539725 -2.187101 -0.708851 0.000000 0.940659 3921
car -1 -1 nan 84459.000000 nan nan nan 1.532918 1.624416 3.353310 9.415421 -2.319676 -0.783083 0.000000 0.917750 3911
car -1 -1 nan 84460.000000 nan nan nan 0.928218 1.336736 4.198848 0.719150 2.558363 -0.833229 0.000000 0.955776 3906
car -1 -1 nan 84453.000000 nan nan nan 1.314244 1.631912 3.527085 -2.851943 -2.503814 -0.864059 0.000000 0.928299 3904
car -1 -1 nan 84450.000000 nan nan nan 1.648495 2.266429 3.936184 -22.894129 2.565864 -1.129859 0.000000 0.918048 3896
car -1 -1 nan 84448.000000 nan nan nan 0.822109 1.558071 0.351460 -50.431317 2.401586 -1.759690 0.000000 0.876902 3881
person -1 -1 nan 84455.000000 nan nan nan 1.539949 0.473066 0.676132 6.365703 3.272281 -0.834934 0.000000 0.811171 783
