car -1 -1 nan 84198.000000 nan nan nan 0.655629 0.692055 1.122792 47.718370 1.256236 -0.114373 0.000000 0.743093 3934
car -1 -1 nan 84206.000000 nan nan nan 1.192566 1.224696 0.966561 37.557408 -2.857424 -0.303451 0.000000 0.799001 3932
car -1 -1 nan 84211.000000 nan nan nan 0.810461 0.843778 1.934888 35.502021 1.590506 -0.564035 0.000000 0.823492 3927
car -1 -1 nan 84210.000000 nan nan nan 0.512839 1.907185 1.493865 -48.158140 1.608690 -2.375712 0.000000 0.717399 3745
car -1 -1 nan 84212.000000 nan nan nan 1.162090 1.548510 3.591329 27.622721 2.266364 -0.494620 0.000000 0.879434 3924
car -1 -1 nan 84202.000000 nan nan nan 1.376050 0.918823 2.990029 27.734778 -2.640099 -0.540139 0.000000 0.733190 3921
car -1 -1 nan 84209.000000 nan nan nan 1.433286 1.584388 3.095660 21.531653 -2.669701 -0.615083 0.000000 0.931780 3911
car -1 -1 nan 84203.000000 nan nan nan 1.330206 1.859421 3.898716 14.695897 2.049265 -0.810269 0.000000 0.959263 3906
car -1 -1 nan 84208.000000 nan nan nan 1.403240 1.607631 3.413467 8.818158 -2.522635 -0.893611 0.000000 0.920107 3904
car -1 -1 nan 84205.000000 nan nan nan 1.699278 2.069860 4.169068 -10.736694 2.944920 -1.041923 0.000000 0.959704 3896
car -1 -1 nan 84207.000000 nan nan nan 1.205057 1.547778 2.677110 -39.317149 3.378224 -1.795287 0.000000 0.936761 3881
