other-vehicle -1 -1 nan 84625.000000 nan nan nan 0.261577 0.637939 1.012005 6.214766 -12.830191 -0.788745 0.000000 0.737269 3941
car -1 -1 nan 84621.000000 nan nan nan 1.310474 1.489526 2.943400 27.362372 2.163825 -0.765899 0.000000 0.886874 3934
car -1 -1 nan 84629.000000 nan nan nan 1.345995 1.689497 3.530015 17.901506 -2.623386 -0.827102 0.000000 0.899011 3932
car -1 -1 nan 84624.000000 nan nan nan 1.215142 1.766339 4.169205 15.582766 2.425833 -0.894919 0.000000 0.928973 3927
car -1 -1 nan 84628.000000 nan nan nan 0.801211 1.661605 2.583920 -44.428864 -0.616074 -1.602385 0.000000 0.782698 3745
car -1 -1 nan 84626.000000 nan nan nan 1.357886 1.814329 3.955098 6.681084 2.600812 -0.886453 0.000000 0.939643 3924
car -1 -1 nan 84631.000000 nan nan nan 1.496949 1.609112 3.693650 6.747744 -2.601577 -0.866362 0.000000 0.947110 3921
car -1 -1 nan 84619.000000 nan nan nan 1.148488 1.272682 3.219502 0.893171 -2.528568 -0.718434 0.000000 0.918259 3911
car -1 -1 nan 84630.000000 nan nan nan 1.277522 1.737110 3.935132 -9.941681 2.387483 -1.119668 0.000000 0.934387 3906
car -1 -1 nan 84623.000000 nan nan nan 1.368987 1.966072 3.760043 -11.585707 -2.665183 -1.135295 0.000000 0.923416 3904
car -1 -1 nan 84622.000000 nan nan nan 1.519009 2.148976 3.479786 -31.341388 2.674451 -1.177408 0.000000 0.941480 3896
person -1 -1 nan 84627.000000 nan nan nan 1.498444 0.593120 0.684494 -2.247964 3.091291 -0.755980 0.000000 0.730547 783
