car -1 -1 nan 85406.000000 nan nan nan 1.239216 2.058013 3.512201 35.145135 3.446193 -1.008109 0.000000 0.841532 3955
car -1 -1 nan 85401.000000 nan nan nan 1.286228 1.688115 3.447341 18.634929 3.223135 -1.046786 0.000000 0.921534 3946
car -1 -1 nan 85403.000000 nan nan nan 1.454330 1.564996 3.147186 -10.658605 2.517118 -0.996679 0.000000 0.913418 3934
car -1 -1 nan 85397.000000 nan nan nan 1.395479 1.710708 3.714799 -20.023804 -2.500020 -1.020499 0.000000 0.953956 3932
car -1 -1 nan 85407.000000 nan nan nan 1.224638 1.756350 4.501539 -22.119100 2.548376 -1.104413 0.000000 0.927911 3927
car -1 -1 nan 85409.000000 nan nan nan 0.516358 1.056844 1.002000 -46.072494 -0.275256 -1.376517 0.000000 0.559058 3745
car -1 -1 nan 85402.000000 nan nan nan 1.267599 1.406519 3.396982 -31.478393 2.479144 -1.024506 0.000000 0.899677 3924
car -1 -1 nan 85408.000000 nan nan nan 1.091244 1.305927 3.863742 -30.695831 -2.451463 -0.970610 0.000000 0.859943 3921
car -1 -1 nan 85410.000000 nan nan nan 0.907367 0.289721 1.123431 -36.235166 -2.154073 -1.165057 0.000000 0.834224 3911
car -1 -1 nan 85400.000000 nan nan nan 1.300349 1.612757 2.478722 -48.662273 -1.805007 -1.307953 0.000000 0.722859 3904
person -1 -1 nan 85384.000000 nan nan nan 0.817617 0.568622 1.169094 34.577695 -3.856015 -1.047024 0.000000 0.825165 788
