car -1 -1 nan 84985.000000 nan nan nan 1.015697 0.747200 0.798987 45.323339 6.254919 -0.373022 0.000000 0.499466 3953
car -1 -1 nan 84976.000000 nan nan nan 0.910242 1.932676 2.916125 42.004335 3.246115 -0.643644 0.000000 0.907151 3946
car -1 -1 nan 84974.000000 nan nan nan 1.434595 1.676289 3.642971 12.214335 2.394811 -0.795894 0.000000 0.920742 3934
car -1 -1 nan 84979.000000 nan nan nan 1.456804 1.795038 3.690320 2.861918 -2.555512 -0.920306 0.000000 0.897994 3932
car -1 -1 nan 84967.000000 nan nan nan 1.042565 1.819331 4.735599 1.016936 2.589098 -0.896621 0.000000 0.964364 3927
car -1 -1 nan 84981.000000 nan nan nan 1.322185 1.380770 2.399146 -43.618085 -1.277739 -1.865777 0.000000 0.624605 3745
car -1 -1 nan 84975.000000 nan nan nan 1.448854 2.049007 3.693643 -7.910305 2.600587 -1.061077 0.000000 0.954036 3924
car -1 -1 nan 84980.000000 nan nan nan 1.498614 1.557883 3.494847 -7.967974 -2.645885 -1.067232 0.000000 0.914253 3921
car -1 -1 nan 84973.000000 nan nan nan 1.505530 1.536487 3.504159 -13.948250 -2.593844 -1.173878 0.000000 0.941997 3911
car -1 -1 nan 84978.000000 nan nan nan 1.225061 1.816033 4.074815 -28.982687 2.142625 -1.482767 0.000000 0.915497 3906
car -1 -1 nan 84971.000000 nan nan nan 1.303235 1.532358 3.169619 -26.629958 -2.811403 -1.483982 0.000000 0.949428 3904
car -1 -1 nan 84968.000000 nan nan nan 1.297618 1.632657 1.699164 -45.910869 1.828353 -1.710261 0.000000 0.857757 3896
person -1 -1 nan 84977.000000 nan nan nan 1.561527 0.518719 0.608379 -17.335163 2.985309 -1.159944 0.000000 0.936603 783
