car -1 -1 nan 85387.000000 nan nan nan 0.913415 2.140852 3.424311 36.308709 3.500776 -0.998168 0.000000 0.839596 3955
car -1 -1 nan 85376.000000 nan nan nan 1.306427 1.629590 3.305723 19.751071 3.264258 -1.005701 0.000000 0.929687 3946
car -1 -1 nan 85383.000000 nan nan nan 1.459843 1.625703 3.126452 -9.533989 2.513159 -1.001513 0.000000 0.894182 3934
car -1 -1 nan 85388.000000 nan nan nan 1.396778 1.756676 3.763134 -18.938535 -2.526754 -1.006046 0.000000 0.945403 3932
car -1 -1 nan 85371.000000 nan nan nan 1.174985 2.067162 4.444233 -21.031789 2.591474 -1.132167 0.000000 0.896224 3927
car -1 -1 nan 85393.000000 nan nan nan 0.600974 1.459719 1.632510 -46.103413 -0.233443 -1.289014 0.000000 0.728237 3745
car -1 -1 nan 85382.000000 nan nan nan 1.268037 1.573464 3.968885 -30.545051 2.484218 -1.040106 0.000000 0.914979 3924
car -1 -1 nan 85390.000000 nan nan nan 1.043406 1.264514 3.888632 -29.585762 -2.483264 -0.953141 0.000000 0.910001 3921
car -1 -1 nan 85389.000000 nan nan nan 1.154494 1.144104 2.126068 -35.655228 -2.426922 -0.923643 0.000000 0.792809 3911
car -1 -1 nan 85375.000000 nan nan nan 0.768017 0.236009 1.183678 -47.377281 -2.259997 -1.481143 0.000000 0.845353 3904
person -1 -1 nan 85384.000000 nan nan nan 0.817617 0.568622 1.169094 35.641142 -4.021809 -0.946066 0.000000 0.825165 788
