car -1 -1 nan 83915.000000 nan nan nan 1.454952 2.494406 1.533249 8.402866 -11.236136 -1.445594 0.000000 0.801234 3920
car -1 -1 nan 83927.000000 nan nan nan 0.688751 1.450801 0.343756 -45.807773 1.777128 -2.214251 0.000000 0.778014 3745
car -1 -1 nan 83916.000000 nan nan nan 1.349818 1.400071 2.598677 36.147200 -2.329763 -0.327423 0.000000 0.801075 3911
car -1 -1 nan 83918.000000 nan nan nan 1.132140 1.637146 2.385161 29.729581 2.196470 -0.619211 0.000000 0.912532 3906
car -1 -1 nan 83914.000000 nan nan nan 1.280250 1.581179 2.870544 23.293326 -2.336787 -0.618496 0.000000 0.936750 3904
car -1 -1 nan 83909.000000 nan nan nan 1.674406 1.798084 4.445466 3.518687 2.864732 -0.765935 0.000000 0.955320 3896
car -1 -1 nan 83913.000000 nan nan nan 1.308765 1.838352 3.048749 -24.356971 3.320190 -1.419203 0.000000 0.931892 3881
car -1 -1 nan 83922.000000 nan nan nan 0.906671 0.988137 0.704740 -42.418730 -1.896127 -1.695742 0.000000 0.660190 3860
person -1 -1 nan 83926.000000 nan nan nan 1.443899 0.494479 0.369303 32.847889 3.539409 -0.383930 0.000000 0.898478 781
bicyclist -1 -1 nan 83925.000000 nan nan nan 1.502169 0.557774 1.107737 -46.190470 -0.645764 -1.763189 0.000000 0.717536 996
