car -1 -1 nan 83861.000000 nan nan nan 0.724591 2.971054 1.613361 11.851581 -11.714400 -1.077064 0.000000 0.903627 3920
car -1 -1 nan 83870.000000 nan nan nan 0.638204 0.810078 0.477743 -44.769208 1.329400 -2.122243 0.000000 0.744828 3745
car -1 -1 nan 83860.000000 nan nan nan 1.025273 1.037539 1.186060 -11.002022 -14.590252 -0.870892 0.000000 0.858272 3916
car -1 -1 nan 83866.000000 nan nan nan 1.232417 1.147184 0.823142 38.655912 -2.083802 -0.347045 0.000000 0.738932 3911
car -1 -1 nan 83855.000000 nan nan nan 0.920077 1.689319 2.180642 32.893968 2.368767 -0.709924 0.000000 0.894080 3906
car -1 -1 nan 83865.000000 nan nan nan 1.303208 1.595992 2.994850 26.640160 -2.186565 -0.679978 0.000000 0.908412 3904
car -1 -1 nan 83864.000000 nan nan nan 1.669439 1.868762 4.669991 6.881124 2.925366 -0.742100 0.000000 0.969997 3896
car -1 -1 nan 83859.000000 nan nan nan 1.321132 1.811016 2.926642 -21.054898 3.242633 -1.348473 0.000000 0.902665 3881
car -1 -1 nan 83871.000000 nan nan nan 0.342765 1.420739 1.474172 -38.650596 -2.200622 -1.887602 0.000000 0.943509 3860
car -1 -1 nan 83856.000000 nan nan nan 1.161411 1.620444 0.696497 -49.817301 3.398487 -1.895401 0.000000 0.847080 3851
person -1 -1 nan 83846.000000 nan nan nan 1.043172 0.496667 0.342759 35.943603 3.629990 -0.378807 0.000000 0.866970 781
bicyclist -1 -1 nan 83867.000000 nan nan nan 1.358591 0.445243 1.099947 -44.143203 -0.900120 -1.495972 0.000000 0.695368 996
