car -1 -1 nan 84154.000000 nan nan nan 1.128002 0.838112 0.935303 40.578632 -2.549560 -0.424395 0.000000 0.710659 3932
other-vehicle -1 -1 nan 84140.000000 nan nan nan 0.463814 1.387912 1.192022 -12.589197 -19.570377 -1.584237 0.000000 0.876992 3928
other-vehicle -1 -1 nan 84148.000000 nan nan nan 0.928919 1.701837 2.377480 40.329606 -6.068965 -0.092935 0.000000 0.895672 3929
car -1 -1 nan 84150.000000 nan nan nan 0.238287 0.637988 0.886186 38.296195 1.583001 -0.768829 0.000000 0.685948 3927
car -1 -1 nan 84157.000000 nan nan nan 0.461703 1.408856 0.759812 -47.970237 1.772598 -2.080440 0.000000 0.557320 3745
car -1 -1 nan 84158.000000 nan nan nan 1.145739 1.595000 3.064639 30.395440 2.337518 -0.595472 0.000000 0.841912 3924
car -1 -1 nan 84145.000000 nan nan nan 1.336555 1.059071 3.018328 30.615291 -2.527363 -0.519707 0.000000 0.804857 3921
car -1 -1 nan 84147.000000 nan nan nan 1.103332 1.414240 1.784302 -3.132212 -11.012262 -1.512414 0.000000 0.864891 3920
car -1 -1 nan 84152.000000 nan nan nan 1.347015 1.541174 3.281118 24.387104 -2.624604 -0.603479 0.000000 0.922597 3911
car -1 -1 nan 84138.000000 nan nan nan 1.278986 1.881358 3.732577 17.867042 2.080709 -0.825099 0.000000 0.962946 3906
car -1 -1 nan 84151.000000 nan nan nan 1.398625 1.659045 3.414697 11.665910 -2.499661 -0.857145 0.000000 0.933720 3904
car -1 -1 nan 84142.000000 nan nan nan 1.715329 2.032060 4.170986 -7.851781 2.885635 -0.976560 0.000000 0.967786 3896
car -1 -1 nan 84146.000000 nan nan nan 1.289283 1.590906 2.676829 -36.289169 3.354275 -1.622528 0.000000 0.904689 3881
person -1 -1 nan 84108.000000 nan nan nan 0.756844 0.452234 0.348391 21.278583 3.255031 -0.178189 0.000000 0.824050 781
bicyclist -1 -1 nan 84114.000000 nan nan nan 0.393196 1.272900 0.457916 -47.765617 2.171908 -2.077027 0.000000 0.689284 996
