car -1 -1 nan 86344.000000 nan nan nan 0.958105 3.131370 3.443046 41.750397 -5.538428 -0.019583 0.000000 0.919598 4007
car -1 -1 nan 86339.000000 nan nan nan 0.613227 1.406473 1.594758 -44.957130 -0.248163 -2.143423 0.000000 0.451407 3995
car -1 -1 nan 86337.000000 nan nan nan 1.666166 1.878472 3.153057 -13.120970 -8.930910 -0.957697 0.000000 0.934415 4002
car -1 -1 nan 86335.000000 nan nan nan 0.476468 0.466652 0.468641 -14.289317 -9.512026 -0.809434 0.000000 0.534767 4001
other-vehicle -1 -1 nan 86340.000000 nan nan nan 1.020853 1.421494 3.846231 13.288090 3.513938 -0.916258 0.000000 0.860015 3982
car -1 -1 nan 86342.000000 nan nan nan 1.422920 1.880053 4.344120 -2.599383 3.298896 -0.906367 0.000000 0.914326 3969
car -1 -1 nan 86345.000000 nan nan nan 1.332862 1.738490 3.722998 -17.371121 3.175009 -1.317250 0.000000 0.966873 3967
car -1 -1 nan 86343.000000 nan nan nan 1.249359 1.408406 3.523133 -23.856894 2.869492 -1.437766 0.000000 0.943050 3955
car -1 -1 nan 86346.000000 nan nan nan 0.714981 1.408496 1.656906 -40.150541 2.953723 -2.036857 0.000000 0.896240 3946
person -1 -1 nan 86301.000000 nan nan nan 1.082896 0.938071 1.076203 -24.162996 -6.019045 -1.297169 0.000000 0.772301 796
