car -1 -1 nan 89289.000000 nan nan nan 0.455981 1.285425 1.606382 46.515072 -3.040690 0.681485 0.000000 0.581261 4156
car -1 -1 nan 89301.000000 nan nan nan 0.510321 0.337069 1.156254 35.186087 -2.102810 -0.517627 0.000000 0.840366 4154
truck -1 -1 nan 89284.000000 nan nan nan 0.491133 0.520850 0.851982 37.805080 2.340764 1.697259 0.000000 0.472774 4155
car -1 -1 nan 89297.000000 nan nan nan 1.386178 1.609488 3.642808 29.403388 -2.699566 -0.388937 0.000000 0.799172 4153
car -1 -1 nan 89291.000000 nan nan nan 1.189603 1.658479 3.619126 24.248577 -2.662196 -0.705157 0.000000 0.935670 4147
car -1 -1 nan 89295.000000 nan nan nan 1.584185 1.672151 3.910218 13.766525 -2.602544 -0.778876 0.000000 0.905729 4134
car -1 -1 nan 89292.000000 nan nan nan 1.635925 1.886927 3.737209 8.446650 -2.874419 -0.964783 0.000000 0.938032 4129
car -1 -1 nan 89294.000000 nan nan nan 1.552412 1.810480 4.379430 -2.063191 -2.933544 -0.877789 0.000000 0.940482 4128
car -1 -1 nan 89288.000000 nan nan nan 1.499614 1.804785 3.896465 -7.771983 -3.040351 -1.165703 0.000000 0.915194 4061
car -1 -1 nan 89290.000000 nan nan nan 1.018520 1.748513 3.746911 -34.126829 -3.136375 -2.066301 0.000000 0.857320 4007
