other-vehicle -1 -1 nan 88169.000000 nan nan nan 0.771606 1.100755 1.343792 -6.481116 -26.389240 -1.714806 0.000000 0.774366 4080
car -1 -1 nan 88165.000000 nan nan nan 0.841049 1.949597 2.112713 15.891118 -34.346440 -2.383421 0.000000 0.818371 4086
car -1 -1 nan 88172.000000 nan nan nan 1.366050 3.279601 2.524460 10.561764 32.600099 0.229716 0.000000 0.750174 4074
car -1 -1 nan 88171.000000 nan nan nan 1.381187 1.504651 1.518522 32.801480 -15.929488 -1.230504 0.000000 0.795038 4061
car -1 -1 nan 88179.000000 nan nan nan 1.393531 3.361069 2.712628 3.819833 15.350021 -0.499246 0.000000 0.938338 4023
car -1 -1 nan 88163.000000 nan nan nan 1.412613 3.628474 3.098147 -5.485894 -11.890229 -1.485824 0.000000 0.909862 3995
car -1 -1 nan 88168.000000 nan nan nan 1.325454 2.356515 4.225508 8.538674 -5.715537 -1.146547 0.000000 0.937909 4007
person -1 -1 nan 88177.000000 nan nan nan 1.141255 0.415459 0.366531 2.408633 12.184825 -0.537681 0.000000 0.318727 819
person -1 -1 nan 88161.000000 nan nan nan 1.217319 0.423031 0.521007 -6.906611 9.148222 -0.863081 0.000000 0.944556 817
motorcycle -1 -1 nan 88157.000000 nan nan nan 1.189256 1.420303 1.608523 20.881716 -15.659746 -1.285366 0.000000 0.918043 1083
