car -1 -1 nan 88576.000000 nan nan nan 1.291568 0.910327 3.431071 32.825095 -2.660025 -1.300520 0.000000 0.918686 4128
car -1 -1 nan 88577.000000 nan nan nan 1.245585 2.430797 1.913417 31.349743 -35.115570 -3.936820 0.000000 0.665497 4119
other-vehicle -1 -1 nan 88573.000000 nan nan nan 0.976356 2.248382 2.731579 18.383294 -26.323022 -3.459303 0.000000 0.862642 4086
car -1 -1 nan 88574.000000 nan nan nan 1.474520 1.696892 3.320669 27.088586 -3.070242 -1.308611 0.000000 0.928584 4061
car -1 -1 nan 88548.000000 nan nan nan 1.340538 1.149979 1.223668 -12.462403 13.349857 0.134616 0.000000 0.703105 4023
car -1 -1 nan 88565.000000 nan nan nan 1.487540 4.195104 1.975649 -13.682449 -5.720138 -1.387557 0.000000 0.889720 3995
car -1 -1 nan 88580.000000 nan nan nan 0.859762 1.644188 4.093229 0.438301 -3.027716 -0.997544 0.000000 0.963887 4007
person -1 -1 nan 88571.000000 nan nan nan 0.475315 0.271727 0.397961 -12.224064 10.930299 0.267350 0.000000 0.308325 819
person -1 -1 nan 88575.000000 nan nan nan 1.110986 0.454130 0.475699 -19.641773 4.676570 -0.644313 0.000000 0.938126 817
motorcycle -1 -1 nan 88569.000000 nan nan nan 1.334670 2.142673 0.999212 15.431534 -7.152513 -1.555574 0.000000 0.953942 1083
