car -1 -1 nan 88671.000000 nan nan nan 0.476233 0.555242 0.437383 43.366561 -1.954670 -1.645384 0.000000 0.781804 4134
car -1 -1 nan 88673.000000 nan nan nan 0.643617 1.743860 1.843837 -41.502791 14.090802 -0.755438 0.000000 0.790937 4135
car -1 -1 nan 88683.000000 nan nan nan 1.239885 0.968872 1.356881 38.372055 -2.336903 -1.549173 0.000000 0.723478 4129
car -1 -1 nan 88677.000000 nan nan nan 1.407076 1.596000 3.545995 28.723734 -2.678124 -1.303495 0.000000 0.934726 4128
car -1 -1 nan 88665.000000 nan nan nan 1.163650 2.789370 2.319222 26.945377 -34.886873 -4.844372 0.000000 0.808388 4119
other-vehicle -1 -1 nan 88680.000000 nan nan nan 0.972774 2.060444 2.848154 14.227556 -26.012487 -4.059011 0.000000 0.833909 4086
car -1 -1 nan 88682.000000 nan nan nan 1.506182 1.762597 3.752099 22.819746 -2.936335 -1.445881 0.000000 0.932068 4061
car -1 -1 nan 88670.000000 nan nan nan 1.455720 4.250399 2.265425 -18.189581 -1.975815 -1.183104 0.000000 0.932041 3995
car -1 -1 nan 88678.000000 nan nan nan 1.196953 1.827957 4.297175 -3.731485 -3.125971 -1.285768 0.000000 0.954469 4007
person -1 -1 nan 88679.000000 nan nan nan 1.198878 0.466391 0.467425 -24.023425 4.450518 -0.591221 0.000000 0.938750 817
motorcycle -1 -1 nan 88674.000000 nan nan nan 1.368875 2.117104 1.081948 11.112079 -7.079476 -1.741268 0.000000 0.953461 1083
