car -1 -1 nan 87325.000000 nan nan nan 1.235613 2.805719 2.635387 29.011761 15.745594 -1.850375 0.000000 0.826907 4051
car -1 -1 nan 87336.000000 nan nan nan 0.779759 0.717270 0.730709 33.062531 -31.922010 -1.183199 0.000000 0.539531 4038
car -1 -1 nan 87353.000000 nan nan nan 1.262211 1.568903 1.537025 21.078794 -18.108244 -1.139276 0.000000 0.835851 4023
car -1 -1 nan 87345.000000 nan nan nan 1.331707 2.219539 3.645557 -24.347724 -13.406618 -1.530475 0.000000 0.712084 3995
car -1 -1 nan 87339.000000 nan nan nan 1.227331 3.001967 3.813339 0.020783 -15.483276 -1.321353 0.000000 0.958079 4007
other-vehicle -1 -1 nan 87352.000000 nan nan nan 0.756096 1.616822 2.777123 -29.442009 -12.908011 -1.907153 0.000000 0.924685 3982
car -1 -1 nan 87340.000000 nan nan nan 0.732801 1.548095 0.583786 -43.904797 -16.498244 -1.908468 0.000000 0.794400 3969
person -1 -1 nan 87328.000000 nan nan nan 0.942240 0.333034 0.401572 19.298386 -16.587989 -1.096794 0.000000 0.156185 819
person -1 -1 nan 87344.000000 nan nan nan 1.158873 0.407415 0.470797 19.540124 -6.835844 -1.038109 0.000000 0.932157 817
motorcycle -1 -1 nan 87291.000000 nan nan nan 1.268111 1.976732 0.865826 -13.905795 -24.402959 -1.502408 0.000000 0.787681 1079
