other-vehicle -1 -1 nan 88247.000000 nan nan nan 0.925060 2.563642 2.665041 38.343949 -18.344887 1.136030 0.000000 0.885845 4110
other-vehicle -1 -1 nan 88267.000000 nan nan nan 0.779070 1.617755 2.407795 19.681044 -31.100249 -2.608537 0.000000 0.886857 4086
car -1 -1 nan 88273.000000 nan nan nan 1.132662 1.353531 1.350692 3.068229 33.496822 0.805898 0.000000 0.820864 4074
car -1 -1 nan 88266.000000 nan nan nan 1.500575 1.559424 3.005453 33.156546 -10.376484 -0.823258 0.000000 0.863598 4061
car -1 -1 nan 88275.000000 nan nan nan 1.444608 3.748008 2.182398 -0.651196 15.996410 -0.244099 0.000000 0.927311 4023
car -1 -1 nan 88257.000000 nan nan nan 1.461230 3.670407 3.026358 -6.060217 -10.804162 -1.735180 0.000000 0.890482 3995
car -1 -1 nan 88265.000000 nan nan nan 1.353031 1.911028 4.246083 7.558813 -4.234459 -1.125389 0.000000 0.960673 4007
person -1 -1 nan 88264.000000 nan nan nan 1.131868 0.398590 0.406184 -1.453556 12.240672 -0.378909 0.000000 0.155477 819
person -1 -1 nan 88269.000000 nan nan nan 1.265405 0.440997 0.448542 -10.106565 7.793631 -0.937083 0.000000 0.946335 817
motorcycle -1 -1 nan 88263.000000 nan nan nan 1.109451 1.691162 1.425943 21.400819 -11.938601 -1.069182 0.000000 0.924605 1083
