car -1 -1 nan 87997.000000 nan nan nan 0.819274 1.762027 1.778399 5.610765 -38.020039 -2.787797 0.000000 0.866887 4086
other-vehicle -1 -1 nan 87970.000000 nan nan nan 1.143440 2.655173 1.392927 -13.059510 -22.431628 -1.688822 0.000000 0.814209 4080
car -1 -1 nan 87994.000000 nan nan nan 0.870445 2.167051 1.501866 22.526060 26.222753 0.651674 0.000000 0.748408 4074
car -1 -1 nan 87993.000000 nan nan nan 1.247654 1.461935 1.582287 27.267525 -26.462693 -1.894137 0.000000 0.750794 4061
car -1 -1 nan 87988.000000 nan nan nan 1.337291 2.691624 2.889512 10.600273 12.420918 -0.484307 0.000000 0.928148 4023
car -1 -1 nan 87991.000000 nan nan nan 1.391370 3.796588 2.722588 -6.377605 -13.181019 -1.558376 0.000000 0.866389 3995
car -1 -1 nan 88011.000000 nan nan nan 1.265551 2.935876 3.853411 8.098257 -8.617096 -1.328982 0.000000 0.942572 4007
person -1 -1 nan 88003.000000 nan nan nan 1.030060 0.459711 0.338673 8.547004 10.064023 -0.496475 0.000000 0.108783 819
person -1 -1 nan 87996.000000 nan nan nan 1.231458 0.510891 0.423176 -1.202329 10.336975 -0.686318 0.000000 0.933805 817
motorcycle -1 -1 nan 87989.000000 nan nan nan 1.267405 1.006827 1.906905 16.636484 -22.344265 -1.820914 0.000000 0.186575 1083
