car -1 -1 nan 88653.000000 nan nan nan 0.758826 1.396787 1.287803 44.518055 -2.340397 -1.585302 0.000000 0.795802 4134
car -1 -1 nan 88660.000000 nan nan nan 0.483349 1.857536 1.872767 -40.677124 14.292820 -0.634249 0.000000 0.823141 4135
car -1 -1 nan 88666.000000 nan nan nan 1.058497 0.865914 1.165919 38.958946 -2.369698 -1.675646 0.000000 0.477821 4129
car -1 -1 nan 88664.000000 nan nan nan 1.412246 1.295933 3.483881 29.494573 -2.619579 -1.375431 0.000000 0.846467 4128
car -1 -1 nan 88665.000000 nan nan nan 1.163650 2.789370 2.319222 27.661307 -34.825107 -4.730617 0.000000 0.808388 4119
other-vehicle -1 -1 nan 88663.000000 nan nan nan 0.888977 1.875979 2.755356 14.946784 -26.069286 -4.035829 0.000000 0.849545 4086
car -1 -1 nan 88657.000000 nan nan nan 1.558391 1.708780 3.778282 23.587427 -2.962977 -1.502650 0.000000 0.935892 4061
car -1 -1 nan 88662.000000 nan nan nan 1.491238 4.263503 2.025515 -17.414540 -2.639559 -1.182915 0.000000 0.895187 3995
car -1 -1 nan 88652.000000 nan nan nan 1.206507 1.761749 4.249772 -3.029355 -3.081066 -1.244179 0.000000 0.954664 4007
person -1 -1 nan 88656.000000 nan nan nan 1.158690 0.449379 0.534519 -23.251617 4.501890 -0.534216 0.000000 0.912877 817
motorcycle -1 -1 nan 88658.000000 nan nan nan 1.366564 2.126191 0.999760 11.842860 -7.086876 -1.749603 0.000000 0.961690 1083
