other-vehicle -1 -1 nan 87688.000000 nan nan nan 0.649770 0.834693 1.426143 -17.816988 -33.069808 -2.007687 0.000000 0.804797 4076
car -1 -1 nan 87693.000000 nan nan nan 0.437096 2.648568 0.654336 48.245510 -1.548695 0.141537 0.000000 0.917617 4075
car -1 -1 nan 87686.000000 nan nan nan 1.237405 1.938165 2.945906 38.690986 1.976139 -0.288110 0.000000 0.911243 4074
car -1 -1 nan 87695.000000 nan nan nan 1.296491 1.353603 1.613407 5.747788 -39.868641 -1.483090 0.000000 0.712955 4061
car -1 -1 nan 87674.000000 nan nan nan 1.419596 1.936733 3.749024 20.397883 0.117738 -0.755936 0.000000 0.895480 4023
car -1 -1 nan 87680.000000 nan nan nan 1.453088 4.374686 1.772105 -12.038075 -15.645036 -1.447172 0.000000 0.909980 3995
car -1 -1 nan 87683.000000 nan nan nan 1.306134 4.059127 1.769691 3.521449 -14.012512 -1.178039 0.000000 0.964149 4007
person -1 -1 nan 87690.000000 nan nan nan 1.157567 0.377752 0.415214 16.917573 -0.350573 -0.681988 0.000000 0.094728 819
person -1 -1 nan 87685.000000 nan nan nan 1.206383 0.538044 0.423676 9.942657 6.551798 -0.846796 0.000000 0.875895 817
motorcycle -1 -1 nan 87684.000000 nan nan nan 1.134789 0.814882 1.858273 0.959154 -29.548668 -1.456807 0.000000 0.603053 1083
