car -1 -1 nan 90564.000000 nan nan nan 0.394076 0.259998 1.862929 41.239746 -2.127186 -0.558243 0.000000 0.816022 4221
truck -1 -1 nan 90544.000000 nan nan nan 2.022441 7.024864 1.818732 42.735896 -10.670547 0.688360 0.000000 0.737390 4217
car -1 -1 nan 90569.000000 nan nan nan 0.995431 1.399483 2.245304 31.684067 -2.767463 -0.723337 0.000000 0.781944 4216
car -1 -1 nan 90556.000000 nan nan nan 1.073261 0.806870 3.601128 25.223742 -2.389233 -0.852496 0.000000 0.850928 4196
car -1 -1 nan 90558.000000 nan nan nan 1.274556 1.670609 3.584018 8.368669 -2.803117 -1.041833 0.000000 0.884086 4183
car -1 -1 nan 90541.000000 nan nan nan 1.449039 1.717657 4.272650 19.346892 -2.685282 -1.027604 0.000000 0.935584 4184
car -1 -1 nan 90547.000000 nan nan nan 1.353690 1.735713 3.551979 3.269202 -2.853855 -1.112088 0.000000 0.933752 4176
car -1 -1 nan 90555.000000 nan nan nan 1.339280 1.737531 4.196828 -2.120638 -2.863921 -0.961352 0.000000 0.965044 4173
car -1 -1 nan 90557.000000 nan nan nan 1.271054 1.628660 3.715991 -13.319601 -2.844454 -1.323399 0.000000 0.920506 4159
car -1 -1 nan 90548.000000 nan nan nan 1.294145 1.536977 3.375276 -18.346736 -2.726622 -1.440710 0.000000 0.894183 4161
car -1 -1 nan 90538.000000 nan nan nan 1.685744 1.884310 4.131980 -7.596063 -3.267552 -1.109441 0.000000 0.968755 4156
car -1 -1 nan 90559.000000 nan nan nan 1.460069 1.603688 3.830058 -25.435374 -3.008327 -1.321670 0.000000 0.920671 4153
car -1 -1 nan 90542.000000 nan nan nan 1.101350 0.540356 3.535226 -30.356789 -2.425493 -1.570710 0.000000 0.547887 4147
car -1 -1 nan 90550.000000 nan nan nan 0.865598 1.374556 2.072432 -40.077062 -2.784392 -1.595335 0.000000 0.862162 4134
