car -1 -1 nan 91121.000000 nan nan nan 0.381478 1.550571 0.945780 42.245446 3.410842 0.161045 0.000000 0.839342 4266
car -1 -1 nan 91074.000000 nan nan nan 0.693388 0.570950 0.495344 -18.698844 -9.549034 -1.850265 0.000000 0.508372 4259
other-vehicle -1 -1 nan 91075.000000 nan nan nan 0.556937 0.306635 0.673907 27.317199 -20.710532 -1.282826 0.000000 0.681121 4260
car -1 -1 nan 91081.000000 nan nan nan 1.089572 0.698035 1.996191 38.720091 -2.546475 -0.542129 0.000000 0.767866 4263
car -1 -1 nan 91129.000000 nan nan nan 1.121136 1.571410 0.997098 40.628043 -2.867027 -0.442157 0.000000 0.642021 4257
car -1 -1 nan 91113.000000 nan nan nan 0.667262 1.020471 0.233522 14.294172 -22.806593 -2.793580 0.000000 0.677466 4255
car -1 -1 nan 91125.000000 nan nan nan 1.080417 1.552337 3.122012 32.370743 -2.759914 -1.127846 0.000000 0.855117 4238
car -1 -1 nan 91124.000000 nan nan nan 1.098843 1.141273 3.885320 20.908215 -2.453340 -1.204427 0.000000 0.933498 4235
car -1 -1 nan 91117.000000 nan nan nan 1.139101 1.567002 3.927509 26.200528 -2.679054 -1.201577 0.000000 0.925542 4221
car -1 -1 nan 91106.000000 nan nan nan 1.437424 1.490205 3.334631 16.308570 -3.014295 -1.122773 0.000000 0.929755 4216
car -1 -1 nan 91119.000000 nan nan nan 1.286622 1.693201 4.263530 9.330390 -2.863914 -1.148978 0.000000 0.964668 4196
car -1 -1 nan 91101.000000 nan nan nan 1.389135 1.733725 3.851675 -6.915205 -2.908056 -1.119299 0.000000 0.941990 4183
car -1 -1 nan 91115.000000 nan nan nan 1.267827 1.742933 4.381799 3.569985 -2.732625 -1.114817 0.000000 0.960947 4184
car -1 -1 nan 91122.000000 nan nan nan 1.318179 1.611333 3.642160 -12.264146 -2.932653 -1.199437 0.000000 0.945116 4176
car -1 -1 nan 91114.000000 nan nan nan 1.420521 1.624020 3.822356 -17.838661 -2.822321 -1.165234 0.000000 0.931589 4173
car -1 -1 nan 91107.000000 nan nan nan 1.196447 1.039568 3.568982 -28.938967 -2.528414 -1.347899 0.000000 0.879307 4159
car -1 -1 nan 91123.000000 nan nan nan 1.459359 1.576636 2.506387 -23.815194 -3.272192 -1.092395 0.000000 0.843433 4156
car -1 -1 nan 91080.000000 nan nan nan 1.286213 1.344854 2.542571 -40.027139 -2.905352 -0.882079 0.000000 0.803305 4153
