car -1 -1 nan 90979.000000 nan nan nan 0.969385 0.668349 1.755497 -30.092808 -2.353720 -1.565787 0.000000 0.910781 4254
other-vehicle -1 -1 nan 90933.000000 nan nan nan 0.689006 2.701071 1.717893 20.398948 -7.287265 0.035089 0.000000 0.913796 4244
car -1 -1 nan 90980.000000 nan nan nan 1.109751 1.435550 3.053581 36.202010 -2.755895 -0.116783 0.000000 0.924488 4238
car -1 -1 nan 90974.000000 nan nan nan 1.148109 0.967354 3.910148 24.523759 -2.497255 -0.533156 0.000000 0.931117 4235
car -1 -1 nan 90960.000000 nan nan nan 1.109193 1.327033 3.671461 29.749835 -2.705150 -0.386794 0.000000 0.927661 4221
car -1 -1 nan 90976.000000 nan nan nan 1.389516 1.477206 3.015328 20.106136 -3.000532 -0.526072 0.000000 0.918057 4216
car -1 -1 nan 90972.000000 nan nan nan 1.279626 1.577207 4.283687 13.169111 -2.817612 -0.745921 0.000000 0.931415 4196
car -1 -1 nan 90982.000000 nan nan nan 1.295888 1.809534 3.683478 -3.190051 -2.956152 -1.143203 0.000000 0.947949 4183
car -1 -1 nan 90953.000000 nan nan nan 1.482518 1.899132 4.291222 7.349085 -2.789581 -0.961914 0.000000 0.963655 4184
car -1 -1 nan 90963.000000 nan nan nan 1.343001 1.622188 3.776729 -8.315185 -2.921857 -1.301396 0.000000 0.927366 4176
car -1 -1 nan 90973.000000 nan nan nan 1.490292 1.757728 4.123794 -13.905422 -2.850167 -1.305692 0.000000 0.941730 4173
car -1 -1 nan 90984.000000 nan nan nan 1.297932 1.582945 3.840091 -25.401699 -2.351210 -1.771462 0.000000 0.943171 4159
car -1 -1 nan 90957.000000 nan nan nan 1.546570 1.633384 2.970168 -19.726256 -3.187090 -1.466172 0.000000 0.949812 4156
car -1 -1 nan 90975.000000 nan nan nan 1.193394 1.348659 1.519132 -36.841108 -2.959841 -1.792373 0.000000 0.743712 4153
