car -1 -1 nan 89585.000000 nan nan nan 1.107041 1.428425 2.995001 25.374141 -2.353158 -0.356829 0.000000 0.908431 4159
car -1 -1 nan 89581.000000 nan nan nan 1.183251 1.285511 3.772920 20.065269 -2.230547 -0.485255 0.000000 0.937548 4161
car -1 -1 nan 89577.000000 nan nan nan 1.330988 2.721832 3.269360 30.899160 -3.088349 0.088578 0.000000 0.858528 4156
car -1 -1 nan 89576.000000 nan nan nan 1.672516 1.824334 3.988942 13.235998 -2.694984 -0.580278 0.000000 0.941284 4153
car -1 -1 nan 89583.000000 nan nan nan 1.511116 1.810552 3.773717 8.043816 -2.712351 -0.925678 0.000000 0.965553 4147
car -1 -1 nan 89578.000000 nan nan nan 1.366844 2.419862 4.043437 -2.107769 -3.072949 -0.985507 0.000000 0.968411 4134
car -1 -1 nan 89584.000000 nan nan nan 1.364133 1.847897 3.861933 -7.203464 -2.978042 -1.129317 0.000000 0.950700 4129
car -1 -1 nan 89573.000000 nan nan nan 1.685196 1.925216 4.068754 -17.956378 -3.237845 -1.221535 0.000000 0.903175 4128
car -1 -1 nan 89582.000000 nan nan nan 1.408175 1.088849 3.418938 -23.920325 -2.896375 -1.294826 0.000000 0.942662 4061
car -1 -1 nan 89561.000000 nan nan nan 0.556537 0.992611 0.803749 -49.346254 -3.953230 -2.611298 0.000000 0.664794 4007
bicyclist -1 -1 nan 89587.000000 nan nan nan 0.719727 0.263733 0.419715 35.048812 -1.814427 -0.009461 0.000000 0.778537 1111
