car -1 -1 nan 90019.000000 nan nan nan 1.032204 0.840862 2.915778 28.290578 -2.202017 -0.899895 0.000000 0.892286 4183
car -1 -1 nan 90032.000000 nan nan nan 0.646609 1.057676 1.189831 38.354061 -2.261054 -0.835203 0.000000 0.798318 4184
car -1 -1 nan 90021.000000 nan nan nan 0.700935 0.407829 1.100018 40.359662 3.327817 -0.433947 0.000000 0.829954 4178
car -1 -1 nan 90033.000000 nan nan nan 1.245533 0.928267 3.029115 23.153946 -2.297704 -0.895061 0.000000 0.915653 4176
car -1 -1 nan 90038.000000 nan nan nan 1.470381 1.434166 4.049067 17.416474 -2.468495 -0.862647 0.000000 0.898110 4173
car -1 -1 nan 90029.000000 nan nan nan 1.352269 1.654502 3.595974 6.052571 -2.710042 -1.063564 0.000000 0.961072 4159
car -1 -1 nan 90016.000000 nan nan nan 0.886340 1.647422 4.010268 1.106988 -2.727438 -0.925023 0.000000 0.904909 4161
car -1 -1 nan 90022.000000 nan nan nan 1.652164 1.838801 3.867744 11.985562 -3.072541 -0.847739 0.000000 0.917117 4156
car -1 -1 nan 90031.000000 nan nan nan 1.747520 1.860973 4.277212 -5.632870 -2.941938 -1.067508 0.000000 0.964025 4153
car -1 -1 nan 90023.000000 nan nan nan 1.277618 1.607611 3.763181 -10.620373 -2.820173 -1.238903 0.000000 0.951577 4147
car -1 -1 nan 90020.000000 nan nan nan 1.516702 1.720224 3.969645 -21.149530 -2.890653 -1.150044 0.000000 0.935396 4134
car -1 -1 nan 90028.000000 nan nan nan 1.164043 1.114236 2.989741 -26.453354 -2.822177 -1.237130 0.000000 0.859738 4129
car -1 -1 nan 90018.000000 nan nan nan 0.902353 0.654785 0.584767 -37.352950 -2.799625 -0.916179 0.000000 0.585243 4128
