car -1 -1 nan 91828.000000 nan nan nan 0.789995 1.060933 1.200375 28.162103 -10.925500 -0.975189 0.000000 0.793439 4303
car -1 -1 nan 91844.000000 nan nan nan 0.959017 0.424720 2.883421 29.512708 -2.215082 -0.500132 0.000000 0.713328 4304
truck -1 -1 nan 91824.000000 nan nan nan 0.993014 2.773760 2.882393 42.456125 6.201698 1.190368 0.000000 0.849162 4281
car -1 -1 nan 91832.000000 nan nan nan 1.335477 1.338950 2.983078 19.307456 -2.768698 -0.701830 0.000000 0.925492 4274
other-vehicle -1 -1 nan 91835.000000 nan nan nan 1.933204 2.546267 3.135633 34.962902 -2.934099 0.471979 0.000000 0.777506 4272
car -1 -1 nan 91840.000000 nan nan nan 1.469272 1.779147 4.008270 24.505736 -2.905697 -0.449561 0.000000 0.859942 4257
car -1 -1 nan 91845.000000 nan nan nan 1.418331 1.723320 3.688377 14.555536 -2.884905 -0.772703 0.000000 0.926744 4238
car -1 -1 nan 91821.000000 nan nan nan 1.248254 1.850649 4.264626 3.358897 -2.880502 -1.061683 0.000000 0.948277 4235
car -1 -1 nan 91839.000000 nan nan nan 1.331094 1.700787 4.325273 8.616258 -2.874754 -0.950956 0.000000 0.961998 4221
car -1 -1 nan 91851.000000 nan nan nan 1.199970 1.706346 3.462833 -1.125929 -3.002919 -0.808122 0.000000 0.942283 4216
car -1 -1 nan 91834.000000 nan nan nan 1.301506 1.890508 4.493523 -7.826901 -2.981402 -1.330197 0.000000 0.949288 4196
car -1 -1 nan 91826.000000 nan nan nan 1.149404 1.459439 2.975600 -24.371455 -2.852448 -1.764899 0.000000 0.930140 4183
car -1 -1 nan 91841.000000 nan nan nan 1.194828 1.602802 4.196517 -13.589926 -2.743697 -1.412751 0.000000 0.942579 4184
car -1 -1 nan 91842.000000 nan nan nan 1.138873 1.223128 1.531648 -30.310701 -2.810998 -1.876669 0.000000 0.836791 4176
car -1 -1 nan 91848.000000 nan nan nan 0.232592 0.765780 1.541671 -41.655758 -2.995986 -1.477265 0.000000 0.839338 4156
