truck -1 -1 nan 90400.000000 nan nan nan 1.028567 2.716007 1.436223 47.698238 6.377544 1.303258 0.000000 0.712355 4208
car -1 -1 nan 90389.000000 nan nan nan 0.301252 0.767557 0.661211 -47.757853 2.537590 -1.272893 0.000000 0.768419 4200
car -1 -1 nan 90412.000000 nan nan nan 0.950942 0.761357 3.560938 30.668219 -2.066875 -0.516130 0.000000 0.848516 4196
car -1 -1 nan 90415.000000 nan nan nan 1.309484 1.545003 3.405698 13.556181 -2.610361 -0.889225 0.000000 0.944417 4183
car -1 -1 nan 90402.000000 nan nan nan 1.186174 1.692268 4.069397 24.542368 -2.504500 -0.621896 0.000000 0.933477 4184
car -1 -1 nan 90405.000000 nan nan nan 1.348889 1.796925 3.530106 8.366239 -2.818443 -0.940046 0.000000 0.912019 4176
car -1 -1 nan 90416.000000 nan nan nan 1.694335 1.837024 3.958608 2.755939 -2.704759 -0.862217 0.000000 0.911138 4173
car -1 -1 nan 90399.000000 nan nan nan 1.324448 1.782695 3.852665 -8.073905 -2.896297 -1.324002 0.000000 0.935083 4159
car -1 -1 nan 90418.000000 nan nan nan 1.206683 1.631244 3.520259 -13.190978 -2.808554 -1.409365 0.000000 0.946832 4161
car -1 -1 nan 90419.000000 nan nan nan 1.690833 1.969706 4.034528 -2.452063 -3.143009 -0.967230 0.000000 0.963689 4156
car -1 -1 nan 90417.000000 nan nan nan 1.668432 1.713864 3.879978 -20.249282 -3.070443 -1.407956 0.000000 0.957174 4153
car -1 -1 nan 90403.000000 nan nan nan 1.237068 0.740621 4.093165 -25.289268 -2.509152 -1.665135 0.000000 0.935436 4147
car -1 -1 nan 90408.000000 nan nan nan 1.281319 1.348819 4.051873 -35.145610 -2.988391 -1.804700 0.000000 0.875911 4134
car -1 -1 nan 90376.000000 nan nan nan 0.809982 0.430914 1.144435 -50.324572 -2.927140 -1.719277 0.000000 0.707657 4128
