car -1 -1 nan 92005.000000 nan nan nan 0.396664 0.307473 0.264364 -38.566468 -2.249989 -2.226311 0.000000 0.497250 4315
truck -1 -1 nan 91966.000000 nan nan nan 0.407127 0.274891 0.686136 38.460986 1.696991 1.339308 0.000000 0.407082 4312
car -1 -1 nan 91975.000000 nan nan nan 0.344366 1.160590 0.338823 -10.465003 -17.617544 -0.864117 0.000000 0.692811 4314
car -1 -1 nan 92001.000000 nan nan nan 1.076615 0.488633 3.847237 25.209036 -2.375105 -0.627147 0.000000 0.840672 4304
truck -1 -1 nan 91996.000000 nan nan nan 1.015451 1.213742 0.475939 36.761455 5.791757 0.989909 0.000000 0.760504 4281
car -1 -1 nan 92013.000000 nan nan nan 1.385262 1.399987 3.117289 14.875628 -2.813809 -0.800753 0.000000 0.925731 4274
other-vehicle -1 -1 nan 92018.000000 nan nan nan 2.216198 2.612915 5.123803 31.758855 -2.926169 0.274010 0.000000 0.745878 4272
car -1 -1 nan 92010.000000 nan nan nan 1.575781 1.754064 4.032301 19.969780 -2.954636 -0.510588 0.000000 0.925440 4257
car -1 -1 nan 92009.000000 nan nan nan 1.386841 1.844234 3.684874 10.037580 -2.968379 -0.844505 0.000000 0.945768 4238
car -1 -1 nan 92012.000000 nan nan nan 1.047109 1.781589 4.486280 -1.098050 -2.961466 -0.937006 0.000000 0.972790 4235
car -1 -1 nan 92006.000000 nan nan nan 1.404429 1.963500 4.493108 4.211466 -3.026463 -1.066467 0.000000 0.898003 4221
car -1 -1 nan 91995.000000 nan nan nan 1.470790 1.571215 3.500133 -5.501339 -3.129152 -1.168544 0.000000 0.928497 4216
car -1 -1 nan 92011.000000 nan nan nan 1.289304 1.830253 4.233745 -12.254783 -3.004347 -1.385476 0.000000 0.948681 4196
car -1 -1 nan 91999.000000 nan nan nan 1.211919 1.364542 2.612189 -28.772197 -2.668523 -1.804572 0.000000 0.736833 4183
car -1 -1 nan 92003.000000 nan nan nan 1.231300 1.576871 4.009065 -18.036893 -2.755767 -1.503990 0.000000 0.936422 4184
car -1 -1 nan 92014.000000 nan nan nan 0.588706 0.291684 1.003936 -33.905346 -2.560415 -1.732912 0.000000 0.468299 4176
car -1 -1 nan 92015.000000 nan nan nan 0.253707 0.971958 1.597632 -46.079921 -3.148602 -1.413263 0.000000 0.504801 4156
bicycle -1 -1 nan 92002.000000 nan nan nan 0.974863 1.339302 0.619915 2.288334 -10.399393 -1.647433 0.000000 0.776653 1127
