car -1 -1 nan 89690.000000 nan nan nan 0.116547 0.584178 0.853652 42.986383 3.604874 0.883821 0.000000 0.565413 4171
car -1 -1 nan 89717.000000 nan nan nan 1.169514 1.484271 3.333267 20.306459 -2.421909 -1.055911 0.000000 0.934312 4159
car -1 -1 nan 89712.000000 nan nan nan 1.258942 1.643393 3.762092 15.117070 -2.516782 -1.117186 0.000000 0.927396 4161
car -1 -1 nan 89709.000000 nan nan nan 1.399465 1.769095 3.146956 26.100817 -2.855352 -0.802628 0.000000 0.798473 4156
car -1 -1 nan 89716.000000 nan nan nan 1.682519 1.779859 4.203973 8.228603 -2.866100 -0.980983 0.000000 0.939513 4153
car -1 -1 nan 89704.000000 nan nan nan 1.316363 1.746571 3.602138 3.204867 -2.670327 -1.149967 0.000000 0.953308 4147
car -1 -1 nan 89715.000000 nan nan nan 1.647528 1.835762 4.192700 -6.889242 -2.878765 -1.063036 0.000000 0.947134 4134
car -1 -1 nan 89710.000000 nan nan nan 1.461460 1.630571 3.692482 -12.274370 -2.899756 -1.042768 0.000000 0.951630 4129
car -1 -1 nan 89714.000000 nan nan nan 1.476925 1.807506 3.857484 -22.893412 -3.272242 -0.865469 0.000000 0.914881 4128
car -1 -1 nan 89707.000000 nan nan nan 1.081257 0.448323 3.127528 -28.857503 -2.806627 -0.900609 0.000000 0.914638 4061
bicyclist -1 -1 nan 89702.000000 nan nan nan 1.038335 0.367983 0.816726 30.372345 -1.790563 -0.978348 0.000000 0.873910 1111
