car -1 -1 nan 94369.000000 nan nan nan 0.821489 0.460064 2.414772 39.263681 -2.344661 -1.215242 0.000000 0.753645 4444
car -1 -1 nan 94340.000000 nan nan nan 0.249143 0.282155 0.660316 -1.471218 -29.154818 -0.859600 0.000000 0.691778 4439
car -1 -1 nan 94382.000000 nan nan nan 1.210289 1.159658 1.197191 32.691335 -2.785446 -1.254337 0.000000 0.659678 4433
car -1 -1 nan 94383.000000 nan nan nan 1.118575 0.581116 3.230325 23.114465 -2.279594 -1.249483 0.000000 0.887663 4394
car -1 -1 nan 94375.000000 nan nan nan 1.969568 2.086666 4.739882 17.177261 -2.996767 -0.762693 0.000000 0.826878 4359
car -1 -1 nan 94379.000000 nan nan nan 1.396950 1.738337 3.940778 8.603984 -2.764955 -1.147946 0.000000 0.969193 4352
car -1 -1 nan 94371.000000 nan nan nan 0.973574 1.566860 3.914406 -0.408626 -2.788914 -0.971049 0.000000 0.952647 4335
car -1 -1 nan 94384.000000 nan nan nan 1.152273 1.348997 3.214869 -30.142444 -2.501985 -1.090699 0.000000 0.924360 4337
car -1 -1 nan 94374.000000 nan nan nan 1.218098 1.377060 3.344062 -25.147126 -2.447801 -1.060730 0.000000 0.884467 4326
car -1 -1 nan 94381.000000 nan nan nan 1.345825 1.933419 4.230329 -17.261801 -2.726896 -1.139230 0.000000 0.935471 4323
other-vehicle -1 -1 nan 94388.000000 nan nan nan 2.328480 2.483944 3.117935 -36.062499 -2.508550 -0.255284 0.000000 0.432978 4272
motorcycle -1 -1 nan 94300.000000 nan nan nan 0.472316 0.544334 0.293882 -21.934037 -2.777867 -0.787101 0.000000 0.710564 1137
