car -1 -1 nan 94795.000000 nan nan nan 0.579782 1.109518 1.567937 -33.052320 -16.400316 -1.411338 0.000000 0.699684 4461
car -1 -1 nan 94771.000000 nan nan nan 0.199420 0.361939 1.375658 -45.453897 -5.586823 -0.881230 0.000000 0.640735 4455
car -1 -1 nan 94782.000000 nan nan nan 0.324798 0.354339 0.303903 43.846198 3.918675 -0.749093 0.000000 0.508438 4451
car -1 -1 nan 94776.000000 nan nan nan 0.399929 0.455634 0.451388 -48.676395 -5.703577 -0.903267 0.000000 0.498480 4450
car -1 -1 nan 94785.000000 nan nan nan 1.193235 0.940923 3.037422 25.718547 -2.257092 -1.070145 0.000000 0.939683 4444
car -1 -1 nan 94794.000000 nan nan nan 1.467349 1.721586 3.868525 19.911429 -2.705464 -1.020513 0.000000 0.910863 4433
car -1 -1 nan 94793.000000 nan nan nan 1.243884 1.600842 4.008732 9.580622 -2.605150 -1.105168 0.000000 0.958764 4394
car -1 -1 nan 94780.000000 nan nan nan 2.062174 2.321617 5.185047 3.371555 -2.996105 -0.710426 0.000000 0.925788 4359
car -1 -1 nan 94790.000000 nan nan nan 1.254972 1.725381 4.314192 -4.735551 -2.761431 -1.160136 0.000000 0.948480 4352
car -1 -1 nan 94787.000000 nan nan nan 1.202482 1.697454 3.829212 -13.923613 -2.998368 -1.394392 0.000000 0.939073 4335
car -1 -1 nan 94792.000000 nan nan nan 0.667180 1.457647 2.287368 -38.386488 -2.465681 -1.687911 0.000000 0.780595 4326
car -1 -1 nan 94789.000000 nan nan nan 1.276895 1.710115 3.528662 -30.880346 -3.071253 -1.455165 0.000000 0.819955 4323
other-vehicle -1 -1 nan 94781.000000 nan nan nan 2.559665 3.553199 2.198991 -49.178966 -3.493900 -0.576763 0.000000 0.810179 4272
