car -1 -1 nan 92470.000000 nan nan nan 1.052718 0.562626 3.767595 27.701436 -2.557034 -0.774846 0.000000 0.932976 4326
car -1 -1 nan 92475.000000 nan nan nan 0.983425 1.194670 1.721939 35.272382 -2.923149 -0.652824 0.000000 0.824373 4323
car -1 -1 nan 92464.000000 nan nan nan 1.304387 1.631296 4.112333 9.058080 -3.045156 -0.962422 0.000000 0.938236 4304
car -1 -1 nan 92481.000000 nan nan nan 1.169303 1.632732 3.325768 -1.087974 -2.918257 -0.764659 0.000000 0.971487 4274
other-vehicle -1 -1 nan 92476.000000 nan nan nan 2.245336 2.473783 5.822073 15.894757 -3.002171 -0.285442 0.000000 0.897181 4272
car -1 -1 nan 92487.000000 nan nan nan 1.691566 2.047334 4.669331 3.777594 -3.084756 -0.841068 0.000000 0.947133 4257
car -1 -1 nan 92471.000000 nan nan nan 1.406335 1.768508 4.159167 -5.523699 -3.016183 -1.119879 0.000000 0.931796 4238
car -1 -1 nan 92480.000000 nan nan nan 1.177926 0.984896 3.777129 -16.867266 -2.631552 -1.392698 0.000000 0.895565 4235
car -1 -1 nan 92485.000000 nan nan nan 1.284329 1.766243 4.543995 -11.672322 -3.004251 -1.275072 0.000000 0.951872 4221
car -1 -1 nan 92467.000000 nan nan nan 1.339977 1.475798 3.006272 -21.986459 -3.144693 -1.331384 0.000000 0.944219 4216
car -1 -1 nan 92479.000000 nan nan nan 1.171034 0.979629 3.688916 -28.439622 -2.684238 -1.520793 0.000000 0.933741 4196
car -1 -1 nan 92488.000000 nan nan nan 1.066241 1.483130 3.712485 -33.511569 -2.697576 -1.624870 0.000000 0.886487 4184
