other-vehicle -1 -1 nan 92393.000000 nan nan nan 0.219046 1.132339 0.311830 25.773594 -9.192491 1.032421 0.000000 0.485996 4330
car -1 -1 nan 92366.000000 nan nan nan 0.190350 0.226848 0.692123 -32.958743 -24.401639 -0.910204 0.000000 0.740576 4329
car -1 -1 nan 92397.000000 nan nan nan 0.967907 0.377235 3.457518 30.947402 -2.458071 -1.051755 0.000000 0.940012 4326
car -1 -1 nan 92391.000000 nan nan nan 1.050565 0.517462 2.107556 38.126256 -2.734671 -0.761606 0.000000 0.838606 4323
car -1 -1 nan 92400.000000 nan nan nan 1.268318 1.495585 3.961317 11.826846 -2.928511 -0.986427 0.000000 0.960111 4304
car -1 -1 nan 92405.000000 nan nan nan 1.475654 1.704473 3.276455 1.505270 -2.989714 -0.878664 0.000000 0.944657 4274
other-vehicle -1 -1 nan 92395.000000 nan nan nan 2.431181 2.613967 5.954952 18.611848 -3.031277 -0.274710 0.000000 0.830238 4272
car -1 -1 nan 92389.000000 nan nan nan 1.686757 1.846637 4.559969 6.522219 -3.082676 -0.855866 0.000000 0.912296 4257
car -1 -1 nan 92406.000000 nan nan nan 1.482204 1.744188 4.029214 -2.915012 -3.007814 -1.062449 0.000000 0.959458 4238
car -1 -1 nan 92403.000000 nan nan nan 1.238887 1.554942 3.969012 -14.161669 -2.873072 -1.273522 0.000000 0.931150 4235
car -1 -1 nan 92396.000000 nan nan nan 1.294496 1.833874 4.864716 -8.981628 -3.016301 -1.201964 0.000000 0.955059 4221
car -1 -1 nan 92392.000000 nan nan nan 1.354321 1.501748 3.120445 -19.132243 -3.162117 -1.235652 0.000000 0.957746 4216
car -1 -1 nan 92401.000000 nan nan nan 1.086944 1.207158 3.706636 -25.676108 -2.744213 -1.358085 0.000000 0.933322 4196
car -1 -1 nan 92364.000000 nan nan nan 0.168889 0.323277 0.407682 -41.245387 -2.504941 -1.931033 0.000000 0.607530 4183
car -1 -1 nan 92394.000000 nan nan nan 0.977230 1.248018 3.503618 -30.538905 -2.731506 -1.388001 0.000000 0.879940 4184
