car -1 -1 nan 94445.000000 nan nan nan 0.641702 0.323366 0.537313 36.417094 -2.127221 -0.777633 0.000000 0.808315 4444
car -1 -1 nan 94433.000000 nan nan nan 1.373948 1.506255 2.404294 31.583439 -2.758570 -0.777637 0.000000 0.876598 4433
car -1 -1 nan 94434.000000 nan nan nan 1.131979 0.695967 3.186719 21.370063 -2.234664 -0.974105 0.000000 0.875935 4394
car -1 -1 nan 94426.000000 nan nan nan 2.030597 2.137583 4.834500 15.207275 -2.917079 -0.589852 0.000000 0.912012 4359
car -1 -1 nan 94430.000000 nan nan nan 1.440261 1.808241 4.122623 6.776875 -2.738619 -1.102741 0.000000 0.970515 4352
car -1 -1 nan 94420.000000 nan nan nan 0.980375 1.642598 3.744929 -2.265314 -2.844270 -1.096507 0.000000 0.970187 4335
car -1 -1 nan 94435.000000 nan nan nan 1.066829 1.486700 2.958080 -31.740846 -2.289471 -1.353633 0.000000 0.923766 4337
car -1 -1 nan 94424.000000 nan nan nan 1.040146 1.095693 3.376228 -27.057272 -2.515951 -1.409710 0.000000 0.876482 4326
car -1 -1 nan 94431.000000 nan nan nan 1.344942 1.809284 4.247425 -19.135612 -2.836764 -1.405904 0.000000 0.927055 4323
other-vehicle -1 -1 nan 94427.000000 nan nan nan 2.612332 3.543440 6.089227 -38.565624 -3.151622 -0.585898 0.000000 0.871013 4272
