car -1 -1 nan 94142.000000 nan nan nan 1.157201 0.501810 1.551058 30.828161 -1.592318 -1.062689 0.000000 0.852187 4394
car -1 -1 nan 94149.000000 nan nan nan 1.980604 2.136300 4.513334 25.392972 -2.496210 -0.632340 0.000000 0.907523 4359
car -1 -1 nan 94139.000000 nan nan nan 1.420031 1.746591 3.938797 16.892418 -2.415606 -1.115441 0.000000 0.941424 4352
car -1 -1 nan 94146.000000 nan nan nan 1.195907 1.762617 3.608993 7.521462 -2.651169 -1.217057 0.000000 0.924776 4335
car -1 -1 nan 94143.000000 nan nan nan 1.185343 1.638830 2.889523 -22.342905 -2.963225 -1.281524 0.000000 0.916543 4337
car -1 -1 nan 94151.000000 nan nan nan 1.202677 1.676749 3.736616 -17.227132 -2.954676 -1.259330 0.000000 0.931553 4326
car -1 -1 nan 94136.000000 nan nan nan 1.465654 1.772004 4.582371 -9.051654 -2.854992 -1.193186 0.000000 0.952458 4323
other-vehicle -1 -1 nan 94152.000000 nan nan nan 2.633646 2.540385 4.593920 -28.615922 -3.234818 -0.388513 0.000000 0.321641 4272
person -1 -1 nan 94081.000000 nan nan nan 0.861187 0.399232 0.545280 -5.864402 22.869569 0.345927 0.000000 0.905473 859
motorcycle -1 -1 nan 94153.000000 nan nan nan 1.285879 0.761251 1.068401 -13.278458 -2.844183 -1.230499 0.000000 0.899241 1137
