car -1 -1 nan 94511.000000 nan nan nan 0.420547 0.560472 0.484045 -39.500389 -5.228920 -1.351983 0.000000 0.691751 4450
car -1 -1 nan 94509.000000 nan nan nan 1.110801 0.658655 1.273055 33.927691 -2.226253 -0.410429 0.000000 0.844812 4444
car -1 -1 nan 94520.000000 nan nan nan 1.287414 1.279157 3.447670 29.219337 -2.644360 -0.521434 0.000000 0.894043 4433
car -1 -1 nan 94519.000000 nan nan nan 1.148296 0.807612 3.311687 18.525594 -2.244877 -0.769342 0.000000 0.930848 4394
car -1 -1 nan 94513.000000 nan nan nan 2.175138 2.132935 5.596655 12.714180 -2.893564 -0.522632 0.000000 0.895411 4359
car -1 -1 nan 94516.000000 nan nan nan 1.287563 1.810171 4.216384 4.048780 -2.701757 -1.022554 0.000000 0.955930 4352
car -1 -1 nan 94507.000000 nan nan nan 1.123055 1.680613 3.839921 -4.890623 -2.862131 -1.329548 0.000000 0.940897 4335
car -1 -1 nan 94518.000000 nan nan nan 0.941936 1.384461 2.787135 -34.591912 -2.789334 -1.841645 0.000000 0.928709 4337
car -1 -1 nan 94522.000000 nan nan nan 1.107206 1.254024 3.183079 -30.108004 -2.657241 -1.856831 0.000000 0.913471 4326
car -1 -1 nan 94521.000000 nan nan nan 1.284764 1.791978 3.989370 -21.822531 -2.922440 -1.656299 0.000000 0.868286 4323
other-vehicle -1 -1 nan 94523.000000 nan nan nan 2.748077 3.387034 6.169020 -41.813614 -3.317052 -1.133008 0.000000 0.860869 4272
