car -1 -1 nan 93417.000000 nan nan nan 1.111204 2.025437 1.112592 41.498530 4.281892 -0.221920 0.000000 0.640280 4372
car -1 -1 nan 93394.000000 nan nan nan 0.740250 0.256746 2.353627 48.603384 3.668365 -0.053421 0.000000 0.659351 4362
car -1 -1 nan 93392.000000 nan nan nan 0.763682 0.331076 1.849718 -42.262624 -3.007624 -1.912557 0.000000 0.524158 4235
car -1 -1 nan 93422.000000 nan nan nan 1.705893 2.103499 3.493456 44.565347 -2.565041 -0.209747 0.000000 0.772902 4359
car -1 -1 nan 93426.000000 nan nan nan 1.034860 1.609612 3.745774 36.416070 -2.123475 -0.774628 0.000000 0.931809 4352
car -1 -1 nan 93396.000000 nan nan nan 1.147803 1.549692 3.350861 26.955668 -2.528941 -1.050654 0.000000 0.921797 4335
car -1 -1 nan 93402.000000 nan nan nan 1.286007 1.795487 3.587830 -2.969372 -3.019399 -1.180391 0.000000 0.936965 4337
car -1 -1 nan 93412.000000 nan nan nan 1.092848 1.627349 3.983311 1.847668 -2.828192 -1.132849 0.000000 0.942682 4326
car -1 -1 nan 93411.000000 nan nan nan 1.327561 1.820047 4.193838 9.906169 -2.892237 -1.046850 0.000000 0.971550 4323
car -1 -1 nan 93397.000000 nan nan nan 0.984085 0.299847 2.142326 -17.400966 -2.609483 -1.451432 0.000000 0.832170 4304
car -1 -1 nan 93413.000000 nan nan nan 1.167608 0.591581 2.608772 -27.350144 -2.956769 -1.483972 0.000000 0.881100 4274
other-vehicle -1 -1 nan 93405.000000 nan nan nan 2.560431 2.454867 6.768806 -10.379295 -3.089366 -0.627933 0.000000 0.915934 4272
car -1 -1 nan 93406.000000 nan nan nan 1.673813 1.068813 4.154151 -22.198568 -3.040698 -1.287017 0.000000 0.945305 4257
car -1 -1 nan 93399.000000 nan nan nan 1.175763 1.097380 1.707150 -31.377778 -3.206718 -1.510199 0.000000 0.799527 4238
car -1 -1 nan 93408.000000 nan nan nan 0.875947 0.640451 3.241009 -37.402872 -3.043905 -1.657754 0.000000 0.883498 4221
motorcycle -1 -1 nan 93391.000000 nan nan nan 1.453709 1.233066 1.995186 5.679853 -3.058664 -1.232451 0.000000 0.951620 1137
