car -1 -1 nan 94835.000000 nan nan nan 0.483342 0.288841 0.978868 -35.395336 -15.970140 -1.693740 0.000000 0.694013 4461
car -1 -1 nan 94827.000000 nan nan nan 0.264082 0.270879 0.514166 -50.564183 -5.514638 -1.282637 0.000000 0.440633 4450
car -1 -1 nan 94844.000000 nan nan nan 1.268817 0.784739 3.250753 23.921670 -2.236865 -0.827918 0.000000 0.842356 4444
car -1 -1 nan 94834.000000 nan nan nan 1.650039 2.034374 3.790197 18.195867 -2.824142 -0.904615 0.000000 0.923330 4433
car -1 -1 nan 94839.000000 nan nan nan 1.313790 1.920292 3.908269 7.716664 -2.717024 -1.051371 0.000000 0.965228 4394
car -1 -1 nan 94845.000000 nan nan nan 2.010088 1.189525 5.350274 1.761166 -2.405402 -0.680441 0.000000 0.837755 4359
car -1 -1 nan 94831.000000 nan nan nan 1.393580 1.739382 4.342380 -6.497910 -2.799404 -1.271146 0.000000 0.954842 4352
car -1 -1 nan 94840.000000 nan nan nan 1.107756 1.674134 3.662187 -15.749642 -3.022937 -1.543739 0.000000 0.951536 4335
car -1 -1 nan 94841.000000 nan nan nan 0.718008 0.902490 3.057924 -40.034722 -2.510470 -2.103660 0.000000 0.740104 4326
car -1 -1 nan 94838.000000 nan nan nan 1.183276 1.676657 3.935418 -32.505590 -3.108136 -1.767052 0.000000 0.871885 4323
other-vehicle -1 -1 nan 94805.000000 nan nan nan 2.149706 2.393957 1.125127 -50.572743 -3.454030 -0.846244 0.000000 0.426761 4272
