car -1 -1 nan 93341.000000 nan nan nan 0.493370 0.274383 1.865787 -41.349583 -3.010243 -1.810623 0.000000 0.690444 4235
car -1 -1 nan 93358.000000 nan nan nan 1.626917 3.146500 3.969026 45.482057 -2.817087 -0.177067 0.000000 0.869455 4359
car -1 -1 nan 93368.000000 nan nan nan 1.187342 1.234307 3.711799 37.253138 -2.074358 -0.754552 0.000000 0.949398 4352
car -1 -1 nan 93363.000000 nan nan nan 1.153676 1.600525 3.044276 27.730918 -2.536887 -1.009176 0.000000 0.911161 4335
car -1 -1 nan 93357.000000 nan nan nan 1.280289 1.654960 3.580036 -2.134570 -3.032407 -1.098069 0.000000 0.954579 4337
car -1 -1 nan 93371.000000 nan nan nan 1.228487 1.580598 3.978398 2.675544 -2.823989 -1.152290 0.000000 0.916133 4326
car -1 -1 nan 93364.000000 nan nan nan 1.361466 1.937979 4.085607 10.728184 -2.913548 -1.020622 0.000000 0.970094 4323
car -1 -1 nan 93366.000000 nan nan nan 1.136674 0.406968 3.321689 -16.356342 -2.596600 -1.403076 0.000000 0.833017 4304
car -1 -1 nan 93362.000000 nan nan nan 1.292120 0.771127 2.957307 -26.586324 -2.952042 -1.474603 0.000000 0.823026 4274
other-vehicle -1 -1 nan 93369.000000 nan nan nan 2.522292 2.466100 6.231166 -9.333181 -3.080063 -0.610668 0.000000 0.908371 4272
car -1 -1 nan 93374.000000 nan nan nan 1.653340 1.202575 4.217058 -21.281058 -3.078692 -1.274072 0.000000 0.940782 4257
car -1 -1 nan 93386.000000 nan nan nan 1.164184 0.781694 1.754667 -30.697347 -3.140581 -1.526171 0.000000 0.896497 4238
car -1 -1 nan 93376.000000 nan nan nan 0.654207 0.294963 3.084935 -36.337910 -2.940583 -1.717550 0.000000 0.828915 4221
motorcycle -1 -1 nan 93379.000000 nan nan nan 1.343635 1.217977 1.996734 6.518699 -3.050568 -1.228467 0.000000 0.932824 1137
