car -1 -1 nan 94738.000000 nan nan nan 0.352843 0.416209 0.808340 -44.061375 -5.687053 -1.062278 0.000000 0.688021 4455
car -1 -1 nan 94735.000000 nan nan nan 0.875803 1.308213 0.629805 -42.042624 -2.993624 -1.550354 0.000000 0.653816 4337
car -1 -1 nan 94720.000000 nan nan nan 1.036683 2.386256 0.617990 45.736276 3.072002 -0.899596 0.000000 0.866860 4451
car -1 -1 nan 94706.000000 nan nan nan 0.207893 0.447438 0.448005 -46.961746 -5.507724 -1.180616 0.000000 0.641021 4450
car -1 -1 nan 94722.000000 nan nan nan 1.190003 0.752391 3.025998 27.458095 -2.190581 -1.101387 0.000000 0.906468 4444
car -1 -1 nan 94733.000000 nan nan nan 1.398278 1.686525 3.607941 21.806424 -2.697234 -0.969000 0.000000 0.920474 4433
car -1 -1 nan 94731.000000 nan nan nan 1.241082 1.493837 3.841166 11.305514 -2.524290 -1.081342 0.000000 0.960902 4394
car -1 -1 nan 94717.000000 nan nan nan 2.179082 2.319719 5.196963 5.247660 -2.974739 -0.731395 0.000000 0.948318 4359
car -1 -1 nan 94730.000000 nan nan nan 1.295876 1.721927 4.252652 -3.008041 -2.799166 -1.091038 0.000000 0.967712 4352
car -1 -1 nan 94723.000000 nan nan nan 1.103372 1.709270 3.602212 -12.143493 -2.980800 -1.345236 0.000000 0.903604 4335
car -1 -1 nan 94727.000000 nan nan nan 0.630649 0.657061 1.543705 -36.696652 -2.642489 -1.699241 0.000000 0.832976 4326
car -1 -1 nan 94753.000000 nan nan nan 1.273085 1.769194 3.566473 -29.090955 -3.047598 -1.544850 0.000000 0.903428 4323
other-vehicle -1 -1 nan 94718.000000 nan nan nan 2.231204 2.376579 2.727597 -47.695946 -3.084977 -0.781082 0.000000 0.772790 4272
