car -1 -1 nan 93105.000000 nan nan nan 0.749001 1.373029 0.911655 42.970367 -2.297555 -0.027822 0.000000 0.716325 4352
car -1 -1 nan 93103.000000 nan nan nan 0.976924 1.524992 1.446693 33.932149 -2.654856 -0.649557 0.000000 0.760357 4335
car -1 -1 nan 93093.000000 nan nan nan 1.417070 1.838813 3.455572 4.493317 -3.045580 -1.105952 0.000000 0.955564 4337
car -1 -1 nan 93110.000000 nan nan nan 1.209139 1.630802 3.833039 9.429604 -2.930409 -0.968767 0.000000 0.937900 4326
car -1 -1 nan 93101.000000 nan nan nan 1.230488 1.880700 4.106897 17.626642 -2.933990 -0.779679 0.000000 0.968776 4323
car -1 -1 nan 93099.000000 nan nan nan 1.230483 1.538081 3.948083 -9.120178 -3.079049 -1.339906 0.000000 0.927997 4304
car -1 -1 nan 93112.000000 nan nan nan 1.389577 0.882540 3.179143 -19.673922 -2.885716 -1.612283 0.000000 0.918690 4274
other-vehicle -1 -1 nan 93116.000000 nan nan nan 2.166590 2.412458 5.979744 -2.465569 -3.054193 -0.648076 0.000000 0.849536 4272
car -1 -1 nan 93109.000000 nan nan nan 1.605360 1.887498 4.856122 -14.416639 -3.271172 -1.294161 0.000000 0.960473 4257
car -1 -1 nan 93096.000000 nan nan nan 1.370969 1.252288 3.488847 -24.291383 -3.073359 -1.683121 0.000000 0.941484 4238
car -1 -1 nan 93102.000000 nan nan nan 0.698997 0.262880 1.444995 -34.666468 -2.658524 -2.117334 0.000000 0.401739 4235
car -1 -1 nan 93111.000000 nan nan nan 1.150336 1.014587 3.527059 -30.130508 -3.065645 -1.873374 0.000000 0.930802 4221
car -1 -1 nan 93107.000000 nan nan nan 0.707158 0.494572 2.403642 -45.549839 -3.001561 -2.422278 0.000000 0.733538 4196
motorcycle -1 -1 nan 93113.000000 nan nan nan 1.284173 0.833744 0.958059 13.878370 -2.887095 -0.942725 0.000000 0.916234 1137
