car -1 -1 nan 92346.000000 nan nan nan 0.863802 0.369687 1.472733 32.317010 -2.391774 -0.675477 0.000000 0.900815 4326
truck -1 -1 nan 92318.000000 nan nan nan 0.788265 0.653858 0.496458 24.940154 6.026392 0.673877 0.000000 0.242407 4281
car -1 -1 nan 92340.000000 nan nan nan 0.906608 0.877856 1.621740 39.959081 -2.774963 -0.430308 0.000000 0.786708 4323
car -1 -1 nan 92336.000000 nan nan nan 1.262139 1.295619 4.000788 13.663984 -2.810716 -0.922667 0.000000 0.965730 4304
car -1 -1 nan 92353.000000 nan nan nan 1.401144 1.648639 3.207174 3.251781 -2.940179 -1.039577 0.000000 0.945746 4274
other-vehicle -1 -1 nan 92352.000000 nan nan nan 2.359923 2.636082 6.020633 20.528800 -2.999722 -0.141691 0.000000 0.843959 4272
car -1 -1 nan 92350.000000 nan nan nan 1.664374 1.877608 4.432553 8.438129 -3.061802 -0.802273 0.000000 0.956219 4257
car -1 -1 nan 92343.000000 nan nan nan 1.292935 1.688950 3.894522 -1.136811 -2.993061 -0.923334 0.000000 0.959085 4238
car -1 -1 nan 92354.000000 nan nan nan 1.240794 1.664687 3.868358 -12.269446 -2.930619 -1.330109 0.000000 0.947410 4235
car -1 -1 nan 92349.000000 nan nan nan 1.292419 1.773936 4.652761 -7.093187 -2.987706 -1.231080 0.000000 0.965392 4221
car -1 -1 nan 92339.000000 nan nan nan 1.431512 1.458023 3.107698 -17.210825 -3.170265 -1.302718 0.000000 0.952287 4216
car -1 -1 nan 92351.000000 nan nan nan 1.200983 1.216114 4.023442 -23.766440 -2.791558 -1.439769 0.000000 0.934076 4196
car -1 -1 nan 92333.000000 nan nan nan 0.408701 0.364127 0.371829 -39.234624 -2.424554 -2.232358 0.000000 0.670918 4183
car -1 -1 nan 92347.000000 nan nan nan 1.061570 1.497625 3.637052 -29.355230 -2.795123 -1.581900 0.000000 0.941711 4184
