car -1 -1 nan 92321.000000 nan nan nan 0.898207 0.310974 1.611327 32.845674 -2.351459 -0.706693 0.000000 0.939155 4326
truck -1 -1 nan 92318.000000 nan nan nan 0.788265 0.653858 0.496458 25.879268 6.082660 0.650202 0.000000 0.242407 4281
car -1 -1 nan 92331.000000 nan nan nan 1.044277 0.756007 1.757430 40.796365 -2.648639 -0.455619 0.000000 0.693423 4323
car -1 -1 nan 92314.000000 nan nan nan 1.273030 1.136877 3.949687 14.560536 -2.750800 -0.916082 0.000000 0.961733 4304
car -1 -1 nan 92329.000000 nan nan nan 1.513851 1.726581 3.285975 4.149468 -2.967558 -1.061835 0.000000 0.936479 4274
other-vehicle -1 -1 nan 92322.000000 nan nan nan 2.204291 2.503235 5.924539 21.474258 -2.968587 -0.080423 0.000000 0.801404 4272
car -1 -1 nan 92325.000000 nan nan nan 1.623700 1.860908 4.411880 9.363195 -3.048883 -0.785252 0.000000 0.953551 4257
car -1 -1 nan 92319.000000 nan nan nan 1.013293 1.830808 3.878090 -0.268948 -3.015835 -0.826273 0.000000 0.926275 4238
car -1 -1 nan 92311.000000 nan nan nan 1.226171 1.697397 3.843551 -11.317181 -2.937872 -1.323642 0.000000 0.919967 4235
car -1 -1 nan 92327.000000 nan nan nan 1.297159 1.779917 4.675700 -6.165670 -2.983524 -1.227785 0.000000 0.962980 4221
car -1 -1 nan 92328.000000 nan nan nan 1.418229 1.551163 3.265625 -16.265518 -3.191293 -1.311321 0.000000 0.931933 4216
car -1 -1 nan 92324.000000 nan nan nan 1.148923 1.321301 3.852700 -22.840024 -2.835901 -1.436893 0.000000 0.901030 4196
car -1 -1 nan 92333.000000 nan nan nan 0.408701 0.364127 0.371829 -38.312218 -2.463001 -2.127682 0.000000 0.670918 4183
car -1 -1 nan 92317.000000 nan nan nan 1.071879 1.373618 3.671563 -28.657642 -2.754751 -1.575574 0.000000 0.898196 4184
