car -1 -1 nan 93031.000000 nan nan nan 0.588373 1.173521 0.543052 -36.924076 -7.018338 -1.195750 0.000000 0.653745 4355
car -1 -1 nan 93032.000000 nan nan nan 0.652453 0.695631 0.393663 -19.649138 -8.462034 -1.310157 0.000000 0.850812 4356
car -1 -1 nan 93020.000000 nan nan nan 0.956149 1.300387 1.054552 45.469190 -2.376742 -0.686219 0.000000 0.787002 4352
car -1 -1 nan 93028.000000 nan nan nan 0.887285 1.525021 1.103753 36.658594 -2.697893 -1.199128 0.000000 0.866126 4335
car -1 -1 nan 93040.000000 nan nan nan 1.404613 1.775599 3.347697 7.081778 -3.052755 -1.132992 0.000000 0.954908 4337
car -1 -1 nan 93041.000000 nan nan nan 1.178629 1.609174 3.784516 12.017855 -2.896758 -1.112627 0.000000 0.956288 4326
car -1 -1 nan 93023.000000 nan nan nan 1.278063 1.749798 4.122570 20.287224 -2.935766 -1.030822 0.000000 0.944451 4323
car -1 -1 nan 93042.000000 nan nan nan 1.271929 1.887660 4.360604 -6.421143 -3.170763 -1.206445 0.000000 0.945286 4304
car -1 -1 nan 93036.000000 nan nan nan 1.398959 0.877564 3.274299 -17.055982 -2.814310 -1.300951 0.000000 0.890758 4274
other-vehicle -1 -1 nan 93019.000000 nan nan nan 1.849625 2.065994 6.050398 0.100160 -2.792502 -0.603336 0.000000 0.856714 4272
car -1 -1 nan 93026.000000 nan nan nan 1.665744 1.907566 4.857120 -11.814019 -3.262401 -1.083114 0.000000 0.970776 4257
car -1 -1 nan 93022.000000 nan nan nan 1.361573 1.333259 3.340006 -21.585048 -3.095083 -1.350724 0.000000 0.942292 4238
car -1 -1 nan 93025.000000 nan nan nan 0.645515 0.341047 1.912729 -31.746780 -2.610988 -1.643860 0.000000 0.681772 4235
car -1 -1 nan 93035.000000 nan nan nan 1.175953 1.014136 3.847701 -27.490252 -2.998147 -1.488368 0.000000 0.935286 4221
car -1 -1 nan 93034.000000 nan nan nan 1.308004 2.327765 2.424421 -38.065265 -3.326580 -1.313188 0.000000 0.802988 4216
car -1 -1 nan 93021.000000 nan nan nan 0.224463 0.244952 0.395226 -42.934179 -3.010423 -1.781219 0.000000 0.737754 4196
person -1 -1 nan 92983.000000 nan nan nan 0.662372 0.275521 0.298000 -46.110385 2.413123 -0.985841 0.000000 0.771404 849
motorcycle -1 -1 nan 93038.000000 nan nan nan 1.192587 0.718252 1.004810 16.594779 -2.901087 -1.132738 0.000000 0.872728 1137
