other-vehicle -1 -1 nan 92577.000000 nan nan nan 0.457032 1.206271 0.758362 48.720070 -2.812800 -1.039071 0.000000 0.776928 4335
car -1 -1 nan 92591.000000 nan nan nan 1.067779 0.346112 2.153952 19.897608 -2.372765 -0.970073 0.000000 0.841428 4337
car -1 -1 nan 92579.000000 nan nan nan 1.069620 0.888432 3.644243 24.433137 -2.632874 -0.951791 0.000000 0.930438 4326
car -1 -1 nan 92597.000000 nan nan nan 1.222791 1.076285 3.792474 32.806449 -2.704501 -0.824939 0.000000 0.896077 4323
car -1 -1 nan 92592.000000 nan nan nan 1.691899 1.722414 4.152748 5.443984 -3.003446 -0.906751 0.000000 0.943993 4304
car -1 -1 nan 92594.000000 nan nan nan 1.411410 1.762712 3.489199 -4.565421 -3.064859 -1.176284 0.000000 0.932624 4274
other-vehicle -1 -1 nan 92584.000000 nan nan nan 2.274540 2.505624 6.551293 12.291675 -2.967576 -0.405854 0.000000 0.863681 4272
car -1 -1 nan 92575.000000 nan nan nan 1.545126 2.063607 4.484029 0.407870 -3.061791 -0.713210 0.000000 0.875516 4257
car -1 -1 nan 92596.000000 nan nan nan 1.433648 1.765603 3.867698 -9.196484 -3.103116 -1.168275 0.000000 0.935928 4238
car -1 -1 nan 92588.000000 nan nan nan 1.072781 0.852583 3.734788 -20.525982 -2.602747 -1.419495 0.000000 0.902329 4235
car -1 -1 nan 92583.000000 nan nan nan 1.283564 1.628103 4.558967 -15.336228 -3.036162 -1.302976 0.000000 0.955639 4221
car -1 -1 nan 92593.000000 nan nan nan 1.417236 1.546689 2.950474 -25.616666 -3.238850 -1.375628 0.000000 0.942919 4216
car -1 -1 nan 92590.000000 nan nan nan 1.134556 0.748740 4.301298 -31.717422 -2.739698 -1.515430 0.000000 0.939056 4196
car -1 -1 nan 92581.000000 nan nan nan 0.217576 0.434453 0.522472 -36.123668 -2.346580 -1.728725 0.000000 0.785071 4184
