other-vehicle -1 -1 nan 92669.000000 nan nan nan 0.644540 2.240310 0.369270 -28.062561 -7.496127 -1.023394 0.000000 0.834822 4338
car -1 -1 nan 92712.000000 nan nan nan 0.887092 1.218792 1.334723 45.373746 -2.769583 -1.213627 0.000000 0.753202 4335
car -1 -1 nan 92709.000000 nan nan nan 1.214900 0.467770 2.894685 16.140830 -2.419130 -1.091512 0.000000 0.886770 4337
car -1 -1 nan 92691.000000 nan nan nan 1.085775 1.129186 3.563990 20.951040 -2.710998 -1.147600 0.000000 0.930128 4326
car -1 -1 nan 92701.000000 nan nan nan 1.139795 1.586002 3.713466 29.174637 -2.868925 -1.096166 0.000000 0.910273 4323
car -1 -1 nan 92707.000000 nan nan nan 1.276927 1.867571 4.367184 2.012924 -3.043738 -1.100744 0.000000 0.934230 4304
car -1 -1 nan 92687.000000 nan nan nan 1.414809 1.616800 4.073102 -8.552800 -3.068346 -1.192745 0.000000 0.938879 4274
other-vehicle -1 -1 nan 92695.000000 nan nan nan 2.328666 2.523921 6.448035 8.822544 -2.967138 -0.570228 0.000000 0.865715 4272
car -1 -1 nan 92710.000000 nan nan nan 1.706833 2.011090 4.842964 -3.039750 -3.087681 -0.973606 0.000000 0.961386 4257
car -1 -1 nan 92708.000000 nan nan nan 1.404333 1.618969 3.788684 -12.872932 -3.101644 -1.191888 0.000000 0.927572 4238
car -1 -1 nan 92706.000000 nan nan nan 1.099255 1.029542 3.747100 -24.125351 -2.738836 -1.355181 0.000000 0.928886 4235
car -1 -1 nan 92698.000000 nan nan nan 1.272337 1.379404 4.524003 -18.942994 -3.004386 -1.276366 0.000000 0.952882 4221
car -1 -1 nan 92693.000000 nan nan nan 1.266480 1.415731 2.399055 -29.196031 -3.361300 -1.237052 0.000000 0.937862 4216
car -1 -1 nan 92705.000000 nan nan nan 0.868316 0.495344 2.254584 -34.535523 -2.725113 -1.439169 0.000000 0.774137 4196
car -1 -1 nan 92696.000000 nan nan nan 0.833809 1.321655 1.544945 -40.415586 -2.934539 -1.369925 0.000000 0.745650 4184
