car -1 -1 nan 94596.000000 nan nan nan 1.092376 3.943828 0.358304 49.110453 0.054998 -0.184286 0.000000 0.926356 4451
other-vehicle -1 -1 nan 94615.000000 nan nan nan 1.391726 0.841555 1.050238 13.048112 -14.324443 -0.877671 0.000000 0.701909 4452
car -1 -1 nan 94617.000000 nan nan nan 0.472210 0.398391 1.863038 -43.696787 -5.312301 -1.574946 0.000000 0.782498 4450
car -1 -1 nan 94605.000000 nan nan nan 1.048488 0.621606 1.920991 30.680800 -2.208628 -0.613749 0.000000 0.683204 4444
car -1 -1 nan 94614.000000 nan nan nan 1.358841 1.556605 3.436975 25.406979 -2.666150 -0.604929 0.000000 0.886122 4433
car -1 -1 nan 94602.000000 nan nan nan 1.172425 1.102053 3.687421 14.938860 -2.390831 -0.867721 0.000000 0.950395 4394
car -1 -1 nan 94610.000000 nan nan nan 2.244101 2.209308 5.511410 9.060668 -2.953650 -0.664902 0.000000 0.892121 4359
car -1 -1 nan 94595.000000 nan nan nan 1.060164 1.739845 4.051326 0.540747 -2.787052 -0.966431 0.000000 0.917752 4352
car -1 -1 nan 94607.000000 nan nan nan 1.122272 1.698022 3.930432 -8.526739 -2.925820 -1.440968 0.000000 0.939992 4335
car -1 -1 nan 94604.000000 nan nan nan 1.012806 0.764300 2.506834 -33.346211 -2.622560 -1.910105 0.000000 0.920729 4326
car -1 -1 nan 94608.000000 nan nan nan 1.362697 1.779095 3.919689 -25.288791 -2.934108 -1.800680 0.000000 0.930523 4323
other-vehicle -1 -1 nan 94621.000000 nan nan nan 2.653261 2.590825 2.810385 -44.466202 -3.121609 -1.141383 0.000000 0.840818 4272
