car -1 -1 nan 94398.000000 nan nan nan 0.990950 0.490394 1.405638 37.862043 -2.369041 -0.850433 0.000000 0.631274 4444
car -1 -1 nan 94413.000000 nan nan nan 1.253801 1.461804 3.294449 32.479846 -2.767321 -1.075076 0.000000 0.900179 4433
car -1 -1 nan 94411.000000 nan nan nan 1.155591 0.639815 3.264665 22.277994 -2.258219 -1.149711 0.000000 0.910753 4394
car -1 -1 nan 94404.000000 nan nan nan 2.031023 2.140682 4.829387 16.181734 -2.962664 -0.709874 0.000000 0.843214 4359
car -1 -1 nan 94407.000000 nan nan nan 1.403246 1.799667 3.986987 7.660017 -2.757981 -1.133665 0.000000 0.968406 4352
car -1 -1 nan 94396.000000 nan nan nan 0.930937 1.775596 3.837817 -1.351343 -2.851422 -1.016433 0.000000 0.953375 4335
car -1 -1 nan 94415.000000 nan nan nan 1.328020 3.125567 3.020585 -30.924913 -2.034484 -1.067291 0.000000 0.877026 4337
car -1 -1 nan 94416.000000 nan nan nan 1.123003 1.088442 3.320843 -25.954783 -2.451563 -1.195921 0.000000 0.914880 4326
car -1 -1 nan 94402.000000 nan nan nan 1.427817 1.812462 4.142025 -18.158630 -2.784885 -1.259007 0.000000 0.915383 4323
other-vehicle -1 -1 nan 94399.000000 nan nan nan 2.399777 3.551588 3.775840 -36.920383 -2.882739 -0.298694 0.000000 0.899885 4272
