car -1 -1 nan 93057.000000 nan nan nan 0.395608 0.602369 0.230187 -38.205361 -7.154298 -1.475986 0.000000 0.435307 4355
car -1 -1 nan 93080.000000 nan nan nan 1.151152 0.955634 1.384194 43.955248 -2.180624 -0.261248 0.000000 0.712394 4352
car -1 -1 nan 93076.000000 nan nan nan 1.094207 1.554335 2.358719 34.945011 -2.696450 -0.859931 0.000000 0.880063 4335
car -1 -1 nan 93086.000000 nan nan nan 1.444951 1.748891 3.432458 5.357339 -3.036898 -1.124003 0.000000 0.957460 4337
car -1 -1 nan 93079.000000 nan nan nan 1.198507 1.610557 4.050054 10.327282 -2.917939 -1.013145 0.000000 0.952064 4326
car -1 -1 nan 93075.000000 nan nan nan 1.270396 1.795499 4.057478 18.509170 -2.925990 -0.855312 0.000000 0.957401 4323
car -1 -1 nan 93085.000000 nan nan nan 1.308577 1.561458 4.134834 -8.276139 -3.113228 -1.310837 0.000000 0.944200 4304
car -1 -1 nan 93084.000000 nan nan nan 1.406557 0.999694 3.062324 -18.791317 -2.866876 -1.514733 0.000000 0.910602 4274
other-vehicle -1 -1 nan 93070.000000 nan nan nan 1.998676 2.507766 5.800593 -1.596519 -3.032276 -0.602330 0.000000 0.745167 4272
car -1 -1 nan 93078.000000 nan nan nan 1.604589 1.866735 4.687625 -13.589558 -3.259117 -1.227683 0.000000 0.960503 4257
car -1 -1 nan 93074.000000 nan nan nan 1.321263 1.239657 3.592461 -23.400864 -3.080896 -1.560605 0.000000 0.915779 4238
car -1 -1 nan 93082.000000 nan nan nan 0.806599 0.259288 1.387811 -33.762322 -2.626156 -1.990673 0.000000 0.600235 4235
car -1 -1 nan 93088.000000 nan nan nan 1.224009 1.049028 3.764537 -29.259831 -3.037225 -1.758908 0.000000 0.913595 4221
car -1 -1 nan 93064.000000 nan nan nan 1.198452 1.427712 2.017704 -39.940189 -3.439071 -1.564385 0.000000 0.859759 4216
car -1 -1 nan 93081.000000 nan nan nan 0.647531 0.407168 2.243949 -44.713201 -3.013136 -2.189426 0.000000 0.486042 4196
motorcycle -1 -1 nan 93087.000000 nan nan nan 1.188400 0.741091 1.036053 14.744920 -2.874613 -1.011524 0.000000 0.893887 1137
