car -1 -1 nan 97483.000000 nan nan nan 1.258826 1.343475 1.151348 34.132850 3.646218 -0.949838 0.000000 0.757317 4625
car -1 -1 nan 97462.000000 nan nan nan 1.173600 1.363037 1.526707 38.800923 3.946816 -0.769237 0.000000 0.652281 4624
other-vehicle -1 -1 nan 97474.000000 nan nan nan 0.917429 0.908891 2.863209 -18.220485 14.669075 -1.164218 0.000000 0.887689 4617
car -1 -1 nan 97493.000000 nan nan nan 1.073320 0.722109 3.076411 30.044345 3.185722 -1.082043 0.000000 0.950349 4604
car -1 -1 nan 97488.000000 nan nan nan 1.214440 1.607263 3.447881 24.476383 3.550202 -1.043672 0.000000 0.921611 4601
car -1 -1 nan 97478.000000 nan nan nan 1.398259 1.442807 4.198074 14.507061 3.161776 -0.964299 0.000000 0.916725 4594
car -1 -1 nan 97489.000000 nan nan nan 1.630890 2.189757 4.133777 7.825957 3.315620 -0.915866 0.000000 0.941717 4531
car -1 -1 nan 97485.000000 nan nan nan 1.353201 1.956982 3.742500 -11.923377 2.881274 -1.060309 0.000000 0.931040 4512
car -1 -1 nan 97487.000000 nan nan nan 1.202340 2.954984 3.464876 -20.857020 3.249690 -1.052991 0.000000 0.933466 4470
person -1 -1 nan 97463.000000 nan nan nan 1.090654 0.489793 1.284088 -38.094848 -2.567609 -0.641630 0.000000 0.764717 889
bicycle -1 -1 nan 97482.000000 nan nan nan 1.169579 1.803641 2.150405 2.835691 15.747665 -1.222459 0.000000 0.909472 1188
bicycle -1 -1 nan 97481.000000 nan nan nan 0.921538 0.599907 1.824387 -19.144263 14.851241 -1.337206 0.000000 0.852568 1185
