car -1 -1 nan 97503.000000 nan nan nan 0.322996 1.282280 0.623648 36.944837 7.536822 -0.737677 0.000000 0.665673 4627
car -1 -1 nan 97511.000000 nan nan nan 1.288381 1.474490 1.384129 33.053574 3.715148 -0.906630 0.000000 0.750832 4625
car -1 -1 nan 97509.000000 nan nan nan 1.069411 0.518226 0.453067 37.856242 3.332043 -0.838617 0.000000 0.672405 4624
other-vehicle -1 -1 nan 97512.000000 nan nan nan 0.526724 0.654890 0.602553 -18.782209 14.687736 -1.327991 0.000000 0.725229 4617
car -1 -1 nan 97508.000000 nan nan nan 1.093720 0.766662 3.177952 28.933473 3.124245 -1.068317 0.000000 0.881204 4604
car -1 -1 nan 97500.000000 nan nan nan 1.236319 1.605597 3.578475 23.317007 3.510839 -1.010377 0.000000 0.930634 4601
car -1 -1 nan 97507.000000 nan nan nan 1.363256 1.494774 4.133422 13.354591 3.145288 -0.957848 0.000000 0.917612 4594
car -1 -1 nan 97504.000000 nan nan nan 1.641391 2.211418 4.218573 6.692727 3.304532 -0.909158 0.000000 0.951592 4531
car -1 -1 nan 97502.000000 nan nan nan 1.374002 1.923533 3.818153 -13.057940 2.885120 -1.088635 0.000000 0.939928 4512
car -1 -1 nan 97506.000000 nan nan nan 1.147457 2.791473 3.481390 -22.031080 3.222669 -1.080846 0.000000 0.890483 4470
person -1 -1 nan 97463.000000 nan nan nan 1.090654 0.489793 1.284088 -39.095593 -2.562063 -0.631466 0.000000 0.764717 889
bicycle -1 -1 nan 97497.000000 nan nan nan 1.136288 1.635565 2.122832 1.729187 15.674889 -1.264368 0.000000 0.882098 1188
bicycle -1 -1 nan 97501.000000 nan nan nan 0.764161 0.436425 1.685465 -20.356096 14.847079 -1.470780 0.000000 0.850095 1185
