car -1 -1 nan 95765.000000 nan nan nan 0.559883 0.290389 2.311514 0.853929 49.716584 -0.505716 0.000000 0.836100 4502
car -1 -1 nan 95781.000000 nan nan nan 0.899010 0.372906 1.808717 -35.945698 -4.168090 -1.454601 0.000000 0.705959 4499
car -1 -1 nan 95755.000000 nan nan nan 0.851560 1.300892 1.132063 18.904635 -36.589136 -2.048091 0.000000 0.736122 4490
car -1 -1 nan 95776.000000 nan nan nan 1.336600 4.044660 1.846245 6.726167 7.860942 -0.932990 0.000000 0.958917 4470
car -1 -1 nan 95775.000000 nan nan nan 1.328589 1.925753 4.009043 -5.801914 -2.452995 -1.104473 0.000000 0.907047 4444
car -1 -1 nan 95779.000000 nan nan nan 1.479585 1.774131 3.742325 -11.735478 -2.960683 -1.006686 0.000000 0.945927 4433
car -1 -1 nan 95769.000000 nan nan nan 1.229177 1.253009 3.718833 -22.117510 -3.528579 -1.227642 0.000000 0.920929 4394
car -1 -1 nan 95780.000000 nan nan nan 1.677055 3.294299 4.862525 -28.686681 -4.730778 -0.772239 0.000000 0.936700 4359
person -1 -1 nan 95774.000000 nan nan nan 0.540394 0.285873 0.454503 3.866451 34.920798 -0.605661 0.000000 0.910119 877
person -1 -1 nan 95772.000000 nan nan nan 0.852848 0.779099 0.353902 -1.672473 -34.363607 -1.262640 0.000000 0.887836 876
person -1 -1 nan 95764.000000 nan nan nan 1.544381 0.575280 0.728868 6.402778 -4.248604 -0.926860 0.000000 0.935602 866
bicycle -1 -1 nan 95771.000000 nan nan nan 1.272719 1.014994 0.534334 -3.814777 11.030968 -0.694058 0.000000 0.898119 1153
