car -1 -1 nan 96331.000000 nan nan nan 1.326337 1.972730 1.977589 17.477344 29.103270 -0.347724 0.000000 0.833972 4531
other-vehicle -1 -1 nan 96316.000000 nan nan nan 1.337506 2.715058 2.591014 -4.741373 12.373390 -0.689035 0.000000 0.885708 4529
car -1 -1 nan 96322.000000 nan nan nan 0.970049 2.305589 2.756190 -17.637410 -31.802235 -2.111185 0.000000 0.863388 4524
car -1 -1 nan 96336.000000 nan nan nan 0.513067 0.413460 0.396608 -39.195747 16.816593 -1.825445 0.000000 0.753672 4517
car -1 -1 nan 96310.000000 nan nan nan 1.297999 3.451735 1.637512 8.251849 12.218635 -0.752585 0.000000 0.935381 4512
car -1 -1 nan 96320.000000 nan nan nan 1.055935 2.310205 1.794797 -13.084985 -38.805120 -2.209800 0.000000 0.860305 4504
car -1 -1 nan 96327.000000 nan nan nan 1.325734 1.820293 4.016340 3.881387 4.025110 -0.969342 0.000000 0.933148 4470
car -1 -1 nan 96306.000000 nan nan nan 1.296130 3.079154 3.182159 -12.649281 2.849774 -1.308988 0.000000 0.935609 4444
car -1 -1 nan 96324.000000 nan nan nan 1.476929 2.450919 3.761012 -18.039976 5.707439 -1.311133 0.000000 0.921310 4433
car -1 -1 nan 96312.000000 nan nan nan 1.199175 2.419422 2.792378 -27.119366 10.514771 -1.579111 0.000000 0.932561 4394
car -1 -1 nan 96326.000000 nan nan nan 1.716232 3.501096 5.038501 -33.121476 13.050800 -1.149276 0.000000 0.923496 4359
person -1 -1 nan 96321.000000 nan nan nan 1.562485 0.775585 0.691978 -5.439229 -3.451030 -1.189853 0.000000 0.935957 866
bicycle -1 -1 nan 96315.000000 nan nan nan 0.483032 1.066701 0.650931 -17.513648 -12.511437 -1.747017 0.000000 0.860548 1168
bicycle -1 -1 nan 96281.000000 nan nan nan 1.061059 2.391578 2.022910 -4.664694 12.373895 -1.034004 0.000000 0.893725 1163
