other-vehicle -1 -1 nan 96442.000000 nan nan nan 0.321087 0.337392 0.660767 -3.673521 13.597640 -0.925413 0.000000 0.733806 4541
car -1 -1 nan 96439.000000 nan nan nan 1.411401 2.015131 2.516037 18.996004 29.815556 -0.131595 0.000000 0.762662 4544
car -1 -1 nan 96402.000000 nan nan nan 1.125719 2.842872 1.662267 -16.635283 -23.696665 -1.885482 0.000000 0.879831 4538
car -1 -1 nan 96416.000000 nan nan nan 1.301225 1.709405 1.283349 19.328321 26.837778 -0.345493 0.000000 0.678060 4531
car -1 -1 nan 96426.000000 nan nan nan 0.982631 2.254219 1.949208 -21.814758 -29.962491 -1.935306 0.000000 0.684080 4524
car -1 -1 nan 96408.000000 nan nan nan 0.811690 0.966252 1.589858 -38.543738 20.856165 -2.076333 0.000000 0.830128 4517
car -1 -1 nan 96415.000000 nan nan nan 1.070330 3.357302 2.657709 8.662627 11.070064 -0.669934 0.000000 0.917373 4512
car -1 -1 nan 96423.000000 nan nan nan 0.919495 2.671742 2.179379 -18.245817 -37.214881 -2.287186 0.000000 0.611350 4504
car -1 -1 nan 96422.000000 nan nan nan 1.336660 2.105775 4.158610 3.346810 3.741965 -0.980573 0.000000 0.954624 4470
car -1 -1 nan 96432.000000 nan nan nan 1.339593 3.281184 2.938895 -13.272763 4.223733 -1.465097 0.000000 0.923758 4444
car -1 -1 nan 96421.000000 nan nan nan 1.426168 2.437016 3.088712 -18.148478 7.707215 -1.449286 0.000000 0.936262 4433
car -1 -1 nan 96417.000000 nan nan nan 1.081331 2.757593 2.672636 -26.860139 13.257027 -1.805321 0.000000 0.918873 4394
car -1 -1 nan 96431.000000 nan nan nan 1.790197 3.474229 4.977388 -32.605980 16.681060 -1.463916 0.000000 0.864920 4359
person -1 -1 nan 96410.000000 nan nan nan 1.430516 0.802588 0.618012 -7.136906 -2.497346 -1.142364 0.000000 0.927266 866
bicyclist -1 -1 nan 96433.000000 nan nan nan 1.451353 0.893507 1.697236 -38.607394 21.090786 -2.229944 0.000000 0.621160 1170
bicycle -1 -1 nan 96315.000000 nan nan nan 0.483032 1.066701 0.650931 -19.902664 -11.132720 -1.846498 0.000000 0.860548 1168
bicycle -1 -1 nan 96419.000000 nan nan nan 0.746397 1.358580 0.759286 -4.693783 12.266262 -1.021967 0.000000 0.867767 1163
