car -1 -1 nan 95827.000000 nan nan nan 0.582100 2.204989 1.254814 12.385530 -37.781673 -2.029110 0.000000 0.717133 4504
other-vehicle -1 -1 nan 95820.000000 nan nan nan 1.138028 0.888582 0.754495 -4.563843 11.432499 -0.272335 0.000000 0.883466 4505
car -1 -1 nan 95841.000000 nan nan nan 0.909822 1.169428 1.067722 15.931207 -37.623225 -1.899605 0.000000 0.853936 4490
car -1 -1 nan 95811.000000 nan nan nan 1.033635 1.109802 2.476902 1.772126 49.035037 0.038051 0.000000 0.729630 4502
car -1 -1 nan 95844.000000 nan nan nan 0.582622 0.274045 1.267168 -37.152437 -2.702710 -1.494290 0.000000 0.819104 4499
car -1 -1 nan 95842.000000 nan nan nan 1.334915 3.567672 1.888414 5.867735 7.405549 -0.902550 0.000000 0.947159 4470
car -1 -1 nan 95843.000000 nan nan nan 1.452687 1.955131 3.986518 -7.080206 -2.267556 -1.106247 0.000000 0.944185 4444
car -1 -1 nan 95847.000000 nan nan nan 1.533763 1.742269 4.037059 -13.159454 -2.445594 -1.112888 0.000000 0.931195 4433
car -1 -1 nan 95833.000000 nan nan nan 1.178201 1.263206 3.583451 -23.399654 -2.588492 -1.332120 0.000000 0.887422 4394
car -1 -1 nan 95846.000000 nan nan nan 1.749811 2.056063 4.907927 -30.069083 -3.242187 -0.916754 0.000000 0.914052 4359
person -1 -1 nan 95817.000000 nan nan nan 0.570843 0.252205 0.462438 3.937079 34.717856 -0.330972 0.000000 0.885744 877
person -1 -1 nan 95792.000000 nan nan nan 0.928272 0.380387 0.237280 -4.465803 -34.327830 -1.407201 0.000000 0.823518 876
person -1 -1 nan 95838.000000 nan nan nan 1.546891 0.695341 0.835124 4.593160 -4.436978 -0.963155 0.000000 0.962136 866
bicycle -1 -1 nan 95771.000000 nan nan nan 1.272719 1.014994 0.534334 -4.678045 12.053189 -0.740217 0.000000 0.898119 1153
