car -1 -1 nan 96749.000000 nan nan nan 0.966136 1.584894 1.669832 -43.184074 -9.035894 -1.396943 0.000000 0.612249 4576
car -1 -1 nan 96734.000000 nan nan nan 0.176748 1.980865 1.356384 -37.884193 -19.434348 -1.118899 0.000000 0.607809 4524
car -1 -1 nan 96746.000000 nan nan nan 0.758868 2.174293 2.028116 5.011290 -13.420415 -0.664935 0.000000 0.795730 4573
car -1 -1 nan 96765.000000 nan nan nan 1.035124 1.871569 1.315448 36.018411 16.890338 -0.138593 0.000000 0.789717 4558
car -1 -1 nan 96742.000000 nan nan nan 0.869798 0.218376 0.624710 25.576164 19.678495 -0.522679 0.000000 0.714641 4544
car -1 -1 nan 96766.000000 nan nan nan 1.392551 3.113054 3.348144 25.070795 17.734616 -0.681138 0.000000 0.920771 4531
car -1 -1 nan 96760.000000 nan nan nan 0.485257 1.419857 0.787899 -30.893539 35.290884 -2.676986 0.000000 0.722058 4517
car -1 -1 nan 96750.000000 nan nan nan 1.432904 2.204192 3.687102 8.600140 6.652722 -1.016394 0.000000 0.922096 4512
car -1 -1 nan 96767.000000 nan nan nan 0.639044 1.183874 1.175458 -35.461509 -25.699188 -1.857385 0.000000 0.850781 4504
car -1 -1 nan 96764.000000 nan nan nan 1.094402 1.795004 4.112313 0.724230 2.919258 -0.973426 0.000000 0.946378 4470
car -1 -1 nan 96762.000000 nan nan nan 1.244620 3.860428 2.881394 -14.806927 9.938272 -1.666660 0.000000 0.940761 4444
car -1 -1 nan 96743.000000 nan nan nan 1.435590 3.542330 3.050227 -18.035744 14.918728 -1.802368 0.000000 0.868363 4433
car -1 -1 nan 96761.000000 nan nan nan 1.215642 3.546100 2.000702 -23.383674 23.607221 -2.255132 0.000000 0.920211 4394
car -1 -1 nan 96755.000000 nan nan nan 1.747497 4.285894 3.043087 -27.229482 29.247566 -1.945384 0.000000 0.872635 4359
person -1 -1 nan 96753.000000 nan nan nan 1.523168 0.570733 0.570275 -12.345930 2.306763 -1.258868 0.000000 0.950648 866
bicycle -1 -1 nan 96752.000000 nan nan nan 0.591121 0.902594 1.586657 29.585438 35.156443 -0.936002 0.000000 0.876871 1171
