other-vehicle -1 -1 nan 97323.000000 nan nan nan 0.662532 0.798510 1.103519 -8.182620 14.246850 -0.851997 0.000000 0.865575 4611
car -1 -1 nan 97332.000000 nan nan nan 1.000912 0.600007 1.704532 38.123351 3.066660 -1.158858 0.000000 0.885043 4604
car -1 -1 nan 97337.000000 nan nan nan 1.106599 1.354873 3.331810 32.742663 3.366303 -1.112941 0.000000 0.912687 4601
car -1 -1 nan 97329.000000 nan nan nan 1.249166 0.784517 4.051898 22.887814 2.818527 -1.012242 0.000000 0.930370 4594
car -1 -1 nan 97334.000000 nan nan nan 1.595428 2.387370 4.088920 16.112890 3.423617 -0.940606 0.000000 0.933800 4531
car -1 -1 nan 97327.000000 nan nan nan 1.377032 1.928141 3.721942 -3.639606 2.861669 -0.949566 0.000000 0.960807 4512
car -1 -1 nan 97333.000000 nan nan nan 1.308708 3.408203 3.417126 -12.539639 3.522149 -1.023394 0.000000 0.925220 4470
person -1 -1 nan 97271.000000 nan nan nan 1.270849 0.771635 0.510206 -24.098720 13.323325 -1.036109 0.000000 0.429507 866
bicycle -1 -1 nan 97330.000000 nan nan nan 1.099242 1.812175 1.913644 11.089868 15.728735 -1.202352 0.000000 0.897283 1188
bicycle -1 -1 nan 97331.000000 nan nan nan 0.887887 0.691674 1.441356 -11.030143 14.939175 -1.141850 0.000000 0.911090 1185
