car -1 -1 nan 95656.000000 nan nan nan 1.149200 1.227365 0.843750 -35.885909 6.980848 1.197009 0.000000 0.756146 4494
car -1 -1 nan 95666.000000 nan nan nan 0.429093 1.342346 1.209116 21.770219 -36.176808 -2.027285 0.000000 0.784083 4490
car -1 -1 nan 95670.000000 nan nan nan 1.309246 3.997417 1.723654 8.191421 8.247232 -0.889533 0.000000 0.947448 4470
car -1 -1 nan 95664.000000 nan nan nan 1.275860 1.847844 3.996779 -4.061285 -2.531759 -1.032419 0.000000 0.969917 4444
car -1 -1 nan 95677.000000 nan nan nan 1.515649 1.920159 3.883179 -9.865971 -3.256405 -0.953561 0.000000 0.909454 4433
car -1 -1 nan 95669.000000 nan nan nan 1.169568 1.495097 3.701504 -20.181682 -4.255734 -1.109104 0.000000 0.907665 4394
car -1 -1 nan 95678.000000 nan nan nan 1.863165 2.548160 4.842760 -26.821267 -5.335642 -0.587435 0.000000 0.846717 4359
car -1 -1 nan 95653.000000 nan nan nan 1.248818 0.631894 4.794587 -37.437224 -9.918938 0.298365 0.000000 0.369416 4352
person -1 -1 nan 95673.000000 nan nan nan 1.547776 0.615334 0.541011 8.817894 -3.971102 -1.007458 0.000000 0.943759 866
bicycle -1 -1 nan 95683.000000 nan nan nan 0.795654 0.516179 1.518374 -2.736618 9.658633 -0.695057 0.000000 0.773746 1153
