car -1 -1 nan 98506.000000 nan nan nan 1.178892 1.585806 1.286050 41.914451 -0.362550 -0.444387 0.000000 0.743080 4674
car -1 -1 nan 98494.000000 nan nan nan 0.345639 0.676422 0.353889 -12.455605 7.495259 -0.881536 0.000000 0.684525 4669
car -1 -1 nan 98502.000000 nan nan nan 1.309625 1.684836 3.491536 7.196423 3.084611 -0.970478 0.000000 0.947312 4649
car -1 -1 nan 98495.000000 nan nan nan 1.499614 1.791450 3.549372 12.624160 3.034088 -0.782001 0.000000 0.956208 4645
car -1 -1 nan 98501.000000 nan nan nan 1.385355 1.828495 4.319032 -3.913843 2.974477 -1.075879 0.000000 0.951826 4638
car -1 -1 nan 98487.000000 nan nan nan 1.398657 1.686800 4.022744 1.584801 2.961452 -0.963876 0.000000 0.965973 4633
car -1 -1 nan 98505.000000 nan nan nan 1.485187 1.466911 3.655731 -15.160035 2.917312 -1.216096 0.000000 0.905739 4625
car -1 -1 nan 98504.000000 nan nan nan 1.502347 2.137554 4.407016 -9.412577 2.903893 -1.123967 0.000000 0.957069 4624
car -1 -1 nan 98503.000000 nan nan nan 1.129803 0.836193 3.365674 -20.129460 2.523648 -1.357819 0.000000 0.936083 4604
car -1 -1 nan 98491.000000 nan nan nan 1.188316 1.519881 3.317905 -25.680474 2.836259 -1.372067 0.000000 0.884122 4601
car -1 -1 nan 98497.000000 nan nan nan 1.116714 1.426040 3.905360 -35.582973 2.663625 -1.505031 0.000000 0.892552 4594
car -1 -1 nan 98499.000000 nan nan nan 1.145916 1.123513 2.064475 -41.696910 2.504458 -1.459540 0.000000 0.724205 4531
bicycle -1 -1 nan 98510.000000 nan nan nan 1.045536 0.409511 2.001141 -30.528978 15.134589 -1.686110 0.000000 0.855964 1192
