car -1 -1 nan 100452.000000 nan nan nan 1.293960 0.749181 1.235114 38.664813 -1.939312 -0.519091 0.000000 0.702795 4793
car -1 -1 nan 100448.000000 nan nan nan 1.126797 0.654316 3.230946 23.248490 -2.216219 -0.704941 0.000000 0.906151 4784
car -1 -1 nan 100442.000000 nan nan nan 1.081088 1.441827 3.164722 33.148223 -2.440733 -0.605185 0.000000 0.932634 4772
car -1 -1 nan 100453.000000 nan nan nan 1.337471 1.686993 3.983497 10.308912 -2.719492 -0.926010 0.000000 0.929269 4766
car -1 -1 nan 100438.000000 nan nan nan 1.718495 1.957366 4.814873 16.109774 -2.642858 -0.609254 0.000000 0.940231 4747
other-vehicle -1 -1 nan 100409.000000 nan nan nan 1.244160 1.255806 2.181161 -28.220644 -20.287888 -0.645534 0.000000 0.826881 4749
car -1 -1 nan 100455.000000 nan nan nan 1.240751 1.881731 3.616059 -1.069909 -3.098375 -0.942221 0.000000 0.943647 4731
car -1 -1 nan 100445.000000 nan nan nan 1.759567 2.029129 4.401966 4.542447 -3.025481 -0.884589 0.000000 0.964898 4722
car -1 -1 nan 100450.000000 nan nan nan 1.121896 2.834355 1.596923 -28.203119 -10.503445 -1.512580 0.000000 0.857075 4726
car -1 -1 nan 100414.000000 nan nan nan 0.932687 0.931032 2.327028 -19.340479 -13.635412 -1.379784 0.000000 0.829007 4724
car -1 -1 nan 100444.000000 nan nan nan 1.266533 1.958681 4.238270 -10.946445 -3.186404 -1.246342 0.000000 0.938446 4723
car -1 -1 nan 100457.000000 nan nan nan 1.192202 1.815759 3.733467 -18.905883 -11.516715 -1.533783 0.000000 0.944123 4721
car -1 -1 nan 100436.000000 nan nan nan 1.218295 2.251488 4.393384 -18.948653 -8.767941 -1.464735 0.000000 0.961187 4704
car -1 -1 nan 100451.000000 nan nan nan 1.297869 1.644821 4.079345 -17.318616 -3.150905 -1.329542 0.000000 0.938735 4674
car -1 -1 nan 100439.000000 nan nan nan 1.344761 1.797391 2.656148 -46.939183 -0.100228 -1.650814 0.000000 0.912384 4645
person -1 -1 nan 100360.000000 nan nan nan 0.980240 0.557259 0.611271 -5.264792 -9.926132 -1.427472 0.000000 0.813063 900
