car -1 -1 nan 99157.000000 nan nan nan 0.272064 2.800906 0.723581 9.385348 28.475207 -0.567742 0.000000 0.804288 4733
car -1 -1 nan 99185.000000 nan nan nan 1.088249 1.291964 1.967921 12.149497 -19.455881 -0.805376 0.000000 0.785074 4735
other-vehicle -1 -1 nan 99171.000000 nan nan nan 1.147982 1.321733 1.242461 18.040102 -12.361460 0.288069 0.000000 0.362278 4729
car -1 -1 nan 99181.000000 nan nan nan 1.008875 1.138959 1.070330 31.383040 -4.656080 -1.141854 0.000000 0.721678 4731
car -1 -1 nan 99155.000000 nan nan nan 1.236072 1.464205 0.863378 36.498085 -4.747540 -1.133397 0.000000 0.744288 4722
car -1 -1 nan 99176.000000 nan nan nan 1.373162 3.677383 1.902726 4.529815 -8.866387 -0.761670 0.000000 0.924174 4726
car -1 -1 nan 99180.000000 nan nan nan 1.353431 1.670239 2.089677 12.445446 -13.627712 -0.891825 0.000000 0.816607 4724
car -1 -1 nan 99169.000000 nan nan nan 1.177721 1.445374 2.700139 21.716348 -3.576483 -1.147195 0.000000 0.924794 4723
car -1 -1 nan 99188.000000 nan nan nan 1.332839 1.702634 2.538472 12.716473 -11.148810 -0.919180 0.000000 0.901202 4721
car -1 -1 nan 99161.000000 nan nan nan 1.325878 4.506672 1.907203 7.950198 11.117355 -1.086145 0.000000 0.916873 4715
car -1 -1 nan 99160.000000 nan nan nan 1.297761 1.687954 4.208493 13.553936 -8.706650 -0.912168 0.000000 0.960597 4704
car -1 -1 nan 99175.000000 nan nan nan 1.363885 1.689583 4.119458 15.689805 -3.239528 -1.047870 0.000000 0.943217 4674
car -1 -1 nan 99179.000000 nan nan nan 1.256620 0.718680 3.093061 -19.312999 3.287143 -0.969256 0.000000 0.902656 4649
car -1 -1 nan 99159.000000 nan nan nan 1.570582 1.990158 3.996197 -13.854087 3.262933 -0.878591 0.000000 0.933810 4645
car -1 -1 nan 99178.000000 nan nan nan 1.242290 0.924691 2.739928 -30.244879 4.370558 -0.896666 0.000000 0.831116 4638
car -1 -1 nan 99170.000000 nan nan nan 1.284467 1.381414 3.340918 -24.894642 4.183060 -0.945247 0.000000 0.877679 4633
car -1 -1 nan 99190.000000 nan nan nan 0.558531 0.286674 0.290012 -34.761733 4.600817 -1.176913 0.000000 0.492650 4624
