car -1 -1 nan 97983.000000 nan nan nan 0.788175 0.708386 0.957588 -48.408890 5.232348 -2.055857 0.000000 0.740409 4656
car -1 -1 nan 97978.000000 nan nan nan 1.006161 0.490283 2.847865 30.851553 2.583288 -0.578087 0.000000 0.788896 4649
car -1 -1 nan 97986.000000 nan nan nan 1.227511 1.543053 2.956484 36.675592 3.058324 -0.303870 0.000000 0.867349 4645
car -1 -1 nan 97981.000000 nan nan nan 1.265423 0.977499 3.596316 19.685712 2.660468 -0.696566 0.000000 0.932563 4638
car -1 -1 nan 97987.000000 nan nan nan 1.236121 1.317986 3.511440 25.487854 2.960600 -0.596486 0.000000 0.884206 4633
car -1 -1 nan 97973.000000 nan nan nan 1.509747 1.649933 3.624845 8.455864 3.101677 -0.837041 0.000000 0.926806 4625
car -1 -1 nan 97988.000000 nan nan nan 1.512623 1.725338 4.579540 13.978059 2.866909 -0.744582 0.000000 0.937818 4624
car -1 -1 nan 97989.000000 nan nan nan 1.319343 1.707641 4.018744 3.460313 2.967360 -0.977005 0.000000 0.961276 4604
car -1 -1 nan 97982.000000 nan nan nan 1.066810 1.816881 3.968503 -1.854646 3.090478 -0.902264 0.000000 0.963171 4601
car -1 -1 nan 97984.000000 nan nan nan 1.344365 1.794287 4.601779 -11.586418 3.106598 -1.194507 0.000000 0.950715 4594
car -1 -1 nan 97976.000000 nan nan nan 1.495747 2.276810 4.098872 -18.367524 3.241176 -1.264466 0.000000 0.920910 4531
car -1 -1 nan 97980.000000 nan nan nan 1.225115 1.917347 1.935748 -38.019000 3.202011 -1.864107 0.000000 0.921646 4512
car -1 -1 nan 97992.000000 nan nan nan 0.663211 0.608131 1.517339 -47.231160 2.400052 -2.279634 0.000000 0.644760 4470
person -1 -1 nan 97996.000000 nan nan nan 0.485836 0.601513 1.129667 -46.002524 -2.977120 -1.699228 0.000000 0.412249 890
bicycle -1 -1 nan 97977.000000 nan nan nan 0.878633 0.248347 0.817701 -6.140819 16.956181 -1.382676 0.000000 0.765485 1196
bicycle -1 -1 nan 97993.000000 nan nan nan 1.080712 1.154100 1.848652 -6.544325 15.646327 -1.343711 0.000000 0.935666 1192
bicycle -1 -1 nan 97915.000000 nan nan nan 0.683868 1.183275 1.077141 -23.212914 15.604451 -1.728918 0.000000 0.814185 1188
