car -1 -1 nan 100336.000000 nan nan nan 0.198816 1.712998 1.070609 -36.581327 -10.763069 -0.182236 0.000000 0.464791 4781
car -1 -1 nan 100323.000000 nan nan nan 0.949483 0.396021 2.920347 27.813334 -2.062105 -0.656414 0.000000 0.852066 4784
car -1 -1 nan 100330.000000 nan nan nan 1.109104 1.363424 3.079652 37.805221 -2.311604 -0.631013 0.000000 0.920352 4772
car -1 -1 nan 100339.000000 nan nan nan 1.229028 1.532922 3.860375 14.962208 -2.580704 -0.888992 0.000000 0.914903 4766
car -1 -1 nan 100344.000000 nan nan nan 1.764458 1.914388 4.452303 20.656045 -2.526494 -0.613310 0.000000 0.887759 4747
other-vehicle -1 -1 nan 100319.000000 nan nan nan 2.100892 4.518555 2.544303 -23.324929 -22.168642 -0.894571 0.000000 0.840227 4749
car -1 -1 nan 100338.000000 nan nan nan 0.156075 1.709222 1.325968 -23.730235 -16.581147 -1.263913 0.000000 0.820663 4744
car -1 -1 nan 100310.000000 nan nan nan 0.268504 1.802866 1.452735 -22.659986 16.084897 -0.274971 0.000000 0.883365 4736
car -1 -1 nan 100337.000000 nan nan nan 1.541997 1.940567 3.386950 3.243197 -3.147709 -1.064808 0.000000 0.945124 4731
car -1 -1 nan 100316.000000 nan nan nan 1.706620 2.095062 4.445092 9.027131 -3.020656 -0.829949 0.000000 0.939340 4722
car -1 -1 nan 100329.000000 nan nan nan 1.024174 3.695545 1.525892 -23.631470 -10.552493 -1.471880 0.000000 0.878864 4726
car -1 -1 nan 100327.000000 nan nan nan 1.094871 1.601013 2.908864 -14.394795 -14.014427 -1.386407 0.000000 0.856183 4724
car -1 -1 nan 100335.000000 nan nan nan 1.675469 1.928838 4.323296 -6.461337 -3.150178 -1.035830 0.000000 0.955102 4723
car -1 -1 nan 100342.000000 nan nan nan 1.294991 1.692698 3.462789 -14.411998 -11.399152 -1.506912 0.000000 0.912653 4721
car -1 -1 nan 100328.000000 nan nan nan 0.486326 3.498468 1.108391 -22.406741 10.300594 -0.544819 0.000000 0.843246 4715
car -1 -1 nan 100340.000000 nan nan nan 1.227576 1.911320 4.519507 -14.312507 -8.958229 -1.360243 0.000000 0.942089 4704
car -1 -1 nan 100321.000000 nan nan nan 1.337873 1.794473 4.316755 -12.711269 -3.240266 -1.235075 0.000000 0.956264 4674
car -1 -1 nan 100334.000000 nan nan nan 1.190540 1.897367 2.334747 -42.518223 -0.189526 -1.572547 0.000000 0.888817 4645
person -1 -1 nan 100204.000000 nan nan nan 0.847938 0.577800 0.434188 -5.611400 -8.992352 -1.059188 0.000000 0.897946 903
person -1 -1 nan 100325.000000 nan nan nan 1.202978 0.612349 0.611245 -0.763420 -9.948209 -1.274189 0.000000 0.602189 900
