other-vehicle -1 -1 nan 98425.000000 nan nan nan 0.299482 1.025285 0.525138 -30.272735 -3.439411 -0.930526 0.000000 0.580889 4677
car -1 -1 nan 98422.000000 nan nan nan 1.016001 1.443241 1.439868 45.642431 -0.403524 -0.369648 0.000000 0.703584 4674
car -1 -1 nan 98399.000000 nan nan nan 0.420594 0.469304 1.030597 -47.425059 5.484571 -1.196836 0.000000 0.695359 4671
car -1 -1 nan 98402.000000 nan nan nan 0.875522 1.948291 1.004314 -9.078846 7.142785 -0.982416 0.000000 0.504456 4669
car -1 -1 nan 98420.000000 nan nan nan 1.252943 1.586910 3.707438 10.805872 3.098659 -0.937086 0.000000 0.918695 4649
car -1 -1 nan 98405.000000 nan nan nan 1.477155 1.741717 3.808476 16.157595 3.049493 -0.771848 0.000000 0.954799 4645
car -1 -1 nan 98427.000000 nan nan nan 1.207177 1.778810 4.181832 -0.522633 2.958905 -0.941309 0.000000 0.959132 4638
car -1 -1 nan 98413.000000 nan nan nan 1.484621 1.676572 4.159928 5.042892 3.058058 -0.980475 0.000000 0.925646 4633
car -1 -1 nan 98423.000000 nan nan nan 1.459343 1.553384 3.686879 -11.600670 2.974805 -1.115343 0.000000 0.944984 4625
car -1 -1 nan 98421.000000 nan nan nan 1.523099 2.006541 4.390187 -5.739649 2.892793 -1.048515 0.000000 0.973598 4624
car -1 -1 nan 98414.000000 nan nan nan 1.242300 1.241104 3.447421 -16.641880 2.708904 -1.258674 0.000000 0.933190 4604
car -1 -1 nan 98419.000000 nan nan nan 1.265595 1.483073 3.786013 -22.416828 2.864833 -1.309987 0.000000 0.893178 4601
car -1 -1 nan 98415.000000 nan nan nan 1.187215 1.455714 4.114070 -31.911818 2.694047 -1.404452 0.000000 0.914103 4594
car -1 -1 nan 98426.000000 nan nan nan 1.089791 2.074195 2.580252 -38.361373 3.022313 -1.322856 0.000000 0.870513 4531
bicycle -1 -1 nan 98374.000000 nan nan nan 0.681445 0.465481 0.848463 -26.667048 16.844170 -1.641091 0.000000 0.789190 1196
bicycle -1 -1 nan 98428.000000 nan nan nan 1.018438 0.656314 1.844050 -27.138669 15.371186 -1.524588 0.000000 0.913529 1192
