car -1 -1 nan 99897.000000 nan nan nan 0.443523 1.476138 1.704714 -1.637212 -19.669908 -1.194881 0.000000 0.866867 4769
car -1 -1 nan 99893.000000 nan nan nan 1.194815 0.859058 2.892015 27.835013 -3.326685 -0.611009 0.000000 0.856490 4766
car -1 -1 nan 99875.000000 nan nan nan 0.352237 1.084920 0.966820 -7.625177 33.021716 -0.388021 0.000000 0.734968 4763
other-vehicle -1 -1 nan 99894.000000 nan nan nan 0.718458 0.498631 0.515578 -46.185026 -5.195028 -2.251250 0.000000 0.610320 4740
other-vehicle -1 -1 nan 99865.000000 nan nan nan 1.744347 1.676647 2.092615 -7.954081 43.125765 0.938600 0.000000 0.365148 4755
car -1 -1 nan 99892.000000 nan nan nan 1.572460 4.279775 1.679363 -8.097298 21.394238 -0.270437 0.000000 0.937435 4754
car -1 -1 nan 99888.000000 nan nan nan 1.472985 1.575068 2.297981 32.805459 -3.708648 -0.157701 0.000000 0.735792 4747
other-vehicle -1 -1 nan 99880.000000 nan nan nan 2.951110 6.588289 2.498243 -10.983224 -22.076079 -1.130780 0.000000 0.867522 4749
car -1 -1 nan 99889.000000 nan nan nan 1.310552 3.756549 1.723940 -11.007083 -15.236827 -1.709422 0.000000 0.939874 4744
car -1 -1 nan 99868.000000 nan nan nan 1.427034 3.416881 1.574533 -8.570921 16.269196 -0.662667 0.000000 0.923425 4736
car -1 -1 nan 99906.000000 nan nan nan 1.555720 4.166110 1.705566 -7.991655 27.614594 -0.148370 0.000000 0.896841 4733
car -1 -1 nan 99878.000000 nan nan nan 1.348144 1.632706 3.437325 16.365122 -3.630085 -0.800631 0.000000 0.930486 4731
car -1 -1 nan 99890.000000 nan nan nan 1.468836 1.720054 3.962026 22.236687 -3.637725 -0.546449 0.000000 0.936217 4722
car -1 -1 nan 99871.000000 nan nan nan 1.433204 3.941093 1.864293 -10.774540 -9.773714 -1.478693 0.000000 0.929987 4726
car -1 -1 nan 99895.000000 nan nan nan 0.694204 1.561452 3.078918 -1.619510 -13.466431 -0.873575 0.000000 0.851593 4724
car -1 -1 nan 99863.000000 nan nan nan 1.401949 1.881711 4.324877 6.251782 -3.127500 -1.027544 0.000000 0.967013 4723
car -1 -1 nan 99879.000000 nan nan nan 0.638776 1.749628 3.368191 -1.569409 -11.044009 -0.852804 0.000000 0.848401 4721
car -1 -1 nan 99887.000000 nan nan nan 1.291943 4.328548 1.779590 -8.706779 10.794483 -0.845665 0.000000 0.944938 4715
car -1 -1 nan 99898.000000 nan nan nan 0.858133 1.931312 4.524143 -1.521372 -8.594863 -1.042918 0.000000 0.954903 4704
car -1 -1 nan 99884.000000 nan nan nan 1.012470 1.828520 4.273276 0.224744 -2.901422 -0.914536 0.000000 0.927285 4674
car -1 -1 nan 99874.000000 nan nan nan 1.308553 2.014856 2.554517 -29.612674 1.257985 -1.616181 0.000000 0.928593 4645
person -1 -1 nan 99904.000000 nan nan nan 1.500312 1.208900 0.953324 -7.000515 37.012884 0.299198 0.000000 0.918487 904
person -1 -1 nan 99886.000000 nan nan nan 1.259255 0.524596 0.413343 5.905865 -9.185399 -0.972309 0.000000 0.875106 903
person -1 -1 nan 99891.000000 nan nan nan 1.108666 0.456515 0.470924 -5.991278 37.630987 0.343570 0.000000 0.878300 901
person -1 -1 nan 99882.000000 nan nan nan 0.949387 0.522651 0.587904 11.904835 -10.213894 -0.866682 0.000000 0.760662 900
