car -1 -1 nan 97655.000000 nan nan nan 0.617440 0.256400 1.455551 40.416245 2.942982 -0.675321 0.000000 0.675668 4633
car -1 -1 nan 97660.000000 nan nan nan 1.309151 1.460854 3.044528 24.425758 3.295838 -0.973504 0.000000 0.954390 4625
car -1 -1 nan 97661.000000 nan nan nan 1.310964 1.656385 3.925303 30.289844 3.255483 -0.876172 0.000000 0.907993 4624
car -1 -1 nan 97662.000000 nan nan nan 1.217942 1.385006 3.482170 19.382716 3.150472 -1.019396 0.000000 0.943459 4604
car -1 -1 nan 97656.000000 nan nan nan 1.330032 1.745909 3.864076 13.847428 3.287962 -1.017991 0.000000 0.944298 4601
car -1 -1 nan 97646.000000 nan nan nan 1.387122 1.730998 4.356534 3.905600 3.052122 -0.920733 0.000000 0.973746 4594
car -1 -1 nan 97665.000000 nan nan nan 1.542958 2.383310 4.414279 -2.485297 3.231540 -0.809987 0.000000 0.926313 4531
car -1 -1 nan 97649.000000 nan nan nan 1.379682 1.853748 3.724604 -22.653086 3.030706 -1.208517 0.000000 0.912159 4512
car -1 -1 nan 97657.000000 nan nan nan 1.014613 2.777861 2.339454 -31.218101 3.356881 -1.306836 0.000000 0.856961 4470
bicycle -1 -1 nan 97653.000000 nan nan nan 1.006818 0.902851 1.872718 9.274624 15.766539 -1.223254 0.000000 0.872456 1192
bicycle -1 -1 nan 97651.000000 nan nan nan 0.993908 1.606160 1.729655 -7.503740 15.683911 -1.205988 0.000000 0.860763 1188
