car -1 -1 nan 98596.000000 nan nan nan 0.724024 1.464052 0.839334 -42.850117 -4.361146 -0.955727 0.000000 0.623202 4694
car -1 -1 nan 98619.000000 nan nan nan 0.532221 1.108221 0.257235 40.186710 7.338003 -0.221420 0.000000 0.748275 4684
car -1 -1 nan 98624.000000 nan nan nan 1.198640 1.686201 1.146967 36.323708 -0.510093 -0.684229 0.000000 0.791148 4674
car -1 -1 nan 98623.000000 nan nan nan 1.191408 1.670465 3.501935 1.482369 3.008467 -1.007909 0.000000 0.932166 4649
car -1 -1 nan 98617.000000 nan nan nan 1.602334 1.957187 3.846214 6.884827 3.053413 -0.898219 0.000000 0.945666 4645
car -1 -1 nan 98621.000000 nan nan nan 1.355722 1.740262 4.354303 -9.677084 2.997118 -1.181346 0.000000 0.969213 4638
car -1 -1 nan 98632.000000 nan nan nan 1.424094 2.022193 4.112074 -3.991211 3.048128 -1.066051 0.000000 0.949543 4633
car -1 -1 nan 98626.000000 nan nan nan 1.405022 1.369156 3.927555 -21.178859 2.895810 -1.311101 0.000000 0.903970 4625
car -1 -1 nan 98625.000000 nan nan nan 1.450858 1.830901 4.428925 -15.164845 2.833101 -1.203949 0.000000 0.956685 4624
car -1 -1 nan 98622.000000 nan nan nan 1.179475 0.822504 3.148198 -25.925369 2.519957 -1.449293 0.000000 0.904232 4604
car -1 -1 nan 98630.000000 nan nan nan 1.089862 0.540301 3.390509 -31.569462 2.586205 -1.559396 0.000000 0.870166 4601
car -1 -1 nan 98620.000000 nan nan nan 0.874484 0.344669 2.603549 -41.136768 2.476006 -1.571547 0.000000 0.832420 4594
bicycle -1 -1 nan 98634.000000 nan nan nan 0.731581 0.319238 1.039157 -36.142402 16.118328 -1.723077 0.000000 0.737225 1192
