other-vehicle -1 -1 nan 100632.000000 nan nan nan 1.696374 1.712123 0.862563 48.338030 -2.880520 0.468420 0.000000 0.813339 4802
other-vehicle -1 -1 nan 100619.000000 nan nan nan 2.206432 6.738127 0.950680 -38.679992 17.610571 0.531890 0.000000 0.877363 4799
car -1 -1 nan 100638.000000 nan nan nan 1.270935 0.976444 1.736010 32.156563 -2.362431 -0.469369 0.000000 0.847916 4793
car -1 -1 nan 100625.000000 nan nan nan 1.254503 1.072310 3.605542 16.249535 -2.619001 -0.785449 0.000000 0.934503 4784
car -1 -1 nan 100621.000000 nan nan nan 1.251385 1.709939 3.266193 26.230971 -2.794525 -0.620694 0.000000 0.911387 4772
car -1 -1 nan 100616.000000 nan nan nan 1.321746 1.845978 3.969590 3.491024 -2.910898 -0.993817 0.000000 0.974040 4766
car -1 -1 nan 100631.000000 nan nan nan 1.799512 2.050230 4.762567 9.223590 -2.848355 -0.664212 0.000000 0.943137 4747
car -1 -1 nan 100635.000000 nan nan nan 1.407732 1.697040 3.615526 -7.862131 -3.162755 -1.198903 0.000000 0.975395 4731
car -1 -1 nan 100634.000000 nan nan nan 1.635406 2.010862 4.617142 -2.072507 -3.033677 -0.861844 0.000000 0.957710 4722
car -1 -1 nan 100623.000000 nan nan nan 1.050527 2.978185 1.099504 -35.038171 -9.925125 -1.775037 0.000000 0.813432 4726
car -1 -1 nan 100630.000000 nan nan nan 1.290371 2.088313 4.148799 -17.952789 -3.204104 -1.409187 0.000000 0.941617 4723
car -1 -1 nan 100627.000000 nan nan nan 0.774965 1.478243 3.487674 -26.021034 -11.210600 -1.577977 0.000000 0.847656 4721
car -1 -1 nan 100636.000000 nan nan nan 0.885004 1.859936 3.906059 -25.895839 -8.887156 -1.497518 0.000000 0.944846 4704
car -1 -1 nan 100620.000000 nan nan nan 1.204735 1.508230 3.907268 -24.207284 -3.029272 -1.491084 0.000000 0.943892 4674
person -1 -1 nan 100602.000000 nan nan nan 0.486073 0.412504 0.502311 -12.354502 -10.000477 -1.007951 0.000000 0.707285 900
