car -1 -1 nan 99951.000000 nan nan nan 0.876713 0.627040 0.603938 47.686381 -3.274823 -0.279545 0.000000 0.654853 4772
car -1 -1 nan 99969.000000 nan nan nan 0.530087 0.831392 1.824159 -4.150623 -19.518989 -1.429569 0.000000 0.836780 4769
car -1 -1 nan 99954.000000 nan nan nan 1.137525 0.859300 3.070178 25.916053 -2.947021 -0.691036 0.000000 0.889282 4766
car -1 -1 nan 99959.000000 nan nan nan 0.146718 0.779979 0.794649 -10.416114 32.755761 0.048746 0.000000 0.729716 4763
other-vehicle -1 -1 nan 99949.000000 nan nan nan 0.541768 1.423110 0.500050 -48.276286 -5.595516 -2.284856 0.000000 0.748054 4740
other-vehicle -1 -1 nan 99950.000000 nan nan nan 0.915913 2.017020 0.908049 -10.517689 42.576642 1.293619 0.000000 0.402202 4755
car -1 -1 nan 99974.000000 nan nan nan 1.749746 4.554226 1.774486 -10.615728 21.336798 -0.073651 0.000000 0.955622 4754
car -1 -1 nan 99979.000000 nan nan nan 1.393852 1.672251 4.304203 31.593164 -3.320278 -0.312071 0.000000 0.803590 4747
other-vehicle -1 -1 nan 99952.000000 nan nan nan 2.920788 6.114023 2.598309 -12.827452 -22.058237 -1.299440 0.000000 0.760574 4749
car -1 -1 nan 99967.000000 nan nan nan 1.309208 3.622630 1.611545 -12.880010 -15.468397 -1.867813 0.000000 0.871726 4744
car -1 -1 nan 99953.000000 nan nan nan 1.440588 3.390960 1.846320 -11.082174 16.148697 -0.547979 0.000000 0.940726 4736
car -1 -1 nan 99971.000000 nan nan nan 1.343675 4.114760 1.411486 -10.467045 27.419541 0.180359 0.000000 0.890377 4733
car -1 -1 nan 99961.000000 nan nan nan 1.452881 1.641686 3.390284 14.231963 -3.403984 -0.903472 0.000000 0.929673 4731
car -1 -1 nan 99970.000000 nan nan nan 1.606152 1.793367 4.277096 20.175538 -3.329397 -0.627789 0.000000 0.912068 4722
car -1 -1 nan 99960.000000 nan nan nan 1.440102 3.926239 1.863159 -12.848090 -9.972187 -1.574234 0.000000 0.928452 4726
car -1 -1 nan 99956.000000 nan nan nan 1.065324 1.769705 3.317961 -3.470656 -13.717321 -1.229544 0.000000 0.888342 4724
car -1 -1 nan 99948.000000 nan nan nan 1.397269 2.008278 4.261296 4.150957 -3.089838 -1.071898 0.000000 0.945148 4723
car -1 -1 nan 99977.000000 nan nan nan 0.710320 1.706220 3.273962 -3.477927 -11.159143 -1.087468 0.000000 0.801087 4721
car -1 -1 nan 99965.000000 nan nan nan 1.349446 4.324113 1.757202 -10.940047 10.685325 -0.784238 0.000000 0.970721 4715
car -1 -1 nan 99972.000000 nan nan nan 1.269725 1.922092 4.540468 -3.504585 -8.610487 -1.277763 0.000000 0.931121 4704
car -1 -1 nan 99975.000000 nan nan nan 1.323912 1.832867 4.437263 -1.788381 -2.950938 -1.057023 0.000000 0.968811 4674
car -1 -1 nan 99955.000000 nan nan nan 1.285929 2.000535 2.285116 -31.788742 0.851322 -1.635683 0.000000 0.935627 4645
person -1 -1 nan 99925.000000 nan nan nan 1.129599 0.960546 0.871282 -9.642032 36.827003 0.691398 0.000000 0.920365 904
person -1 -1 nan 99968.000000 nan nan nan 0.495335 0.383887 0.322679 4.115191 -9.139619 -1.258656 0.000000 0.733475 903
person -1 -1 nan 99944.000000 nan nan nan 0.880361 0.475123 0.414564 -8.721209 37.477398 0.744395 0.000000 0.858146 901
person -1 -1 nan 99962.000000 nan nan nan 1.199161 0.728251 0.638132 9.907568 -10.231535 -0.985669 0.000000 0.912664 900
