car -1 -1 nan 97838.000000 nan nan nan 1.140116 0.649391 3.239369 25.960803 2.632397 -0.565956 0.000000 0.919739 4638
car -1 -1 nan 97850.000000 nan nan nan 1.227948 0.973648 3.428315 31.618112 2.915997 -0.427171 0.000000 0.929849 4633
car -1 -1 nan 97845.000000 nan nan nan 1.387968 1.525184 3.614079 14.614902 3.098699 -0.727911 0.000000 0.934702 4625
car -1 -1 nan 97851.000000 nan nan nan 1.416936 1.599206 4.032833 20.154501 2.887686 -0.610931 0.000000 0.917519 4624
car -1 -1 nan 97852.000000 nan nan nan 1.288713 1.739881 3.681707 9.401625 3.114359 -0.889233 0.000000 0.949346 4604
car -1 -1 nan 97834.000000 nan nan nan 1.344821 1.708220 3.928472 3.984006 3.122587 -0.955614 0.000000 0.948467 4601
car -1 -1 nan 97849.000000 nan nan nan 1.402045 1.813208 4.520366 -5.524828 3.086445 -1.117409 0.000000 0.959902 4594
car -1 -1 nan 97839.000000 nan nan nan 1.569888 2.352301 4.385722 -12.297247 3.271503 -1.161166 0.000000 0.916676 4531
car -1 -1 nan 97846.000000 nan nan nan 1.326256 1.752057 3.535145 -32.567079 3.138100 -1.778882 0.000000 0.935343 4512
car -1 -1 nan 97859.000000 nan nan nan 0.518823 0.837323 1.635159 -41.231795 2.976799 -2.005601 0.000000 0.743026 4470
person -1 -1 nan 97855.000000 nan nan nan 0.587091 0.314085 0.302595 -37.913193 -3.998358 -0.654969 0.000000 0.866995 890
bicycle -1 -1 nan 97858.000000 nan nan nan 1.110622 0.701837 1.584291 -0.469389 15.436738 -1.110920 0.000000 0.928919 1192
bicycle -1 -1 nan 97861.000000 nan nan nan 0.961445 0.839073 1.972555 -17.578571 15.410305 -1.594489 0.000000 0.901761 1188
