car -1 -1 nan 98306.000000 nan nan nan 0.152254 1.338553 0.827128 -4.259128 6.860031 -0.488755 0.000000 0.522112 4669
car -1 -1 nan 98303.000000 nan nan nan 1.221633 1.377902 3.449587 15.525939 3.014041 -0.868767 0.000000 0.941897 4649
car -1 -1 nan 98292.000000 nan nan nan 1.421052 1.687622 3.565443 20.946632 3.043589 -0.716641 0.000000 0.941045 4645
car -1 -1 nan 98305.000000 nan nan nan 1.508519 2.184456 4.260868 4.018566 2.858158 -0.958248 0.000000 0.941240 4638
car -1 -1 nan 98297.000000 nan nan nan 1.461661 1.710495 4.106661 9.721447 3.039025 -0.813808 0.000000 0.922838 4633
car -1 -1 nan 98289.000000 nan nan nan 1.662708 1.694979 3.793119 -6.756853 3.064784 -0.974583 0.000000 0.901745 4625
car -1 -1 nan 98302.000000 nan nan nan 1.291576 1.824376 4.391244 -1.237843 2.904376 -0.605750 0.000000 0.958068 4624
car -1 -1 nan 98304.000000 nan nan nan 1.264149 1.702077 3.780334 -11.886172 2.968577 -1.166659 0.000000 0.944472 4604
car -1 -1 nan 98298.000000 nan nan nan 1.306406 1.668678 3.479535 -17.388850 2.958210 -1.235819 0.000000 0.930829 4601
car -1 -1 nan 98300.000000 nan nan nan 1.301879 1.580447 4.197620 -27.407692 2.797348 -1.288166 0.000000 0.941023 4594
car -1 -1 nan 98301.000000 nan nan nan 1.368456 1.947307 3.565533 -34.123271 2.869227 -1.219420 0.000000 0.865747 4531
motorcycle -1 -1 nan 98237.000000 nan nan nan 1.059753 0.404734 1.608494 19.895235 -2.815507 -0.529850 0.000000 0.866807 1197
bicycle -1 -1 nan 98273.000000 nan nan nan 0.726402 0.414366 0.665377 -22.049572 16.951303 -1.620010 0.000000 0.756478 1196
bicycle -1 -1 nan 98285.000000 nan nan nan 1.038459 0.946100 1.856879 -22.511574 15.637732 -1.477895 0.000000 0.913938 1192
