car -1 -1 nan 97824.000000 nan nan nan 1.163873 0.487730 3.178555 27.226059 2.547079 -0.573236 0.000000 0.850277 4638
car -1 -1 nan 97804.000000 nan nan nan 0.756299 0.358053 1.048522 42.852246 -2.735991 -0.213025 0.000000 0.733872 4640
car -1 -1 nan 97819.000000 nan nan nan 1.239648 1.043590 3.200882 32.636947 2.964486 -0.415558 0.000000 0.860794 4633
car -1 -1 nan 97812.000000 nan nan nan 1.433991 1.564719 3.353755 15.823201 3.082043 -0.686308 0.000000 0.933179 4625
car -1 -1 nan 97822.000000 nan nan nan 1.405876 1.661169 4.024902 21.385103 2.839233 -0.570941 0.000000 0.923067 4624
car -1 -1 nan 97823.000000 nan nan nan 1.269497 1.694565 3.656528 10.623993 3.104223 -0.860143 0.000000 0.934448 4604
car -1 -1 nan 97818.000000 nan nan nan 1.354270 1.794378 3.878124 5.183059 3.141488 -0.950827 0.000000 0.927034 4601
car -1 -1 nan 97828.000000 nan nan nan 1.418381 1.910879 4.641771 -4.340856 3.073812 -1.091813 0.000000 0.956890 4594
car -1 -1 nan 97809.000000 nan nan nan 1.620655 2.362802 4.494132 -11.081125 3.280933 -1.166653 0.000000 0.963899 4531
car -1 -1 nan 97820.000000 nan nan nan 1.143339 1.796673 3.670103 -31.390715 3.179348 -1.791688 0.000000 0.937491 4512
car -1 -1 nan 97811.000000 nan nan nan 1.041920 3.279730 2.675907 -40.244717 3.593086 -1.979725 0.000000 0.872039 4470
person -1 -1 nan 97826.000000 nan nan nan 0.534368 0.299797 0.420322 -36.664823 -3.995852 -0.643310 0.000000 0.872981 890
bicycle -1 -1 nan 97830.000000 nan nan nan 1.088634 0.677927 1.720054 0.867607 15.448860 -1.107475 0.000000 0.922183 1192
bicycle -1 -1 nan 97816.000000 nan nan nan 0.884113 1.424204 1.794801 -16.283215 15.685546 -1.561031 0.000000 0.827067 1188
