car -1 -1 nan 97572.000000 nan nan nan 0.572301 0.831268 2.969356 -26.468566 15.023917 -1.416399 0.000000 0.840991 4632
car -1 -1 nan 97584.000000 nan nan nan 0.691354 1.167054 0.352343 31.004749 7.348861 -0.885266 0.000000 0.840920 4627
car -1 -1 nan 97593.000000 nan nan nan 1.247041 1.462654 3.010885 28.096077 3.373288 -0.928608 0.000000 0.920030 4625
car -1 -1 nan 97602.000000 nan nan nan 1.298136 1.417805 3.218610 33.573596 3.072960 -0.899957 0.000000 0.870190 4624
car -1 -1 nan 97603.000000 nan nan nan 1.175218 1.323110 3.336468 23.069393 3.216507 -1.038258 0.000000 0.939176 4604
car -1 -1 nan 97596.000000 nan nan nan 1.327078 1.720234 3.745881 17.566496 3.325964 -1.008348 0.000000 0.908022 4601
car -1 -1 nan 97589.000000 nan nan nan 1.392201 1.787651 4.294243 7.495008 3.158638 -0.984433 0.000000 0.928456 4594
car -1 -1 nan 97605.000000 nan nan nan 1.614421 1.899101 4.283747 0.989957 2.958633 -0.791338 0.000000 0.935584 4531
car -1 -1 nan 97592.000000 nan nan nan 1.320102 1.925807 3.779770 -18.861890 2.994390 -1.168883 0.000000 0.893367 4512
car -1 -1 nan 97599.000000 nan nan nan 1.042606 2.781376 2.449351 -27.548499 3.337350 -1.194499 0.000000 0.832456 4470
bicycle -1 -1 nan 97594.000000 nan nan nan 1.004798 1.354763 1.880040 -3.834469 15.812198 -1.242421 0.000000 0.875814 1188
bicycle -1 -1 nan 97533.000000 nan nan nan 0.870398 0.411084 1.323258 -26.301747 14.833559 -1.502615 0.000000 0.853319 1185
