car -1 -1 nan 100015.000000 nan nan nan 0.588108 0.452534 1.701412 47.020527 -2.869986 -0.410970 0.000000 0.657832 4772
car -1 -1 nan 100006.000000 nan nan nan 0.565104 0.654995 1.284286 -5.182858 -19.397093 -1.490555 0.000000 0.752143 4769
car -1 -1 nan 99990.000000 nan nan nan 1.286204 0.929686 3.181325 24.858248 -2.765255 -0.770498 0.000000 0.909495 4766
car -1 -1 nan 99959.000000 nan nan nan 0.146718 0.779979 0.794649 -11.818305 32.658290 0.224635 0.000000 0.729716 4763
other-vehicle -1 -1 nan 99986.000000 nan nan nan 0.494194 1.407723 0.670871 -49.467746 -6.480886 -2.176948 0.000000 0.747321 4740
other-vehicle -1 -1 nan 99950.000000 nan nan nan 0.915913 2.017020 0.908049 -11.757772 42.434364 1.445308 0.000000 0.402202 4755
car -1 -1 nan 100000.000000 nan nan nan 1.525532 4.419196 1.676144 -11.888177 21.275500 0.117043 0.000000 0.929409 4754
car -1 -1 nan 100004.000000 nan nan nan 1.472473 1.683976 4.440327 30.714013 -3.092422 -0.414555 0.000000 0.899870 4747
other-vehicle -1 -1 nan 99989.000000 nan nan nan 2.526573 6.094097 2.583400 -13.729596 -22.148418 -1.201312 0.000000 0.617500 4749
car -1 -1 nan 100005.000000 nan nan nan 1.319150 3.657751 1.588614 -13.833994 -15.575673 -1.869717 0.000000 0.935039 4744
car -1 -1 nan 100009.000000 nan nan nan 1.360656 3.151246 1.925023 -12.382034 16.016788 -0.477889 0.000000 0.898375 4736
car -1 -1 nan 99988.000000 nan nan nan 1.050343 4.245797 1.497285 -11.788937 27.310074 0.381468 0.000000 0.877572 4733
car -1 -1 nan 99995.000000 nan nan nan 1.396305 1.671343 3.419752 13.167831 -3.303136 -0.958848 0.000000 0.920951 4731
car -1 -1 nan 100007.000000 nan nan nan 1.569238 1.825312 4.223718 19.143368 -3.206834 -0.693421 0.000000 0.890573 4722
car -1 -1 nan 99994.000000 nan nan nan 1.303328 3.917616 1.776253 -13.792981 -10.089480 -1.561545 0.000000 0.924821 4726
car -1 -1 nan 99996.000000 nan nan nan 1.097657 1.692149 3.155211 -4.491451 -13.742231 -1.365169 0.000000 0.885044 4724
car -1 -1 nan 99985.000000 nan nan nan 1.306057 1.702473 4.183455 3.122159 -3.013022 -1.074198 0.000000 0.966993 4723
car -1 -1 nan 100010.000000 nan nan nan 0.958125 1.797461 3.450535 -4.471193 -11.260223 -1.237519 0.000000 0.818942 4721
car -1 -1 nan 99993.000000 nan nan nan 1.295326 4.354362 1.714292 -12.118883 10.601478 -0.745743 0.000000 0.962642 4715
car -1 -1 nan 100008.000000 nan nan nan 1.242896 2.022386 4.570104 -4.511442 -8.635762 -1.327156 0.000000 0.944743 4704
car -1 -1 nan 100003.000000 nan nan nan 1.384300 1.980624 4.421077 -2.790804 -3.031646 -1.117821 0.000000 0.951239 4674
car -1 -1 nan 99998.000000 nan nan nan 1.360321 1.752370 2.198004 -32.776183 0.623871 -1.550741 0.000000 0.900667 4645
person -1 -1 nan 99925.000000 nan nan nan 1.129599 0.960546 0.871282 -10.982925 36.780151 0.862379 0.000000 0.920365 904
person -1 -1 nan 99968.000000 nan nan nan 0.495335 0.383887 0.322679 3.222925 -9.106251 -1.381297 0.000000 0.733475 903
person -1 -1 nan 99944.000000 nan nan nan 0.880361 0.475123 0.414564 -10.077090 37.430649 0.904282 0.000000 0.858146 901
person -1 -1 nan 99999.000000 nan nan nan 1.131174 0.638048 0.598291 8.902018 -10.184663 -0.999797 0.000000 0.853583 900
