car -1 -1 nan 98825.000000 nan nan nan 0.864744 1.393828 1.107302 -47.616615 -2.322477 -1.798853 0.000000 0.495564 4706
car -1 -1 nan 98816.000000 nan nan nan 1.024721 1.328224 2.242737 26.833707 -6.969886 -0.209727 0.000000 0.909987 4704
car -1 -1 nan 98794.000000 nan nan nan 0.646659 1.656637 0.801290 -43.478698 8.755590 -2.107951 0.000000 0.745553 4701
car -1 -1 nan 98833.000000 nan nan nan 0.253821 0.628145 0.789072 -48.585784 3.616129 -2.415068 0.000000 0.695073 4594
car -1 -1 nan 98821.000000 nan nan nan 0.609330 1.628001 0.488992 32.349206 6.257388 0.068471 0.000000 0.694411 4684
car -1 -1 nan 98827.000000 nan nan nan 1.228633 1.906847 3.045734 28.924671 -1.427317 -0.256849 0.000000 0.877600 4674
car -1 -1 nan 98830.000000 nan nan nan 1.209525 1.686738 3.744925 -6.132939 3.060445 -1.228790 0.000000 0.931610 4649
car -1 -1 nan 98812.000000 nan nan nan 1.035739 1.816825 3.847559 -0.891381 2.892154 -0.671122 0.000000 0.978337 4645
car -1 -1 nan 98819.000000 nan nan nan 1.357886 1.441566 4.069737 -17.632009 3.173336 -1.521873 0.000000 0.940166 4638
car -1 -1 nan 98826.000000 nan nan nan 1.368504 1.762932 4.123024 -11.841527 3.227663 -1.305478 0.000000 0.944964 4633
car -1 -1 nan 98831.000000 nan nan nan 1.155832 0.348397 2.777963 -29.005105 3.198283 -1.682804 0.000000 0.907322 4625
car -1 -1 nan 98828.000000 nan nan nan 1.397945 1.628656 3.792113 -23.011639 3.271142 -1.570615 0.000000 0.914183 4624
car -1 -1 nan 98829.000000 nan nan nan 1.135805 0.647664 3.023949 -33.728768 3.177553 -1.933848 0.000000 0.914919 4604
car -1 -1 nan 98811.000000 nan nan nan 0.223008 0.812445 0.652495 -39.991975 3.683414 -1.655328 0.000000 0.641878 4601
