car -1 -1 nan 102319.000000 nan nan nan 1.359626 2.223521 1.722970 1.777550 7.258538 -0.537648 0.000000 0.844328 4871
car -1 -1 nan 102316.000000 nan nan nan 1.203271 1.395463 1.151442 17.007240 17.090222 0.027156 0.000000 0.779235 4861
car -1 -1 nan 102324.000000 nan nan nan 0.824060 1.523015 2.327122 37.341544 -1.448919 -0.241522 0.000000 0.889443 4859
car -1 -1 nan 102329.000000 nan nan nan 1.806924 4.206640 3.489447 9.333936 6.381083 -0.264509 0.000000 0.909406 4856
car -1 -1 nan 102321.000000 nan nan nan 1.400154 4.218593 1.968982 9.183604 12.238386 -0.173467 0.000000 0.940637 4853
truck -1 -1 nan 102306.000000 nan nan nan 1.612299 1.895191 2.471958 39.179663 3.829548 0.099535 0.000000 0.778112 4848
car -1 -1 nan 102332.000000 nan nan nan 0.611036 0.872222 0.630210 11.017106 5.849046 0.058427 0.000000 0.466704 4839
car -1 -1 nan 102328.000000 nan nan nan 1.236616 1.678682 4.325876 0.044880 -2.831867 -0.734284 0.000000 0.958944 4828
car -1 -1 nan 102322.000000 nan nan nan 1.247105 2.390713 3.809322 16.246655 -1.259038 -0.718447 0.000000 0.924338 4820
car -1 -1 nan 102314.000000 nan nan nan 1.379874 1.829797 3.945577 -4.158186 -3.035227 -1.204758 0.000000 0.946194 4815
car -1 -1 nan 102310.000000 nan nan nan 1.263031 1.076402 3.743477 -21.728151 -3.653397 -1.563792 0.000000 0.899983 4807
car -1 -1 nan 102323.000000 nan nan nan 2.470045 2.056096 4.503318 -14.876981 -3.788433 -0.871375 0.000000 0.922908 4802
car -1 -1 nan 102318.000000 nan nan nan 1.168082 1.382014 3.331927 -31.467486 -4.319121 -1.656379 0.000000 0.869850 4793
car -1 -1 nan 102275.000000 nan nan nan 0.471442 0.425393 0.552028 -47.088073 -5.089462 -2.433310 0.000000 0.482205 4784
car -1 -1 nan 102325.000000 nan nan nan 0.570104 0.513584 1.174448 -37.870593 -4.748189 -1.585811 0.000000 0.640994 4772
person -1 -1 nan 102312.000000 nan nan nan 1.100199 0.452415 0.413167 27.905755 -15.843597 -1.224135 0.000000 0.895083 922
person -1 -1 nan 102331.000000 nan nan nan 1.253016 0.568488 0.751167 -11.131642 -10.255478 0.110822 0.000000 0.900490 921
