car -1 -1 nan 102542.000000 nan nan nan 0.303147 0.457238 0.628483 -26.812096 -0.979384 0.011437 0.000000 0.698379 4882
car -1 -1 nan 102571.000000 nan nan nan 1.510244 1.949586 2.682462 -44.614177 -2.552488 -1.223447 0.000000 0.896470 4881
car -1 -1 nan 102558.000000 nan nan nan 1.107744 1.826531 3.459352 14.368272 -16.899307 -1.328236 0.000000 0.959876 4876
car -1 -1 nan 102578.000000 nan nan nan 1.232848 1.512811 4.253716 23.240554 17.167911 -0.362969 0.000000 0.956216 4878
car -1 -1 nan 102562.000000 nan nan nan 1.811882 2.435051 2.517467 4.147723 7.327761 -0.393330 0.000000 0.762222 4875
car -1 -1 nan 102565.000000 nan nan nan 1.408991 3.704944 1.690074 -3.026914 7.766814 -0.717331 0.000000 0.938031 4871
car -1 -1 nan 102579.000000 nan nan nan 1.467122 1.992202 2.640767 5.849575 5.146182 -0.619096 0.000000 0.908601 4856
car -1 -1 nan 102572.000000 nan nan nan 1.370715 4.117760 1.790362 3.733993 12.679592 -0.449068 0.000000 0.931602 4853
truck -1 -1 nan 102568.000000 nan nan nan 1.821628 1.996680 3.290393 34.963602 6.839814 -0.358973 0.000000 0.810658 4848
car -1 -1 nan 102577.000000 nan nan nan 0.412726 1.473268 1.846258 7.282325 7.764657 0.409974 0.000000 0.774234 4839
car -1 -1 nan 102553.000000 nan nan nan 1.313745 1.869044 4.405456 -3.769380 -2.938760 -1.177371 0.000000 0.943166 4828
car -1 -1 nan 102560.000000 nan nan nan 1.256287 3.123043 3.363377 13.372049 0.676720 -0.780236 0.000000 0.898924 4820
car -1 -1 nan 102574.000000 nan nan nan 1.346251 2.328957 3.735786 -8.173391 -3.738535 -1.200224 0.000000 0.954722 4815
car -1 -1 nan 102561.000000 nan nan nan 1.155547 0.880117 3.273248 -25.566878 -5.366728 -1.415972 0.000000 0.927049 4807
car -1 -1 nan 102566.000000 nan nan nan 2.281109 2.210123 4.504468 -18.756001 -5.049215 -0.826674 0.000000 0.886824 4802
car -1 -1 nan 102586.000000 nan nan nan 0.674405 0.482365 0.806055 -34.517011 -6.704685 -1.667146 0.000000 0.574949 4793
car -1 -1 nan 102569.000000 nan nan nan 0.174404 0.280326 0.282871 -41.873722 -7.676603 -1.227213 0.000000 0.439541 4772
person -1 -1 nan 102564.000000 nan nan nan 1.114553 0.685238 0.636100 24.127015 -14.528605 -1.329665 0.000000 0.898023 922
person -1 -1 nan 102539.000000 nan nan nan 1.190622 0.464833 0.440100 -14.477429 -11.064398 -0.171192 0.000000 0.910437 921
