car -1 -1 nan 103565.000000 nan nan nan 1.275755 0.993534 1.141031 -6.328244 6.727439 -0.124484 0.000000 0.574498 4928
other-vehicle -1 -1 nan 103508.000000 nan nan nan 0.785280 0.940200 0.349730 -39.523374 -17.041550 -0.853097 0.000000 0.811963 4902
car -1 -1 nan 103572.000000 nan nan nan 0.718672 1.646731 2.471758 -5.004641 27.673063 -2.059583 0.000000 0.898598 4926
car -1 -1 nan 103561.000000 nan nan nan 0.481345 1.238987 1.232919 28.855033 -40.741972 -0.182716 0.000000 0.738686 4922
car -1 -1 nan 103539.000000 nan nan nan 0.795240 1.197819 1.410693 -1.539812 40.029148 -1.868473 0.000000 0.798733 4923
car -1 -1 nan 103542.000000 nan nan nan 0.660555 2.732231 2.196015 -1.981215 30.515681 -1.496396 0.000000 0.899511 4919
car -1 -1 nan 103468.000000 nan nan nan 0.906471 0.838081 3.164859 30.312443 13.462265 -1.248931 0.000000 0.932297 4920
car -1 -1 nan 103558.000000 nan nan nan 0.794039 1.719437 1.658435 1.930532 39.063072 -2.278021 0.000000 0.596098 4915
other-vehicle -1 -1 nan 103547.000000 nan nan nan 1.903589 2.728279 1.191091 37.043097 25.712007 -0.750775 0.000000 0.902834 4916
car -1 -1 nan 103483.000000 nan nan nan 0.274213 0.770484 0.433182 38.386029 22.332204 -1.376072 0.000000 0.805845 4917
car -1 -1 nan 103548.000000 nan nan nan 1.184302 1.170809 2.283628 1.518612 42.268381 -1.840862 0.000000 0.730495 4913
car -1 -1 nan 103575.000000 nan nan nan 0.573605 1.620449 2.541794 14.992617 -36.843089 0.579698 0.000000 0.768628 4910
car -1 -1 nan 103536.000000 nan nan nan 1.268052 3.380849 2.592132 -1.460077 17.999800 -1.585355 0.000000 0.947843 4905
other-vehicle -1 -1 nan 103525.000000 nan nan nan 2.317013 1.695177 4.189557 4.072833 36.829597 -1.256151 0.000000 0.865834 4903
car -1 -1 nan 103537.000000 nan nan nan 0.388002 1.079464 2.346853 10.348209 -26.510766 0.138481 0.000000 0.909118 4900
car -1 -1 nan 103556.000000 nan nan nan 1.246292 1.834788 1.749389 4.356836 33.969780 -1.829228 0.000000 0.811070 4901
car -1 -1 nan 103551.000000 nan nan nan 1.316715 2.094639 2.561740 5.297459 29.957096 -1.661601 0.000000 0.742834 4896
car -1 -1 nan 103513.000000 nan nan nan 1.383760 1.565129 3.495841 6.813216 26.683911 -1.637707 0.000000 0.884583 4888
car -1 -1 nan 103552.000000 nan nan nan 0.976558 1.903742 3.697702 9.102706 -23.056765 -0.234717 0.000000 0.942020 4886
car -1 -1 nan 103560.000000 nan nan nan 1.268845 1.848832 2.325240 8.103791 22.145690 -1.505200 0.000000 0.844531 4885
car -1 -1 nan 103512.000000 nan nan nan 1.383311 2.656594 3.325266 22.768819 6.403158 -0.952217 0.000000 0.915300 4859
car -1 -1 nan 103538.000000 nan nan nan 1.265323 2.262165 4.104618 6.825719 -14.980199 -0.593677 0.000000 0.906870 4876
car -1 -1 nan 103535.000000 nan nan nan 1.396948 2.143363 4.042184 9.952342 20.092311 -1.385793 0.000000 0.951841 4878
car -1 -1 nan 103546.000000 nan nan nan 1.359154 3.714338 1.652647 -14.001250 6.334159 -1.328564 0.000000 0.933826 4871
car -1 -1 nan 103554.000000 nan nan nan 1.451354 2.114384 2.902272 -4.925735 5.515180 -1.087383 0.000000 0.902955 4856
truck -1 -1 nan 103541.000000 nan nan nan 1.937217 2.370323 5.036858 24.012572 11.940761 -0.811982 0.000000 0.833492 4848
car -1 -1 nan 103505.000000 nan nan nan 2.291103 2.213252 4.580694 -4.801529 8.208393 -0.586524 0.000000 0.815535 4839
car -1 -1 nan 103545.000000 nan nan nan 1.243158 2.264544 3.574957 -12.624129 -4.437014 -1.136878 0.000000 0.969727 4828
car -1 -1 nan 103520.000000 nan nan nan 1.283745 3.979488 1.695368 6.627534 9.755445 -1.088830 0.000000 0.491100 4820
car -1 -1 nan 103516.000000 nan nan nan 0.335805 1.867716 1.513289 -17.433592 -5.871169 -0.699422 0.000000 0.842044 4815
car -1 -1 nan 103576.000000 nan nan nan 1.268476 2.476546 3.841676 -27.356483 -9.250343 -0.207353 0.000000 0.833042 4802
person -1 -1 nan 103555.000000 nan nan nan 1.635790 0.796852 0.935322 -22.525955 -14.156976 0.073195 0.000000 0.857451 935
person -1 -1 nan 103528.000000 nan nan nan 0.746540 0.530153 0.564082 36.057666 -30.450774 0.292837 0.000000 0.781807 936
person -1 -1 nan 103510.000000 nan nan nan 1.433814 0.594521 0.736142 6.255588 -21.617005 -0.116284 0.000000 0.930566 929
person -1 -1 nan 103522.000000 nan nan nan 1.352206 0.392390 0.541288 14.545886 -13.696008 -0.506434 0.000000 0.901328 922
motorcycle -1 -1 nan 103521.000000 nan nan nan 1.321680 2.212948 1.565441 -16.115550 10.232181 -1.579436 0.000000 0.932337 1236
