car -1 -1 nan 100938.000000 nan nan nan 0.623000 0.433226 1.340072 -38.767553 -2.610003 -1.811337 0.000000 0.633672 4817
car -1 -1 nan 100950.000000 nan nan nan 0.886343 0.574053 1.676412 45.088144 -2.334604 -0.364605 0.000000 0.805837 4815
car -1 -1 nan 100942.000000 nan nan nan 0.871258 1.368381 1.584676 -40.193920 -10.139986 -1.827202 0.000000 0.752202 4813
car -1 -1 nan 100943.000000 nan nan nan 0.840072 0.938390 3.753806 27.778139 -2.558140 -0.825497 0.000000 0.786457 4807
car -1 -1 nan 100936.000000 nan nan nan 2.002527 1.671781 4.248197 35.344663 -2.968797 -0.006029 0.000000 0.853485 4802
car -1 -1 nan 100946.000000 nan nan nan 1.257249 1.485411 3.839813 18.241295 -2.543081 -0.778243 0.000000 0.944932 4793
car -1 -1 nan 100944.000000 nan nan nan 1.190156 1.795981 4.081434 1.796742 -3.045875 -0.977997 0.000000 0.953421 4784
car -1 -1 nan 100941.000000 nan nan nan 1.333078 1.769717 3.555926 11.726917 -2.944724 -0.932640 0.000000 0.944542 4772
car -1 -1 nan 100947.000000 nan nan nan 1.310683 1.375669 4.192601 -10.722472 -2.784739 -1.267674 0.000000 0.937091 4766
car -1 -1 nan 100931.000000 nan nan nan 1.801245 2.721088 4.986261 -4.837295 -2.694087 -0.895674 0.000000 0.940366 4747
car -1 -1 nan 100949.000000 nan nan nan 1.287370 0.775284 3.048079 -22.435856 -2.827807 -1.458564 0.000000 0.948321 4731
car -1 -1 nan 100937.000000 nan nan nan 1.596841 1.780534 4.153318 -16.486213 -3.106880 -1.241449 0.000000 0.937783 4722
car -1 -1 nan 100945.000000 nan nan nan 1.192417 1.455538 3.529671 -32.387058 -3.082558 -1.649015 0.000000 0.687936 4723
