car -1 -1 nan 100672.000000 nan nan nan 1.102046 0.358412 1.552006 48.603932 2.612215 0.044181 0.000000 0.864698 4803
car -1 -1 nan 100701.000000 nan nan nan 1.547202 1.643198 2.808816 45.819062 -2.987460 0.231103 0.000000 0.598457 4802
truck -1 -1 nan 100673.000000 nan nan nan 2.056387 4.596776 0.276755 -41.761833 17.045655 0.747057 0.000000 0.890878 4799
car -1 -1 nan 100710.000000 nan nan nan 1.118180 1.366752 3.534457 29.378248 -2.505740 -0.659997 0.000000 0.834305 4793
car -1 -1 nan 100707.000000 nan nan nan 1.277022 1.542130 4.178526 12.887541 -2.914352 -0.895988 0.000000 0.937220 4784
car -1 -1 nan 100703.000000 nan nan nan 1.205156 1.766111 3.227864 22.815401 -2.876136 -0.776804 0.000000 0.935822 4772
car -1 -1 nan 100700.000000 nan nan nan 0.956404 1.683838 4.165408 0.244811 -2.838074 -0.874766 0.000000 0.971362 4766
car -1 -1 nan 100711.000000 nan nan nan 1.813042 2.086795 4.832271 5.783645 -2.926695 -0.741742 0.000000 0.930269 4747
car -1 -1 nan 100706.000000 nan nan nan 1.366813 1.650896 3.640226 -11.326003 -3.242503 -1.141461 0.000000 0.945001 4731
car -1 -1 nan 100713.000000 nan nan nan 1.626521 1.883840 4.657373 -5.423352 -3.048715 -0.967421 0.000000 0.949961 4722
car -1 -1 nan 100709.000000 nan nan nan 0.655222 2.653521 0.549159 -38.164308 -10.142358 -1.574244 0.000000 0.795034 4726
car -1 -1 nan 100704.000000 nan nan nan 1.241588 1.961304 3.835021 -21.290875 -3.133186 -1.435679 0.000000 0.948668 4723
car -1 -1 nan 100705.000000 nan nan nan 0.642381 1.184158 1.843309 -29.838695 -11.178154 -1.516445 0.000000 0.736445 4721
car -1 -1 nan 100714.000000 nan nan nan 0.681078 1.726338 3.379212 -29.107416 -8.909849 -1.369674 0.000000 0.900763 4704
car -1 -1 nan 100712.000000 nan nan nan 1.160973 1.534152 3.278143 -27.547581 -3.060672 -1.512758 0.000000 0.899662 4674
