car -1 -1 nan 100812.000000 nan nan nan 1.212328 1.417908 1.445074 32.494386 -2.711303 -0.640817 0.000000 0.753213 4807
car -1 -1 nan 100820.000000 nan nan nan 2.055577 1.685849 3.768749 40.763278 -2.934375 0.079692 0.000000 0.696542 4802
car -1 -1 nan 100819.000000 nan nan nan 1.268955 1.354433 3.759472 23.809791 -2.542576 -0.747827 0.000000 0.918801 4793
car -1 -1 nan 100828.000000 nan nan nan 1.410853 1.838750 4.032532 7.147615 -3.100280 -1.003784 0.000000 0.962037 4784
car -1 -1 nan 100808.000000 nan nan nan 1.333295 1.789349 3.540671 17.275123 -2.929877 -0.890191 0.000000 0.939559 4772
car -1 -1 nan 100823.000000 nan nan nan 1.310190 1.856740 4.308577 -5.096484 -2.941000 -1.146908 0.000000 0.967907 4766
car -1 -1 nan 100824.000000 nan nan nan 1.577043 1.756223 4.879975 0.340898 -2.784054 -0.628434 0.000000 0.876512 4747
car -1 -1 nan 100817.000000 nan nan nan 1.344084 1.139397 3.431574 -16.946801 -2.983872 -1.347079 0.000000 0.961776 4731
car -1 -1 nan 100826.000000 nan nan nan 1.627047 1.983023 4.557824 -10.993262 -3.146976 -1.097977 0.000000 0.946914 4722
car -1 -1 nan 100822.000000 nan nan nan 1.119248 1.572731 3.787269 -26.916835 -3.102722 -1.541099 0.000000 0.872983 4723
car -1 -1 nan 100809.000000 nan nan nan 1.002359 1.376477 3.034579 -32.920277 -2.973505 -1.582734 0.000000 0.893689 4674
