car -1 -1 nan 101507.000000 nan nan nan 0.399035 0.832910 1.286691 -39.478160 -6.188401 -1.275461 0.000000 0.745482 4833
truck -1 -1 nan 101523.000000 nan nan nan 0.619115 1.972980 1.120917 35.210748 6.394282 1.080788 0.000000 0.607885 4831
car -1 -1 nan 101522.000000 nan nan nan 1.231472 0.835322 3.725412 26.132244 -2.561099 -0.609644 0.000000 0.907800 4828
car -1 -1 nan 101526.000000 nan nan nan 1.021043 1.370905 2.833446 37.087340 -2.386117 -0.382685 0.000000 0.833004 4820
car -1 -1 nan 101511.000000 nan nan nan 1.248685 1.580550 3.947736 21.623437 -2.795652 -0.721728 0.000000 0.901400 4815
car -1 -1 nan 101525.000000 nan nan nan 1.330583 1.779176 4.168361 3.854583 -2.848979 -0.999664 0.000000 0.971566 4807
car -1 -1 nan 101515.000000 nan nan nan 2.171560 1.933154 4.754929 10.968725 -2.974465 -0.479888 0.000000 0.866927 4802
car -1 -1 nan 101520.000000 nan nan nan 1.361013 1.927265 4.256250 -5.514278 -2.834964 -1.143423 0.000000 0.961409 4793
car -1 -1 nan 101510.000000 nan nan nan 1.180856 1.730757 3.923677 -22.061567 -3.324662 -1.507322 0.000000 0.876318 4784
car -1 -1 nan 101517.000000 nan nan nan 1.234419 1.704667 3.832034 -11.988478 -3.024852 -1.293837 0.000000 0.951058 4772
car -1 -1 nan 101518.000000 nan nan nan 1.606202 1.784181 4.278142 -29.131332 -3.129191 -1.343086 0.000000 0.901674 4747
car -1 -1 nan 101524.000000 nan nan nan 0.389562 0.467989 0.865326 -40.416787 -2.882401 -1.263133 0.000000 0.676955 4722
