car -1 -1 nan 103493.000000 nan nan nan 1.134147 1.165127 1.404938 -5.922752 6.915407 -0.227334 0.000000 0.693096 4928
other-vehicle -1 -1 nan 103487.000000 nan nan nan 1.216118 1.965362 1.454266 -39.707380 -16.290136 -1.064787 0.000000 0.850124 4902
car -1 -1 nan 103464.000000 nan nan nan 1.257081 3.633736 2.321025 -4.069089 28.562260 -1.890577 0.000000 0.862994 4926
car -1 -1 nan 103442.000000 nan nan nan 0.321909 1.099658 0.688870 28.465170 -41.064599 -0.227737 0.000000 0.768179 4922
car -1 -1 nan 103466.000000 nan nan nan 0.765735 0.735939 1.375581 -0.291605 38.982781 -2.007167 0.000000 0.800384 4923
car -1 -1 nan 103496.000000 nan nan nan 0.484091 2.245226 1.664417 -1.422317 31.671564 -1.561211 0.000000 0.802428 4919
car -1 -1 nan 103468.000000 nan nan nan 0.906471 0.838081 3.164859 30.737285 13.003084 -1.171914 0.000000 0.932297 4920
car -1 -1 nan 103488.000000 nan nan nan 0.610154 0.878778 1.736633 2.939988 38.942720 -2.290592 0.000000 0.347742 4915
other-vehicle -1 -1 nan 103449.000000 nan nan nan 1.313595 1.476842 0.449467 37.805539 25.092808 -0.704343 0.000000 0.825858 4916
car -1 -1 nan 103483.000000 nan nan nan 0.274213 0.770484 0.433182 39.087781 21.735445 -1.263199 0.000000 0.805845 4917
car -1 -1 nan 103481.000000 nan nan nan 1.177185 1.164747 1.801209 2.500911 42.186044 -1.874368 0.000000 0.709591 4913
car -1 -1 nan 103453.000000 nan nan nan 0.588795 0.954975 1.583525 14.366539 -37.150465 0.545396 0.000000 0.826748 4910
car -1 -1 nan 103441.000000 nan nan nan 1.290284 3.438139 2.534976 -0.783568 17.983518 -1.585828 0.000000 0.932633 4905
other-vehicle -1 -1 nan 103469.000000 nan nan nan 2.026422 1.811629 3.881962 5.024642 36.813525 -1.184342 0.000000 0.846717 4903
car -1 -1 nan 103415.000000 nan nan nan 1.121262 1.181594 2.040661 28.486515 8.026221 -0.737654 0.000000 0.673396 4898
car -1 -1 nan 103459.000000 nan nan nan 0.377399 0.997704 1.439760 9.950708 -26.795064 0.161581 0.000000 0.770941 4900
car -1 -1 nan 103490.000000 nan nan nan 1.129553 1.895114 1.748719 5.307011 33.848359 -1.847888 0.000000 0.809046 4901
car -1 -1 nan 103455.000000 nan nan nan 1.390517 1.775149 2.319791 6.006548 29.764004 -1.685498 0.000000 0.847698 4896
car -1 -1 nan 103484.000000 nan nan nan 1.309483 1.691875 3.657160 7.686484 26.601842 -1.653392 0.000000 0.922487 4888
car -1 -1 nan 103485.000000 nan nan nan 1.055813 1.491449 3.482413 9.069632 -23.228980 -0.196920 0.000000 0.915199 4886
car -1 -1 nan 103489.000000 nan nan nan 1.275043 1.536402 2.334073 8.820883 21.942976 -1.503489 0.000000 0.831914 4885
car -1 -1 nan 103473.000000 nan nan nan 1.323206 2.575804 3.149457 23.215790 5.999349 -0.894489 0.000000 0.949762 4859
car -1 -1 nan 103475.000000 nan nan nan 1.283268 2.240358 4.208726 6.971384 -15.116334 -0.549569 0.000000 0.932690 4876
car -1 -1 nan 103461.000000 nan nan nan 1.385185 2.139787 4.390336 10.777975 19.908155 -1.382172 0.000000 0.970692 4878
car -1 -1 nan 103463.000000 nan nan nan 1.376732 3.693371 2.004329 -13.593457 6.555850 -1.347705 0.000000 0.906561 4871
car -1 -1 nan 103457.000000 nan nan nan 1.441581 2.106868 2.821424 -4.506489 5.563806 -1.088962 0.000000 0.917336 4856
truck -1 -1 nan 103451.000000 nan nan nan 1.953335 2.423832 5.017669 24.513865 11.569253 -0.774776 0.000000 0.831898 4848
car -1 -1 nan 103486.000000 nan nan nan 2.294792 2.266956 4.573951 -4.255344 8.254971 -0.596119 0.000000 0.803047 4839
car -1 -1 nan 103450.000000 nan nan nan 1.186365 2.325200 3.741286 -12.300065 -4.278235 -1.152224 0.000000 0.921459 4828
car -1 -1 nan 103460.000000 nan nan nan 1.290299 4.028837 1.684825 7.079663 9.180522 -1.062083 0.000000 0.706004 4820
car -1 -1 nan 103477.000000 nan nan nan 0.505803 1.999223 1.742945 -17.259346 -5.616611 -0.814742 0.000000 0.857533 4815
car -1 -1 nan 103499.000000 nan nan nan 1.271556 2.566559 3.864241 -27.043622 -8.853418 -0.361879 0.000000 0.539708 4802
person -1 -1 nan 103465.000000 nan nan nan 1.284746 0.898646 0.758990 -22.253854 -14.049323 0.237832 0.000000 0.834181 935
person -1 -1 nan 103458.000000 nan nan nan 0.719979 0.402069 0.502667 35.945293 -31.014617 0.329281 0.000000 0.919225 936
person -1 -1 nan 103474.000000 nan nan nan 0.853102 0.567603 0.663571 6.228235 -21.516021 -0.149669 0.000000 0.865409 929
person -1 -1 nan 103456.000000 nan nan nan 1.357789 0.676507 0.585293 14.831432 -13.821817 -0.491202 0.000000 0.933291 922
motorcycle -1 -1 nan 103480.000000 nan nan nan 1.319531 1.985529 1.754640 -15.598775 10.439710 -1.618545 0.000000 0.956495 1236
