car -1 -1 nan 104025.000000 nan nan nan 0.453978 0.703692 0.804355 35.158442 -33.779626 0.120175 0.000000 0.710302 4942
car -1 -1 nan 103917.000000 nan nan nan 0.439259 1.160595 0.595290 24.367479 13.373999 -0.728246 0.000000 0.357926 4937
car -1 -1 nan 104022.000000 nan nan nan 0.706926 0.897876 0.951449 -10.102276 45.228549 -2.624947 0.000000 0.697285 4934
car -1 -1 nan 103961.000000 nan nan nan 1.419960 1.360241 2.160936 -10.051428 5.575224 -0.106286 0.000000 0.654120 4928
other-vehicle -1 -1 nan 104030.000000 nan nan nan 1.006432 1.662263 1.239349 -39.091985 -23.071340 -0.746683 0.000000 0.750200 4902
car -1 -1 nan 104006.000000 nan nan nan 1.204075 3.441028 2.518351 -12.299018 27.258667 -1.976480 0.000000 0.822467 4926
car -1 -1 nan 103971.000000 nan nan nan 0.390011 1.642145 0.682268 32.412405 -35.645345 -0.123394 0.000000 0.676855 4922
car -1 -1 nan 103998.000000 nan nan nan 1.283130 3.366354 2.801602 -6.037710 22.243968 -1.709638 0.000000 0.769688 4919
car -1 -1 nan 104002.000000 nan nan nan 1.111787 1.450390 3.108400 25.081441 18.075756 -1.325188 0.000000 0.946935 4920
car -1 -1 nan 104021.000000 nan nan nan 0.875618 1.121099 1.949445 -6.626545 38.680406 -2.144877 0.000000 0.842793 4915
car -1 -1 nan 104029.000000 nan nan nan 1.424862 1.447672 2.149314 -7.867895 41.822101 -2.135466 0.000000 0.879777 4913
car -1 -1 nan 103984.000000 nan nan nan 1.019442 1.239064 2.006331 19.215557 -33.274282 0.427414 0.000000 0.813888 4910
car -1 -1 nan 104008.000000 nan nan nan 1.238572 3.379270 2.788610 -6.808898 17.359499 -1.609982 0.000000 0.920341 4905
other-vehicle -1 -1 nan 103989.000000 nan nan nan 2.190273 1.847823 4.079751 -4.365231 36.811668 -1.333929 0.000000 0.847189 4903
car -1 -1 nan 103999.000000 nan nan nan 0.366002 1.677335 2.522257 12.906370 -24.166336 0.214139 0.000000 0.771225 4900
car -1 -1 nan 104015.000000 nan nan nan 1.101282 0.890876 1.393111 -3.917617 33.649146 -1.962097 0.000000 0.701032 4901
car -1 -1 nan 104017.000000 nan nan nan 1.313292 2.106627 2.180018 -2.045875 30.262177 -1.752002 0.000000 0.878248 4896
car -1 -1 nan 103977.000000 nan nan nan 1.293342 1.593834 3.099650 -0.283282 27.161585 -1.764340 0.000000 0.916474 4888
car -1 -1 nan 104016.000000 nan nan nan 0.767518 2.902410 3.966987 10.604208 -21.186289 -0.166474 0.000000 0.900067 4886
car -1 -1 nan 104018.000000 nan nan nan 1.050670 1.317572 2.102026 1.825924 22.923978 -1.521179 0.000000 0.887502 4885
car -1 -1 nan 104000.000000 nan nan nan 1.385670 2.821581 3.452889 18.921819 9.882376 -1.068908 0.000000 0.896054 4859
car -1 -1 nan 104003.000000 nan nan nan 1.268364 2.524637 3.981099 6.764702 -13.636418 -0.603772 0.000000 0.928338 4876
car -1 -1 nan 103995.000000 nan nan nan 1.205219 2.019498 3.874956 4.344203 21.352811 -1.392584 0.000000 0.943396 4878
car -1 -1 nan 104011.000000 nan nan nan 1.362966 3.563120 2.163894 -17.319180 3.755625 -1.323107 0.000000 0.928339 4871
car -1 -1 nan 104031.000000 nan nan nan 1.442220 2.241707 3.062199 -8.206100 4.479495 -1.095272 0.000000 0.957308 4856
truck -1 -1 nan 103976.000000 nan nan nan 1.903314 3.173882 5.065553 19.318198 15.590528 -0.956907 0.000000 0.856267 4848
car -1 -1 nan 104019.000000 nan nan nan 2.361770 3.931347 4.862030 -8.656939 7.044400 -0.579670 0.000000 0.909990 4839
car -1 -1 nan 103985.000000 nan nan nan 1.283069 2.483816 3.689269 -14.188702 -6.474252 -1.145939 0.000000 0.940525 4828
car -1 -1 nan 103987.000000 nan nan nan 1.365730 3.613353 2.501356 1.884886 13.822251 -1.382524 0.000000 0.888943 4820
car -1 -1 nan 104009.000000 nan nan nan 0.512542 1.489377 1.690596 -18.408747 -8.874612 -0.767645 0.000000 0.829341 4815
car -1 -1 nan 104001.000000 nan nan nan 2.000479 2.030075 2.571614 -27.345367 -13.312087 -0.440958 0.000000 0.910687 4802
person -1 -1 nan 104028.000000 nan nan nan 1.402250 0.499180 0.549033 -15.736286 27.905789 -1.811604 0.000000 0.475087 939
person -1 -1 nan 103978.000000 nan nan nan 1.399101 0.623342 0.963533 -22.525954 -17.498947 -0.027482 0.000000 0.873995 935
person -1 -1 nan 104023.000000 nan nan nan 1.448357 0.651848 0.807289 7.671673 -21.546965 0.048972 0.000000 0.936897 929
person -1 -1 nan 103986.000000 nan nan nan 1.246284 0.673578 0.672256 13.655697 -12.283631 -0.498434 0.000000 0.950973 922
bicycle -1 -1 nan 103898.000000 nan nan nan 1.110029 1.651194 0.602699 -39.993918 -19.349343 -1.119437 0.000000 0.870564 1245
motorcycle -1 -1 nan 103980.000000 nan nan nan 1.227208 1.988669 1.663307 -19.899411 7.358857 -1.538079 0.000000 0.932953 1236
