car -1 -1 nan 101328.000000 nan nan nan 1.097408 0.319335 1.167122 -39.098951 2.181710 -1.502619 0.000000 0.548527 4825
car -1 -1 nan 101318.000000 nan nan nan 0.377247 0.547123 0.983178 -46.938242 -3.059380 -2.334301 0.000000 0.647716 4723
car -1 -1 nan 101326.000000 nan nan nan 0.454844 1.078840 0.291792 42.068036 -1.830238 -0.322838 0.000000 0.783589 4820
car -1 -1 nan 101336.000000 nan nan nan 1.091385 1.069169 3.659570 29.916294 -2.514225 -0.564109 0.000000 0.864623 4815
car -1 -1 nan 101330.000000 nan nan nan 1.388368 1.693369 4.195895 12.124224 -2.864530 -0.936075 0.000000 0.942218 4807
car -1 -1 nan 101319.000000 nan nan nan 2.229483 1.894637 4.365695 19.251024 -2.906285 -0.218990 0.000000 0.864857 4802
car -1 -1 nan 101340.000000 nan nan nan 1.371743 1.588964 4.077383 2.378127 -2.651089 -0.981517 0.000000 0.906299 4793
car -1 -1 nan 101316.000000 nan nan nan 1.355680 1.973454 4.233313 -13.727764 -3.324320 -1.405933 0.000000 0.944621 4784
car -1 -1 nan 101327.000000 nan nan nan 1.300135 1.754647 3.985275 -3.781362 -2.946660 -1.139049 0.000000 0.940657 4772
car -1 -1 nan 101334.000000 nan nan nan 1.149393 0.413779 2.749226 -26.680604 -2.506184 -1.629215 0.000000 0.886698 4766
car -1 -1 nan 101329.000000 nan nan nan 1.775252 1.929877 4.707314 -20.844990 -3.076579 -1.277538 0.000000 0.899716 4747
car -1 -1 nan 101322.000000 nan nan nan 1.363656 0.881186 2.957654 -32.398988 -2.966736 -1.575545 0.000000 0.807450 4722
person -1 -1 nan 101338.000000 nan nan nan 1.333452 0.595503 0.472711 -12.629426 -4.994895 -1.272945 0.000000 0.881175 914
