car -1 -1 nan 101014.000000 nan nan nan 0.563654 2.229645 1.751669 49.508687 -1.495088 -0.468827 0.000000 0.886184 4820
car -1 -1 nan 101020.000000 nan nan nan 0.918781 2.673451 0.307620 41.345310 -7.523992 -0.118719 0.000000 0.787764 4821
car -1 -1 nan 101031.000000 nan nan nan 0.921637 0.636073 1.363940 41.671461 -2.427879 -0.266748 0.000000 0.736835 4815
car -1 -1 nan 101009.000000 nan nan nan 0.235583 0.685599 0.294501 -41.326508 -8.625445 -2.081405 0.000000 0.667957 4813
car -1 -1 nan 101023.000000 nan nan nan 1.185419 1.286722 3.630628 24.589884 -2.696605 -0.731247 0.000000 0.930020 4807
car -1 -1 nan 101016.000000 nan nan nan 2.294417 1.787311 4.194539 31.998860 -2.965575 -0.065267 0.000000 0.819816 4802
car -1 -1 nan 101025.000000 nan nan nan 1.337255 1.689526 3.953643 15.008295 -2.646897 -0.824204 0.000000 0.949461 4793
car -1 -1 nan 101034.000000 nan nan nan 1.261435 1.882856 4.210835 -1.215975 -3.245418 -0.868170 0.000000 0.977280 4784
car -1 -1 nan 101012.000000 nan nan nan 1.409034 1.957414 3.715354 8.513730 -2.986396 -0.982644 0.000000 0.924633 4772
car -1 -1 nan 101030.000000 nan nan nan 1.315056 0.992334 3.849717 -13.919274 -2.620755 -1.354227 0.000000 0.941042 4766
car -1 -1 nan 101024.000000 nan nan nan 1.791741 2.061832 4.898972 -8.085292 -2.834979 -0.969825 0.000000 0.933718 4747
car -1 -1 nan 101028.000000 nan nan nan 1.238777 0.718323 2.981345 -25.738589 -2.815765 -1.498238 0.000000 0.913224 4731
car -1 -1 nan 101015.000000 nan nan nan 1.504987 1.808393 3.986967 -19.755551 -3.144534 -1.271637 0.000000 0.959368 4722
car -1 -1 nan 101033.000000 nan nan nan 0.830729 0.993618 2.479962 -34.228877 -2.884167 -1.892235 0.000000 0.791922 4723
