car -1 -1 nan 101681.000000 nan nan nan 1.845964 2.479290 2.385999 29.552140 4.579763 0.301187 0.000000 0.764239 4839
car -1 -1 nan 101668.000000 nan nan nan 0.953260 3.597538 0.764939 43.610156 -1.356741 -0.161148 0.000000 0.917075 4836
car -1 -1 nan 101672.000000 nan nan nan 0.244622 1.058038 1.336975 -46.516181 -6.750697 -1.428585 0.000000 0.780014 4833
car -1 -1 nan 101669.000000 nan nan nan 1.193518 1.309816 3.899190 18.897127 -2.632611 -0.680229 0.000000 0.940828 4828
car -1 -1 nan 101673.000000 nan nan nan 1.061893 1.618337 3.754861 32.109686 -2.389448 -0.374054 0.000000 0.796232 4820
car -1 -1 nan 101678.000000 nan nan nan 1.365337 1.800587 3.936984 14.481835 -2.778018 -0.805020 0.000000 0.945704 4815
car -1 -1 nan 101675.000000 nan nan nan 1.338509 1.785481 4.363694 -2.985563 -2.883508 -1.085120 0.000000 0.948011 4807
car -1 -1 nan 101663.000000 nan nan nan 2.206831 2.051572 4.479820 3.823066 -3.007340 -0.714833 0.000000 0.893470 4802
car -1 -1 nan 101670.000000 nan nan nan 1.338570 1.936636 4.078540 -12.638239 -2.993649 -1.294183 0.000000 0.952293 4793
car -1 -1 nan 101679.000000 nan nan nan 1.205210 1.544783 3.599925 -29.224501 -3.371694 -1.683827 0.000000 0.915545 4784
car -1 -1 nan 101674.000000 nan nan nan 1.248601 1.505637 3.355077 -19.074754 -3.045736 -1.446888 0.000000 0.952386 4772
car -1 -1 nan 101682.000000 nan nan nan 1.399838 1.466775 2.545609 -35.057528 -3.238838 -1.540539 0.000000 0.818066 4747
