car -1 -1 nan 101064.000000 nan nan nan 0.217145 1.003326 0.813134 -44.906968 -3.476343 -1.344249 0.000000 0.604748 4823
car -1 -1 nan 101045.000000 nan nan nan 0.516412 0.600184 0.856346 11.307135 4.181327 0.220821 0.000000 0.630799 4822
car -1 -1 nan 101063.000000 nan nan nan 0.546567 1.336664 0.460257 48.708821 -1.142790 -0.449498 0.000000 0.892426 4820
car -1 -1 nan 101069.000000 nan nan nan 0.706193 0.612945 1.520961 39.535457 -2.430292 -0.510145 0.000000 0.871137 4815
car -1 -1 nan 101065.000000 nan nan nan 1.223636 1.525074 3.948471 22.768750 -2.771176 -0.808209 0.000000 0.892032 4807
car -1 -1 nan 101072.000000 nan nan nan 2.167105 1.820161 4.057334 29.791490 -2.925312 -0.073987 0.000000 0.854099 4802
car -1 -1 nan 101068.000000 nan nan nan 1.347831 1.708266 3.928030 12.873400 -2.672837 -0.872312 0.000000 0.934070 4793
car -1 -1 nan 101062.000000 nan nan nan 1.356796 2.146041 4.207388 -3.233759 -3.250472 -1.111747 0.000000 0.955276 4784
car -1 -1 nan 101073.000000 nan nan nan 1.401006 1.984384 3.693003 6.385038 -2.987096 -1.019252 0.000000 0.935937 4772
car -1 -1 nan 101075.000000 nan nan nan 1.295201 0.780488 3.827213 -16.015130 -2.519698 -1.388645 0.000000 0.933005 4766
car -1 -1 nan 101080.000000 nan nan nan 1.863227 1.996005 4.963970 -10.272923 -3.024019 -1.015806 0.000000 0.944088 4747
car -1 -1 nan 101074.000000 nan nan nan 1.307228 0.382228 2.732270 -27.826287 -2.827779 -1.545438 0.000000 0.842605 4731
car -1 -1 nan 101066.000000 nan nan nan 1.520490 1.696376 4.058512 -21.838620 -3.134785 -1.298561 0.000000 0.928928 4722
car -1 -1 nan 101070.000000 nan nan nan 0.456164 0.740767 0.551547 -36.418308 -2.811587 -1.990673 0.000000 0.618965 4723
