car -1 -1 nan 106274.000000 nan nan nan 0.409248 0.245084 0.453594 -8.653687 4.861414 -1.053585 0.000000 0.078586 4996
car -1 -1 nan 106253.000000 nan nan nan 0.634220 0.659770 1.415412 -24.521072 33.645798 -1.451072 0.000000 0.761291 5002
car -1 -1 nan 106267.000000 nan nan nan 0.281827 0.563360 0.620423 40.041066 -26.269592 -0.604517 0.000000 0.628844 5000
car -1 -1 nan 106271.000000 nan nan nan 1.021781 1.217516 1.311779 -34.857172 -30.272448 -0.127912 0.000000 0.739265 4994
car -1 -1 nan 106261.000000 nan nan nan 1.074913 0.823032 1.268124 -11.605343 32.214037 -1.820916 0.000000 0.855593 4987
car -1 -1 nan 106227.000000 nan nan nan 0.746388 1.752441 0.881559 37.428682 -28.639417 -0.878199 0.000000 0.832260 4981
car -1 -1 nan 106174.000000 nan nan nan 0.217674 0.242739 0.567097 -20.252347 42.990155 -2.181104 0.000000 0.545248 4963
car -1 -1 nan 106264.000000 nan nan nan 1.293259 1.467520 2.131519 -3.752522 22.734117 -1.579223 0.000000 0.861014 4957
car -1 -1 nan 106256.000000 nan nan nan 1.194257 3.235988 1.844708 -18.308684 24.295847 -1.563692 0.000000 0.831376 4926
car -1 -1 nan 106223.000000 nan nan nan 1.374923 3.627556 2.125701 12.201393 -8.325548 -0.854394 0.000000 0.871582 4919
car -1 -1 nan 106245.000000 nan nan nan 1.240178 2.063178 2.924041 19.909431 22.538718 -1.747317 0.000000 0.887431 4920
car -1 -1 nan 106254.000000 nan nan nan 0.173144 1.073239 1.370800 -16.472660 39.598434 -1.180655 0.000000 0.876507 4913
car -1 -1 nan 106279.000000 nan nan nan 1.001613 1.636258 1.885606 23.896300 -29.189226 -0.214212 0.000000 0.918450 4910
car -1 -1 nan 106237.000000 nan nan nan 1.236706 3.058096 2.482191 -10.839823 15.720708 -1.420715 0.000000 0.955598 4905
other-vehicle -1 -1 nan 106236.000000 nan nan nan 1.947265 2.270985 3.319546 -12.334150 35.329281 -1.059519 0.000000 0.892762 4903
car -1 -1 nan 106241.000000 nan nan nan 0.246894 0.601176 0.838099 16.687963 -20.582902 -0.146656 0.000000 0.625408 4900
car -1 -1 nan 106260.000000 nan nan nan 1.296495 1.930760 2.022118 -9.157613 29.292269 -1.595263 0.000000 0.707219 4896
car -1 -1 nan 106225.000000 nan nan nan 1.182352 1.789870 2.755464 -6.816311 26.493421 -1.601003 0.000000 0.922978 4888
car -1 -1 nan 106259.000000 nan nan nan 0.748585 3.314258 3.990293 13.431862 -18.575958 -0.365973 0.000000 0.895609 4886
car -1 -1 nan 106247.000000 nan nan nan 1.437118 3.154492 3.491277 15.553763 13.344545 -1.427552 0.000000 0.857942 4859
car -1 -1 nan 106255.000000 nan nan nan 1.341894 3.159985 3.655814 8.048538 -12.097600 -0.785973 0.000000 0.934497 4876
car -1 -1 nan 106242.000000 nan nan nan 1.399322 2.711552 4.071693 -1.141363 21.501674 -1.543576 0.000000 0.944133 4878
car -1 -1 nan 106258.000000 nan nan nan 1.313477 3.489537 2.719205 -18.905008 0.346266 -0.992345 0.000000 0.904674 4871
car -1 -1 nan 106266.000000 nan nan nan 1.416496 2.557599 2.485811 -10.016807 2.795024 -0.907546 0.000000 0.890965 4856
truck -1 -1 nan 106226.000000 nan nan nan 1.820605 3.549646 4.926555 14.685426 18.926341 -1.326990 0.000000 0.868716 4848
car -1 -1 nan 106217.000000 nan nan nan 2.324942 4.938945 4.675421 -11.103209 5.146189 -0.476818 0.000000 0.883884 4839
car -1 -1 nan 106257.000000 nan nan nan 1.284886 3.466333 3.324274 -13.909646 -9.390084 -0.882801 0.000000 0.918422 4828
car -1 -1 nan 106248.000000 nan nan nan 1.152284 2.764155 3.537435 -12.472895 27.430516 -1.700258 0.000000 0.946175 4820
car -1 -1 nan 106228.000000 nan nan nan 1.291290 1.783827 2.157511 -17.176653 -12.757292 -0.885375 0.000000 0.904599 4815
car -1 -1 nan 106243.000000 nan nan nan 2.234927 3.262323 3.784708 -25.850163 -18.763767 -0.155421 0.000000 0.868681 4802
person -1 -1 nan 106268.000000 nan nan nan 0.549761 0.339727 0.235068 38.737846 28.206467 -1.571957 0.000000 0.372265 962
person -1 -1 nan 106167.000000 nan nan nan 0.289936 0.364662 0.284876 37.995806 11.939294 -1.437172 0.000000 0.719391 958
person -1 -1 nan 106270.000000 nan nan nan 0.963546 0.418885 0.407160 -19.759370 -21.295907 0.526735 0.000000 0.875147 935
person -1 -1 nan 106265.000000 nan nan nan 1.279127 0.399105 0.638939 31.774775 32.524845 -1.921414 0.000000 0.927559 945
person -1 -1 nan 106272.000000 nan nan nan 1.312920 0.402990 0.609642 -21.947652 24.460082 -1.301714 0.000000 0.288657 939
person -1 -1 nan 106103.000000 nan nan nan 1.207176 0.606229 0.761850 13.852426 -23.966703 -0.015986 0.000000 0.878052 929
person -1 -1 nan 106244.000000 nan nan nan 1.202499 0.450050 0.703606 13.065851 -14.450833 -0.620669 0.000000 0.916656 922
bicyclist -1 -1 nan 106036.000000 nan nan nan 0.698367 0.555724 0.976777 30.346784 33.338543 -1.312322 0.000000 0.722210 1258
bicycle -1 -1 nan 106250.000000 nan nan nan 0.666579 0.516119 0.443844 -14.627114 11.269893 -1.592536 0.000000 0.853038 1251
motorcycle -1 -1 nan 106233.000000 nan nan nan 1.193753 2.087128 1.790578 -22.249031 3.344218 -1.130377 0.000000 0.936960 1236
