other-vehicle -1 -1 nan 105080.000000 nan nan nan 1.631743 1.387620 1.168990 48.797982 -2.701087 -0.458535 0.000000 0.894426 4974
car -1 -1 nan 105096.000000 nan nan nan 0.374075 0.834312 0.383673 32.761256 20.785575 -1.226563 0.000000 0.500093 4975
car -1 -1 nan 105022.000000 nan nan nan 0.468442 1.174123 0.591431 34.786256 -32.570817 -0.688823 0.000000 0.682082 4967
car -1 -1 nan 105124.000000 nan nan nan 0.819333 0.837590 1.423514 -15.423695 44.897308 -2.588648 0.000000 0.799450 4963
other-vehicle -1 -1 nan 105090.000000 nan nan nan 0.497031 1.146391 0.783039 3.852121 -16.608767 -0.468514 0.000000 0.234942 4945
car -1 -1 nan 105120.000000 nan nan nan 1.168712 1.144731 1.969733 -1.018249 22.786298 -1.577836 0.000000 0.823362 4957
car -1 -1 nan 105083.000000 nan nan nan 0.529237 0.692294 0.871390 37.320955 -30.412519 -0.444360 0.000000 0.792641 4954
other-vehicle -1 -1 nan 105125.000000 nan nan nan 0.875636 1.398903 1.789669 -37.648436 -26.516047 -0.283838 0.000000 0.827627 4902
car -1 -1 nan 105110.000000 nan nan nan 0.467150 0.369207 0.786946 -14.641146 24.407598 -2.152773 0.000000 0.824585 4926
car -1 -1 nan 105089.000000 nan nan nan 1.383264 3.372509 3.208861 1.417068 6.332566 -1.046961 0.000000 0.932671 4919
car -1 -1 nan 105092.000000 nan nan nan 1.112355 1.776660 3.239159 22.569846 20.297974 -1.671916 0.000000 0.894146 4920
car -1 -1 nan 105122.000000 nan nan nan 0.832059 0.675198 1.172839 -10.897802 37.716128 -2.205192 0.000000 0.771053 4915
car -1 -1 nan 105118.000000 nan nan nan 1.248864 1.469112 2.066831 -12.161063 40.872541 -2.053819 0.000000 0.916613 4913
car -1 -1 nan 105091.000000 nan nan nan 1.017815 1.449129 1.806828 21.224801 -31.527338 0.288577 0.000000 0.800719 4910
car -1 -1 nan 105095.000000 nan nan nan 1.217533 3.479436 2.629486 -8.841869 16.708978 -1.588842 0.000000 0.893952 4905
other-vehicle -1 -1 nan 105099.000000 nan nan nan 2.128153 1.854506 4.102515 -8.462975 36.207794 -1.387074 0.000000 0.808046 4903
car -1 -1 nan 105075.000000 nan nan nan 0.233162 1.221149 1.503589 14.396452 -22.847500 0.151883 0.000000 0.811349 4900
car -1 -1 nan 105134.000000 nan nan nan 0.603878 0.434796 1.093583 -7.718233 33.139167 -1.845009 0.000000 0.803657 4901
car -1 -1 nan 105084.000000 nan nan nan 0.242153 1.791490 1.917487 -5.386941 30.106922 -1.251322 0.000000 0.791300 4896
car -1 -1 nan 105114.000000 nan nan nan 1.259338 1.540331 2.405105 -3.124011 27.051002 -1.748568 0.000000 0.949571 4888
car -1 -1 nan 105117.000000 nan nan nan 0.769599 2.823568 3.957127 11.767655 -20.011200 -0.221524 0.000000 0.903583 4886
car -1 -1 nan 105081.000000 nan nan nan 1.520753 2.008361 2.035484 16.911488 11.100091 -1.345104 0.000000 0.883356 4859
car -1 -1 nan 105106.000000 nan nan nan 1.330148 2.986848 3.904415 7.268142 -12.962554 -0.665452 0.000000 0.921868 4876
car -1 -1 nan 105093.000000 nan nan nan 1.153763 2.201207 3.948991 1.483389 21.367600 -1.482349 0.000000 0.876440 4878
car -1 -1 nan 105111.000000 nan nan nan 1.343515 3.591963 2.295194 -18.253349 2.252951 -1.158733 0.000000 0.914637 4871
car -1 -1 nan 105129.000000 nan nan nan 1.413223 2.378856 2.558162 -9.253582 3.735967 -1.011865 0.000000 0.933372 4856
truck -1 -1 nan 105102.000000 nan nan nan 1.909759 3.686190 5.009778 17.049330 17.431609 -1.246093 0.000000 0.829033 4848
car -1 -1 nan 105079.000000 nan nan nan 2.375524 4.351491 4.778513 -9.952040 6.002829 -0.547803 0.000000 0.935022 4839
car -1 -1 nan 105087.000000 nan nan nan 1.295375 2.810836 3.572098 -14.299772 -7.790444 -0.972746 0.000000 0.932082 4828
car -1 -1 nan 105104.000000 nan nan nan 1.193178 3.189665 3.293419 -4.403830 21.097032 -1.701207 0.000000 0.937423 4820
car -1 -1 nan 105107.000000 nan nan nan 0.716696 1.629526 1.700265 -17.919792 -10.745604 -0.693401 0.000000 0.854349 4815
car -1 -1 nan 105101.000000 nan nan nan 2.138347 2.811438 3.760378 -27.145803 -16.121734 -0.354326 0.000000 0.637646 4802
person -1 -1 nan 105133.000000 nan nan nan 0.313514 0.376576 0.257479 -21.413945 -19.318229 0.396205 0.000000 0.364468 935
person -1 -1 nan 105077.000000 nan nan nan 1.127664 0.434444 0.273645 37.890472 29.241913 -1.823733 0.000000 0.826009 945
person -1 -1 nan 105088.000000 nan nan nan 1.266493 0.568995 0.647211 -18.901588 26.403007 -1.693763 0.000000 0.781121 939
person -1 -1 nan 105113.000000 nan nan nan 1.301536 0.686062 0.694638 10.419465 -22.818612 0.087855 0.000000 0.883290 929
person -1 -1 nan 105097.000000 nan nan nan 1.353256 0.530805 0.721094 12.960346 -13.432062 -0.635887 0.000000 0.953894 922
bicycle -1 -1 nan 105105.000000 nan nan nan 0.455262 0.351058 0.287744 -12.929951 12.788805 -1.676829 0.000000 0.838448 1251
motorcycle -1 -1 nan 105094.000000 nan nan nan 1.119807 1.908723 1.548974 -21.165297 5.416662 -1.323597 0.000000 0.914844 1236
