car -1 -1 nan 104698.000000 nan nan nan 0.715548 0.794439 1.461523 -15.302290 44.743819 -2.589770 0.000000 0.780437 4963
car -1 -1 nan 104653.000000 nan nan nan 0.371523 1.559651 0.576352 33.224576 21.163665 -1.307385 0.000000 0.744544 4956
other-vehicle -1 -1 nan 104712.000000 nan nan nan 0.819874 1.372611 0.961536 3.811367 -16.615484 -0.359499 0.000000 0.744231 4945
car -1 -1 nan 104651.000000 nan nan nan 0.377681 0.258081 0.420594 -15.084484 19.317307 -1.507884 0.000000 0.409174 4944
car -1 -1 nan 104742.000000 nan nan nan 1.249982 1.194030 1.895736 -0.987751 22.787888 -1.764365 0.000000 0.832323 4957
car -1 -1 nan 104703.000000 nan nan nan 0.942672 2.355844 2.952303 36.651309 -31.120600 -0.449978 0.000000 0.817087 4954
car -1 -1 nan 104717.000000 nan nan nan 0.579266 0.610991 1.328390 -20.078446 35.953663 -1.611373 0.000000 0.691146 4955
other-vehicle -1 -1 nan 104696.000000 nan nan nan 1.234930 2.168525 2.521456 -37.225806 -26.681311 -0.331072 0.000000 0.842573 4902
car -1 -1 nan 104727.000000 nan nan nan 1.255809 3.226851 1.598021 -15.228554 26.113652 -1.767390 0.000000 0.831372 4926
car -1 -1 nan 104718.000000 nan nan nan 1.397665 3.388448 3.146054 -2.332614 11.668762 -1.302284 0.000000 0.851112 4919
car -1 -1 nan 104715.000000 nan nan nan 1.137919 1.751795 3.132259 22.598784 20.284462 -1.700502 0.000000 0.848345 4920
car -1 -1 nan 104739.000000 nan nan nan 0.882222 1.924277 1.742183 -11.158239 37.991687 -2.053727 0.000000 0.800223 4915
car -1 -1 nan 104735.000000 nan nan nan 0.889124 1.039383 1.496661 -12.642155 40.753920 -1.860909 0.000000 0.717788 4913
car -1 -1 nan 104759.000000 nan nan nan 0.870859 1.550521 2.152659 21.101615 -31.601517 0.134695 0.000000 0.838410 4910
car -1 -1 nan 104714.000000 nan nan nan 1.293563 3.146373 2.524317 -8.823597 16.747003 -1.563261 0.000000 0.933476 4905
other-vehicle -1 -1 nan 104711.000000 nan nan nan 1.854260 1.759779 3.444908 -8.208116 36.160267 -1.136983 0.000000 0.815399 4903
car -1 -1 nan 104755.000000 nan nan nan 0.338756 1.245873 1.494209 14.687666 -22.579122 0.073740 0.000000 0.859518 4900
car -1 -1 nan 104737.000000 nan nan nan 0.295114 0.441502 1.003046 -7.559503 33.049479 -1.575880 0.000000 0.732919 4901
car -1 -1 nan 104738.000000 nan nan nan 0.456399 2.092653 2.106950 -5.400729 29.998595 -1.366753 0.000000 0.899318 4896
car -1 -1 nan 104701.000000 nan nan nan 0.544499 1.116193 2.816677 -3.444628 27.158321 -1.380192 0.000000 0.910004 4888
car -1 -1 nan 104740.000000 nan nan nan 0.742894 3.000261 4.051192 11.817143 -19.851170 -0.248358 0.000000 0.884350 4886
car -1 -1 nan 104700.000000 nan nan nan 1.431810 2.977206 3.564337 17.310206 11.575402 -1.402122 0.000000 0.921349 4859
car -1 -1 nan 104728.000000 nan nan nan 1.296525 2.939288 3.948837 7.316086 -12.962025 -0.691706 0.000000 0.925359 4876
car -1 -1 nan 104721.000000 nan nan nan 1.295588 2.258589 4.190438 1.553903 21.348216 -1.629426 0.000000 0.952572 4878
car -1 -1 nan 104733.000000 nan nan nan 1.353910 3.635860 1.989657 -18.203490 2.217980 -1.076727 0.000000 0.936772 4871
car -1 -1 nan 104741.000000 nan nan nan 1.460834 2.528587 2.952389 -9.344155 3.771593 -0.981051 0.000000 0.879293 4856
truck -1 -1 nan 104723.000000 nan nan nan 1.948829 3.303298 5.025803 17.036529 17.279275 -1.268838 0.000000 0.877916 4848
car -1 -1 nan 104693.000000 nan nan nan 2.349052 4.260297 4.523679 -9.880570 6.086233 -0.521038 0.000000 0.905080 4839
car -1 -1 nan 104732.000000 nan nan nan 1.253402 2.783688 3.392055 -14.213694 -7.776364 -0.959174 0.000000 0.950464 4828
car -1 -1 nan 104729.000000 nan nan nan 1.310054 2.048821 2.217686 -2.229950 18.038016 -1.591095 0.000000 0.931166 4820
car -1 -1 nan 104702.000000 nan nan nan 0.602332 1.595918 2.085828 -18.020243 -10.682757 -0.567715 0.000000 0.861389 4815
car -1 -1 nan 104722.000000 nan nan nan 2.167103 1.977106 2.520178 -26.606247 -15.713289 -0.185334 0.000000 0.725544 4802
person -1 -1 nan 104745.000000 nan nan nan 1.590020 0.950145 1.104235 -21.681461 -19.581412 0.266686 0.000000 0.894519 935
person -1 -1 nan 104725.000000 nan nan nan 1.111672 0.440172 0.508432 38.762590 29.222061 -1.932404 0.000000 0.757057 945
person -1 -1 nan 104504.000000 nan nan nan 0.411076 0.494048 0.598389 39.158402 9.100307 -1.023888 0.000000 0.814456 943
person -1 -1 nan 104747.000000 nan nan nan 1.440306 0.676002 0.662929 -18.892301 26.458107 -1.545314 0.000000 0.885673 939
person -1 -1 nan 104736.000000 nan nan nan 1.262379 0.616906 0.632965 9.835891 -22.016189 0.085537 0.000000 0.917699 929
person -1 -1 nan 104699.000000 nan nan nan 1.317801 0.551166 0.680071 13.385241 -12.564905 -0.644078 0.000000 0.929748 922
bicycle -1 -1 nan 104724.000000 nan nan nan 0.760110 0.852534 0.432375 -13.016057 13.006091 -1.493533 0.000000 0.767257 1251
motorcycle -1 -1 nan 104720.000000 nan nan nan 0.736584 0.630952 0.298958 -30.183859 -21.195639 -0.681018 0.000000 0.850668 1252
motorcycle -1 -1 nan 104708.000000 nan nan nan 1.111443 2.112964 1.793944 -21.204955 5.468521 -1.305027 0.000000 0.847430 1236
