car -1 -1 nan 107870.000000 nan nan nan 0.401577 0.930743 0.764184 0.075319 8.266995 -0.246266 0.000000 0.824253 5060
car -1 -1 nan 107851.000000 nan nan nan 0.547384 0.712359 0.845613 1.783729 49.844103 -1.653105 0.000000 0.676272 5054
other-vehicle -1 -1 nan 107862.000000 nan nan nan 1.207963 1.521878 0.832115 -35.856726 0.988339 -1.201189 0.000000 0.783268 5056
car -1 -1 nan 107881.000000 nan nan nan 0.704747 0.611693 1.547675 -37.146424 6.096644 -1.557583 0.000000 0.702806 5049
other-vehicle -1 -1 nan 107899.000000 nan nan nan 0.980802 1.030090 1.403992 -22.905841 -1.301679 -0.492025 0.000000 0.412837 5051
car -1 -1 nan 107901.000000 nan nan nan 0.364481 1.328766 0.791393 -33.504530 0.529431 -1.216111 0.000000 0.766329 5031
car -1 -1 nan 107875.000000 nan nan nan 1.249736 4.378990 1.622477 39.157598 1.048057 -0.704188 0.000000 0.928065 5026
car -1 -1 nan 107885.000000 nan nan nan 1.097017 3.391387 1.841104 -3.386123 23.869811 -1.265551 0.000000 0.906139 5017
car -1 -1 nan 107864.000000 nan nan nan 1.009163 1.091187 1.450772 -0.752264 36.069474 -1.271404 0.000000 0.810499 5008
car -1 -1 nan 107892.000000 nan nan nan 0.525699 1.123045 1.137218 -43.635802 16.578368 -1.785057 0.000000 0.852255 5005
car -1 -1 nan 107917.000000 nan nan nan 0.791825 0.925423 0.838726 -48.382090 8.639391 -1.594109 0.000000 0.851857 5002
car -1 -1 nan 107896.000000 nan nan nan 1.133851 1.357370 1.160912 -26.061428 13.186482 -1.346743 0.000000 0.770085 4957
car -1 -1 nan 107878.000000 nan nan nan 1.210827 2.139843 2.714234 31.283786 -5.945305 -0.635523 0.000000 0.734856 4919
car -1 -1 nan 107872.000000 nan nan nan 0.553530 1.002430 0.470479 -8.459856 26.979261 -1.098355 0.000000 0.466825 4920
car -1 -1 nan 107898.000000 nan nan nan 1.515950 2.842844 1.544218 28.754302 -9.804344 -0.562478 0.000000 0.918901 4910
car -1 -1 nan 107869.000000 nan nan nan 1.214273 2.729817 3.239267 -27.176906 3.168489 -1.456501 0.000000 0.916073 4905
other-vehicle -1 -1 nan 107893.000000 nan nan nan 2.016951 3.617393 2.129478 -40.863016 17.535512 -0.874024 0.000000 0.862187 4903
car -1 -1 nan 107902.000000 nan nan nan 1.022144 2.105149 1.350687 17.852210 -7.982994 -0.668060 0.000000 0.819405 4900
car -1 -1 nan 107895.000000 nan nan nan 0.991804 1.925338 1.255548 -34.206344 14.876397 -1.266092 0.000000 0.728428 4896
car -1 -1 nan 107876.000000 nan nan nan 1.270437 2.353931 1.154062 -30.840894 14.295321 -1.515481 0.000000 0.896964 4888
car -1 -1 nan 107849.000000 nan nan nan 1.325359 4.403953 1.988021 13.796657 -8.042920 -0.821979 0.000000 0.964365 4886
car -1 -1 nan 107855.000000 nan nan nan 1.474130 3.989382 2.395119 -4.602572 18.484302 -1.230977 0.000000 0.894060 4859
car -1 -1 nan 107882.000000 nan nan nan 1.338513 4.146885 2.168196 5.671506 -6.203160 -0.904647 0.000000 0.931772 4876
car -1 -1 nan 107858.000000 nan nan nan 1.313169 4.155494 2.373769 -23.144446 14.165330 -1.323087 0.000000 0.974386 4878
car -1 -1 nan 107887.000000 nan nan nan 1.309108 2.173608 3.295714 -23.544930 -14.048101 -1.179301 0.000000 0.920857 4871
car -1 -1 nan 107894.000000 nan nan nan 1.358542 2.971203 2.130873 -18.085237 -6.420028 -1.011968 0.000000 0.891986 4856
truck -1 -1 nan 107888.000000 nan nan nan 1.879994 4.725323 2.891608 -9.414145 22.146005 -1.079491 0.000000 0.853916 4848
car -1 -1 nan 107856.000000 nan nan nan 2.392143 5.897708 3.646087 -20.063983 -5.292674 -0.489857 0.000000 0.849194 4839
car -1 -1 nan 107863.000000 nan nan nan 1.176139 4.073739 1.773756 -13.390078 -18.205322 -1.109963 0.000000 0.928195 4828
car -1 -1 nan 107879.000000 nan nan nan 0.916632 1.538121 1.309853 -45.277033 13.383602 -1.689869 0.000000 0.885727 4820
car -1 -1 nan 107883.000000 nan nan nan 0.471919 3.193675 1.909521 -14.549059 -22.930818 -0.742060 0.000000 0.812300 4815
car -1 -1 nan 107853.000000 nan nan nan 1.408143 2.071573 1.533990 -16.675166 -32.604533 -0.329495 0.000000 0.749061 4802
person -1 -1 nan 107666.000000 nan nan nan 0.957083 1.508810 1.081872 -35.864584 0.305882 -0.753245 0.000000 0.822217 971
person -1 -1 nan 107874.000000 nan nan nan 1.166714 0.883864 1.118737 -43.408839 2.587513 -0.813055 0.000000 0.722115 967
person -1 -1 nan 107782.000000 nan nan nan 0.586875 0.581700 1.094908 -43.293900 3.145421 -1.491405 0.000000 0.427088 939
person -1 -1 nan 107903.000000 nan nan nan 1.100787 0.482916 0.557904 11.642253 -8.172644 -0.622122 0.000000 0.062062 922
bicyclist -1 -1 nan 107694.000000 nan nan nan 0.831113 0.811954 0.958962 -8.289904 43.785154 -0.581985 0.000000 0.856612 1258
bicyclist -1 -1 nan 107873.000000 nan nan nan 1.258610 0.759981 1.111861 37.267903 20.436266 -0.647553 0.000000 0.890691 1274
bicycle -1 -1 nan 107871.000000 nan nan nan 1.217503 0.713375 1.223188 5.671652 -11.377744 -0.714679 0.000000 0.608656 1266
motorcycle -1 -1 nan 107868.000000 nan nan nan 1.073766 1.580747 1.642768 -27.999986 -13.534714 -1.326634 0.000000 0.899525 1236
