car -1 -1 nan 105151.000000 nan nan nan 0.598468 0.536661 0.530398 -14.840912 19.428307 -1.463042 0.000000 0.344437 4944
other-vehicle -1 -1 nan 105080.000000 nan nan nan 1.631743 1.387620 1.168990 48.561238 -2.499782 0.007247 0.000000 0.894426 4974
car -1 -1 nan 105148.000000 nan nan nan 0.381288 1.310695 0.540775 32.756425 21.127876 -1.231329 0.000000 0.776140 4975
car -1 -1 nan 105183.000000 nan nan nan 0.789023 0.798639 1.160081 -15.336124 44.858332 -2.583149 0.000000 0.824428 4963
other-vehicle -1 -1 nan 105090.000000 nan nan nan 0.497031 1.146391 0.783039 3.862986 -16.594604 -0.484196 0.000000 0.234942 4945
car -1 -1 nan 105179.000000 nan nan nan 1.230675 1.547150 1.913156 -1.059561 22.855840 -1.675325 0.000000 0.822290 4957
car -1 -1 nan 105136.000000 nan nan nan 0.526648 0.452030 1.141357 37.391412 -30.471192 -0.440863 0.000000 0.851145 4954
other-vehicle -1 -1 nan 105187.000000 nan nan nan 1.198021 2.257600 1.884997 -37.431153 -26.620207 -0.388565 0.000000 0.818844 4902
car -1 -1 nan 105186.000000 nan nan nan 0.469470 0.410179 0.852030 -14.692747 24.445174 -2.149346 0.000000 0.769076 4926
car -1 -1 nan 105150.000000 nan nan nan 1.349893 3.692536 3.190471 2.035259 5.507008 -1.010141 0.000000 0.915534 4919
car -1 -1 nan 105156.000000 nan nan nan 0.999731 1.720292 3.074068 22.530464 20.273612 -1.627936 0.000000 0.885929 4920
car -1 -1 nan 105184.000000 nan nan nan 0.824894 0.773108 1.252718 -10.869694 37.681609 -2.197008 0.000000 0.867462 4915
car -1 -1 nan 105166.000000 nan nan nan 0.967351 1.195236 1.956982 -12.183240 40.849054 -1.971582 0.000000 0.795393 4913
car -1 -1 nan 105147.000000 nan nan nan 1.018101 1.438885 1.891476 21.242517 -31.533789 0.289754 0.000000 0.714166 4910
car -1 -1 nan 105159.000000 nan nan nan 1.228885 3.476148 2.730071 -8.862058 16.683740 -1.593439 0.000000 0.940883 4905
other-vehicle -1 -1 nan 105154.000000 nan nan nan 2.128083 1.557962 3.556836 -8.645349 36.098253 -1.381076 0.000000 0.831708 4903
car -1 -1 nan 105158.000000 nan nan nan 0.340540 1.855794 2.400226 14.272679 -22.965864 0.132833 0.000000 0.819828 4900
car -1 -1 nan 105174.000000 nan nan nan 0.382451 0.434013 0.989538 -7.700245 33.135572 -1.734420 0.000000 0.645766 4901
car -1 -1 nan 105177.000000 nan nan nan 0.313182 2.070596 1.891401 -5.332101 30.193752 -1.262658 0.000000 0.844781 4896
car -1 -1 nan 105142.000000 nan nan nan 1.299490 1.684999 2.431541 -3.174229 26.943191 -1.828613 0.000000 0.913270 4888
car -1 -1 nan 105175.000000 nan nan nan 0.784722 3.193051 3.977702 11.775207 -20.050461 -0.222466 0.000000 0.894002 4886
car -1 -1 nan 105141.000000 nan nan nan 1.496366 2.913224 3.227735 17.104556 11.293976 -1.333595 0.000000 0.870843 4859
car -1 -1 nan 105164.000000 nan nan nan 1.313535 2.772496 3.828590 7.258190 -12.929963 -0.660849 0.000000 0.931373 4876
car -1 -1 nan 105157.000000 nan nan nan 1.251241 2.606919 4.201794 1.489037 21.437886 -1.547540 0.000000 0.916855 4878
car -1 -1 nan 105172.000000 nan nan nan 1.345274 3.540701 2.292591 -18.253443 2.249189 -1.165726 0.000000 0.913020 4871
car -1 -1 nan 105190.000000 nan nan nan 1.421467 2.378448 2.647362 -9.176216 3.721294 -1.015048 0.000000 0.943097 4856
truck -1 -1 nan 105163.000000 nan nan nan 1.863226 3.395736 5.057603 17.028359 17.352495 -1.236752 0.000000 0.859733 4848
car -1 -1 nan 105135.000000 nan nan nan 2.359206 4.198030 4.753962 -9.960242 5.994466 -0.557397 0.000000 0.938112 4839
car -1 -1 nan 105169.000000 nan nan nan 1.301714 2.987645 3.591375 -14.304788 -7.833008 -0.979042 0.000000 0.921171 4828
car -1 -1 nan 105162.000000 nan nan nan 1.288714 3.178755 3.272195 -4.634917 21.521642 -1.721193 0.000000 0.938966 4820
car -1 -1 nan 105144.000000 nan nan nan 0.576931 1.509153 1.604854 -17.903678 -10.757120 -0.657195 0.000000 0.869127 4815
car -1 -1 nan 105153.000000 nan nan nan 2.144944 2.677744 3.747154 -27.134578 -16.062385 -0.367681 0.000000 0.633902 4802
person -1 -1 nan 105133.000000 nan nan nan 0.313514 0.376576 0.257479 -21.405327 -19.242249 0.341547 0.000000 0.364468 935
person -1 -1 nan 105171.000000 nan nan nan 1.096453 0.458949 0.372530 37.755743 29.270497 -1.857325 0.000000 0.870884 945
person -1 -1 nan 105176.000000 nan nan nan 1.257816 0.612948 0.715783 -18.943657 26.451750 -1.699480 0.000000 0.807405 939
person -1 -1 nan 105181.000000 nan nan nan 1.287033 0.673549 0.805157 10.542284 -22.951696 0.111239 0.000000 0.918020 929
person -1 -1 nan 105155.000000 nan nan nan 1.357191 0.703312 0.828780 12.918084 -13.549691 -0.639105 0.000000 0.962598 922
bicycle -1 -1 nan 105105.000000 nan nan nan 0.455262 0.351058 0.287744 -12.913570 12.757672 -1.699428 0.000000 0.838448 1251
motorcycle -1 -1 nan 105152.000000 nan nan nan 1.210655 2.071110 1.604780 -21.175925 5.451845 -1.350024 0.000000 0.926395 1236
