car -1 -1 nan 105359.000000 nan nan nan 0.419350 0.414049 0.703864 37.679039 21.091224 -1.938012 0.000000 0.528549 4978
car -1 -1 nan 105283.000000 nan nan nan 0.374294 1.428776 0.514213 32.722037 21.198137 -1.231021 0.000000 0.723087 4975
car -1 -1 nan 105327.000000 nan nan nan 0.814114 0.841294 1.132141 -15.290797 44.835231 -2.587396 0.000000 0.857997 4963
other-vehicle -1 -1 nan 105295.000000 nan nan nan 0.921997 1.323623 0.962305 3.749500 -16.510520 -0.351773 0.000000 0.321286 4945
car -1 -1 nan 105368.000000 nan nan nan 1.248535 1.531062 1.910543 -1.047288 22.922389 -1.750786 0.000000 0.870363 4957
car -1 -1 nan 105372.000000 nan nan nan 0.479847 0.665899 1.067803 37.251480 -30.532753 -0.487456 0.000000 0.828957 4954
other-vehicle -1 -1 nan 105334.000000 nan nan nan 1.052725 1.960580 1.225540 -36.793740 -27.028692 -0.421034 0.000000 0.739932 4902
car -1 -1 nan 105351.000000 nan nan nan 0.425713 0.385890 0.812247 -14.698009 24.530767 -2.086198 0.000000 0.724067 4926
car -1 -1 nan 105324.000000 nan nan nan 1.379409 3.436630 2.829391 3.732128 2.805260 -0.954216 0.000000 0.901770 4919
car -1 -1 nan 105379.000000 nan nan nan 1.137147 1.705627 3.055414 22.527794 20.291433 -1.678431 0.000000 0.812995 4920
car -1 -1 nan 105369.000000 nan nan nan 0.826743 0.704469 1.164688 -10.903323 37.649194 -2.196858 0.000000 0.788095 4915
car -1 -1 nan 105356.000000 nan nan nan 1.284705 1.414664 2.000912 -12.202482 40.897130 -2.100508 0.000000 0.709816 4913
car -1 -1 nan 105371.000000 nan nan nan 1.018009 1.439733 1.903264 21.270631 -31.553568 0.284959 0.000000 0.688850 4910
car -1 -1 nan 105349.000000 nan nan nan 1.277056 3.507937 2.706309 -8.853507 16.627097 -1.622358 0.000000 0.925674 4905
other-vehicle -1 -1 nan 105339.000000 nan nan nan 1.768847 1.520048 3.112274 -8.443370 36.082443 -1.202836 0.000000 0.905178 4903
car -1 -1 nan 105363.000000 nan nan nan 0.362805 1.914426 2.464938 14.222819 -23.033024 0.120888 0.000000 0.874732 4900
car -1 -1 nan 105346.000000 nan nan nan 0.340764 1.843259 1.790291 -5.353493 30.110330 -1.323492 0.000000 0.731894 4896
car -1 -1 nan 105366.000000 nan nan nan 1.168615 1.630688 3.006945 -3.473084 26.917235 -1.783251 0.000000 0.894489 4888
car -1 -1 nan 105364.000000 nan nan nan 0.775618 2.928589 3.961181 11.792356 -19.988054 -0.219174 0.000000 0.858148 4886
car -1 -1 nan 105350.000000 nan nan nan 1.398455 1.987953 1.751708 16.910625 11.179573 -1.296920 0.000000 0.871259 4859
car -1 -1 nan 105341.000000 nan nan nan 1.310932 2.757104 3.823588 7.246629 -12.944215 -0.657147 0.000000 0.901136 4876
car -1 -1 nan 105343.000000 nan nan nan 1.316750 2.281841 4.227104 1.521669 21.334533 -1.644151 0.000000 0.919903 4878
car -1 -1 nan 105361.000000 nan nan nan 1.341531 3.556185 2.274536 -18.253784 2.239673 -1.162427 0.000000 0.924253 4871
car -1 -1 nan 105345.000000 nan nan nan 1.419707 2.385765 3.054347 -9.369491 3.717748 -1.020398 0.000000 0.933462 4856
truck -1 -1 nan 105352.000000 nan nan nan 1.700354 3.409299 5.001209 17.056069 17.347656 -1.181743 0.000000 0.874791 4848
car -1 -1 nan 105367.000000 nan nan nan 2.360034 4.059057 4.270865 -9.822203 6.116536 -0.554595 0.000000 0.917658 4839
car -1 -1 nan 105344.000000 nan nan nan 1.299717 2.999904 3.586947 -14.304808 -7.831668 -0.979263 0.000000 0.933470 4828
car -1 -1 nan 105331.000000 nan nan nan 1.277453 3.035011 3.266767 -5.381454 22.754251 -1.750860 0.000000 0.915883 4820
car -1 -1 nan 105365.000000 nan nan nan 0.705014 1.580529 1.706327 -17.914903 -10.761605 -0.665503 0.000000 0.866376 4815
car -1 -1 nan 105342.000000 nan nan nan 2.149620 2.713900 3.765657 -27.098904 -16.135713 -0.368105 0.000000 0.493341 4802
person -1 -1 nan 105286.000000 nan nan nan 1.311871 0.349451 0.775669 -21.570578 -19.415297 0.299037 0.000000 0.478903 935
person -1 -1 nan 105362.000000 nan nan nan 1.067571 0.459128 0.302487 37.337792 29.241036 -1.876144 0.000000 0.926106 945
person -1 -1 nan 105370.000000 nan nan nan 1.271111 0.505836 0.713968 -18.982438 26.404617 -1.709188 0.000000 0.706272 939
person -1 -1 nan 105330.000000 nan nan nan 1.316002 0.686695 0.776068 10.798314 -23.346986 0.124862 0.000000 0.909521 929
person -1 -1 nan 105354.000000 nan nan nan 1.299574 0.422939 0.605835 12.756909 -13.933951 -0.619819 0.000000 0.926234 922
bicycle -1 -1 nan 105294.000000 nan nan nan 0.639008 0.702412 0.629279 -12.992940 12.853923 -1.568554 0.000000 0.739250 1251
motorcycle -1 -1 nan 105333.000000 nan nan nan 1.130781 1.897188 1.430403 -21.118562 5.406849 -1.338359 0.000000 0.890407 1236
