other-vehicle -1 -1 nan 105396.000000 nan nan nan 0.517384 0.776593 0.696600 -13.154015 12.961803 -1.437396 0.000000 0.779699 4979
car -1 -1 nan 105359.000000 nan nan nan 0.419350 0.414049 0.703864 34.596892 21.430319 -3.430570 0.000000 0.528549 4978
car -1 -1 nan 105425.000000 nan nan nan 0.820177 0.764126 1.717528 -15.482437 44.822114 -2.586485 0.000000 0.875420 4963
other-vehicle -1 -1 nan 105405.000000 nan nan nan 0.630813 0.611999 0.747335 3.587270 -16.357388 -0.402739 0.000000 0.287357 4945
car -1 -1 nan 105432.000000 nan nan nan 1.256846 1.532856 1.908342 -1.063232 22.952861 -1.745354 0.000000 0.846791 4957
car -1 -1 nan 105431.000000 nan nan nan 0.519487 0.593661 0.807863 37.254707 -30.473183 -0.461915 0.000000 0.839042 4954
other-vehicle -1 -1 nan 105386.000000 nan nan nan 1.030855 1.363825 1.636468 -37.224271 -26.684923 -0.394040 0.000000 0.841796 4902
car -1 -1 nan 105423.000000 nan nan nan 0.318227 0.332017 0.819416 -14.732347 24.550484 -2.056523 0.000000 0.731840 4926
car -1 -1 nan 105388.000000 nan nan nan 1.387772 3.471791 2.634668 4.240557 1.882144 -0.944366 0.000000 0.918183 4919
car -1 -1 nan 105440.000000 nan nan nan 1.182926 1.199473 2.302901 22.286292 20.116478 -1.697951 0.000000 0.783968 4920
car -1 -1 nan 105428.000000 nan nan nan 0.451098 0.685768 1.159489 -10.898357 37.629736 -2.056265 0.000000 0.821757 4915
car -1 -1 nan 105414.000000 nan nan nan 1.266569 1.208908 1.624604 -12.342396 40.934152 -2.086884 0.000000 0.825716 4913
car -1 -1 nan 105400.000000 nan nan nan 1.018859 1.536987 2.392461 21.256983 -31.542245 0.285410 0.000000 0.850663 4910
car -1 -1 nan 105415.000000 nan nan nan 1.237711 3.540800 2.733701 -8.857834 16.640643 -1.609472 0.000000 0.912110 4905
other-vehicle -1 -1 nan 105384.000000 nan nan nan 1.588322 1.757499 3.356822 -8.275875 36.125188 -1.107502 0.000000 0.872216 4903
car -1 -1 nan 105424.000000 nan nan nan 0.361531 1.301109 1.387003 14.430885 -22.801094 0.113119 0.000000 0.794095 4900
car -1 -1 nan 105408.000000 nan nan nan 0.335295 1.847733 1.872542 -5.342779 30.105655 -1.312367 0.000000 0.769667 4896
car -1 -1 nan 105427.000000 nan nan nan 1.167386 1.600011 2.895364 -3.572867 26.911903 -1.763510 0.000000 0.891782 4888
car -1 -1 nan 105391.000000 nan nan nan 0.788353 3.318191 4.022880 11.812926 -20.042597 -0.220538 0.000000 0.885276 4886
car -1 -1 nan 105409.000000 nan nan nan 1.000836 2.874886 3.236951 17.097339 11.381769 -1.142472 0.000000 0.860924 4859
car -1 -1 nan 105417.000000 nan nan nan 1.300796 2.733032 3.966489 7.301677 -12.895253 -0.654268 0.000000 0.934732 4876
car -1 -1 nan 105397.000000 nan nan nan 1.333419 2.294275 4.193168 1.515443 21.323320 -1.654011 0.000000 0.936885 4878
car -1 -1 nan 105401.000000 nan nan nan 1.299209 3.581714 2.288836 -18.260715 2.234956 -1.144980 0.000000 0.923637 4871
car -1 -1 nan 105404.000000 nan nan nan 1.423013 2.377247 2.780783 -9.320178 3.714602 -1.016364 0.000000 0.897114 4856
truck -1 -1 nan 105434.000000 nan nan nan 1.814713 3.403660 5.060575 17.042413 17.307979 -1.196239 0.000000 0.836897 4848
car -1 -1 nan 105426.000000 nan nan nan 2.349107 4.376948 4.700366 -9.872012 6.151694 -0.558980 0.000000 0.910359 4839
car -1 -1 nan 105419.000000 nan nan nan 1.300664 2.836662 3.566201 -14.293375 -7.820947 -0.981041 0.000000 0.949906 4828
car -1 -1 nan 105412.000000 nan nan nan 1.297001 3.083310 3.300283 -5.636717 23.188524 -1.774067 0.000000 0.918263 4820
car -1 -1 nan 105390.000000 nan nan nan 0.742895 1.678181 1.760289 -17.969893 -10.801065 -0.699885 0.000000 0.871495 4815
car -1 -1 nan 105403.000000 nan nan nan 2.145912 2.700619 3.752630 -27.087366 -16.080700 -0.362537 0.000000 0.751787 4802
person -1 -1 nan 105411.000000 nan nan nan 0.993137 0.287939 0.735473 -21.618850 -19.459465 0.073357 0.000000 0.431167 935
person -1 -1 nan 105395.000000 nan nan nan 1.068759 0.395246 0.348505 37.182839 29.216515 -1.869990 0.000000 0.916449 945
person -1 -1 nan 105398.000000 nan nan nan 1.261894 0.618673 0.559073 -18.922288 26.445612 -1.700119 0.000000 0.316214 939
person -1 -1 nan 105429.000000 nan nan nan 1.322660 0.702709 0.785213 10.883227 -23.482548 0.126040 0.000000 0.929295 929
person -1 -1 nan 105413.000000 nan nan nan 1.367028 0.598578 0.571235 12.690320 -14.103310 -0.636228 0.000000 0.940896 922
bicycle -1 -1 nan 105294.000000 nan nan nan 0.639008 0.702412 0.629279 -13.010012 12.868564 -1.544597 0.000000 0.739250 1251
motorcycle -1 -1 nan 105422.000000 nan nan nan 1.220000 2.074702 1.451189 -21.108170 5.455195 -1.352270 0.000000 0.940853 1236
