car -1 -1 nan nan nan nan nan 1.460900 1.977273 4.430327 10.671791 3.774049 -0.991188 0.000000 0.932506 2096
truck -1 -1 nan nan nan nan nan 0.545264 0.722983 0.309101 48.980307 -4.649421 0.094056 0.000000 0.409052 2099
other-vehicle -1 -1 nan nan nan nan nan 0.673636 0.786045 1.948846 -7.513027 -17.946136 -0.938844 0.000000 0.471173 2100
car -1 -1 nan nan nan nan nan 0.318135 0.310047 0.623817 -5.383350 -46.455202 -1.409382 0.000000 0.691015 2103
car -1 -1 nan nan nan nan nan 1.326814 3.092042 1.624487 25.377723 10.249211 -1.333390 0.000000 0.859316 2105
car -1 -1 nan nan nan nan nan 0.249094 0.275791 0.784956 -17.839864 -33.363630 -1.777968 0.000000 0.476860 2107
car -1 -1 nan nan nan nan nan 1.423803 3.943350 1.783667 4.380079 -12.819893 -0.952137 0.000000 0.895425 2109
car -1 -1 nan nan nan nan nan 0.932242 1.637982 0.847927 38.435980 -0.333997 -1.275427 0.000000 0.785002 2111
other-vehicle -1 -1 nan nan nan nan nan 2.602991 4.984867 3.043583 -18.506994 -44.369020 -0.319153 0.000000 0.834774 2112
car -1 -1 nan nan nan nan nan 0.747032 1.218151 1.311236 6.039560 -40.202742 -0.446481 0.000000 0.770886 2113
car -1 -1 nan nan nan nan nan 1.351311 3.680362 1.749536 5.258001 10.786056 -1.418159 0.000000 0.857574 2115
car -1 -1 nan nan nan nan nan 0.631958 1.473973 0.945141 48.475935 3.105938 -1.372769 0.000000 0.839129 2116
car -1 -1 nan nan nan nan nan 1.607868 3.732702 2.011922 7.806185 -4.675914 -0.816642 0.000000 0.884317 2118
car -1 -1 nan nan nan nan nan 0.257148 0.430925 0.474888 -24.292336 -30.761573 -1.848389 0.000000 0.733694 2119
car -1 -1 nan nan nan nan nan 1.492568 2.719170 1.809970 4.268381 -18.595314 -0.763023 0.000000 0.837064 2121
other-vehicle -1 -1 nan nan nan nan nan 0.674668 0.562996 1.998018 -4.143139 -17.781061 -0.999668 0.000000 0.437156 2126
car -1 -1 nan nan nan nan nan 0.540358 0.349994 1.003063 46.359407 0.510991 -0.721512 0.000000 0.450617 2127
car -1 -1 nan nan nan nan nan 1.622561 1.980173 2.260597 18.740458 -8.074451 -0.525375 0.000000 0.666146 2129
other-vehicle -1 -1 nan nan nan nan nan 2.474195 3.012077 1.908537 -16.877246 -42.190029 -0.321301 0.000000 0.708124 2130
other-vehicle -1 -1 nan nan nan nan nan 1.767651 2.706276 2.675930 -36.026754 -23.045071 -1.722448 0.000000 0.768233 2136
car -1 -1 nan nan nan nan nan 0.285324 0.326126 0.684837 -25.038141 -32.704201 -1.955914 0.000000 0.536641 2137
bicycle -1 -1 nan nan nan nan nan 1.092193 0.633023 1.483952 20.301071 -2.279589 -1.107217 0.000000 0.758986 2128
person -1 -1 nan nan nan nan nan 1.593123 1.015985 1.008240 21.473902 -4.817178 -0.753849 0.000000 0.927423 2108
person -1 -1 nan nan nan nan nan 0.622972 0.271006 0.224922 15.566680 -8.185141 -0.032621 0.000000 0.898328 2120
person -1 -1 nan nan nan nan nan 1.625000 0.655823 0.473726 -0.061146 -16.797571 -0.587514 0.000000 0.866681 2124
person -1 -1 nan nan nan nan nan 1.458148 0.856032 0.852737 16.849052 -4.618297 -0.882822 0.000000 0.627521 2125
person -1 -1 nan nan nan nan nan 1.594679 0.531014 1.547668 23.744017 -5.552669 -0.620551 0.000000 0.906023 2132
person -1 -1 nan nan nan nan nan 0.500778 0.411051 0.509836 19.440545 -5.840790 -0.564472 0.000000 0.703229 2133
person -1 -1 nan nan nan nan nan 1.679774 0.663948 0.519050 3.154980 -18.430973 -0.621838 0.000000 0.386826 2139
person -1 -1 nan nan nan nan nan 0.627857 0.460028 0.553938 16.478723 -7.214500 -0.781482 0.000000 0.659462 2142
