other-vehicle -1 -1 nan nan nan nan nan 0.729256 1.815910 0.665188 -35.647291 17.293167 -2.028209 0.000000 0.888855 4739
car -1 -1 nan nan nan nan nan 0.390090 1.462348 0.617725 -33.193846 3.375946 -1.759805 0.000000 0.319797 4740
car -1 -1 nan nan nan nan nan 1.326764 1.568251 3.989821 -9.951597 -17.516509 -0.224139 0.000000 0.906098 4741
car -1 -1 nan nan nan nan nan 1.421918 1.744783 3.383180 -7.688385 2.421795 -1.150425 0.000000 0.937983 4742
car -1 -1 nan nan nan nan nan 0.225320 1.294815 0.306267 -40.828041 -12.583408 0.639178 0.000000 0.459905 4743
other-vehicle -1 -1 nan nan nan nan nan 1.532671 3.320230 0.820091 -42.071594 10.687508 -1.328673 0.000000 0.801937 4744
car -1 -1 nan nan nan nan nan 1.736145 1.889948 4.414930 -23.953347 0.872273 -0.800668 0.000000 0.936644 4746
car -1 -1 nan nan nan nan nan 1.322639 1.699411 1.272705 43.772247 -1.196788 -1.610898 0.000000 0.645366 4749
car -1 -1 nan nan nan nan nan 1.295102 1.292555 1.191422 -45.255810 4.798113 -1.240342 0.000000 0.603533 4750
car -1 -1 nan nan nan nan nan 0.908798 1.320248 1.111244 -36.791679 5.101506 -1.093406 0.000000 0.891343 4752
car -1 -1 nan nan nan nan nan 1.445310 1.719483 1.772339 -25.433922 -8.121267 -0.140131 0.000000 0.677799 4758
other-vehicle -1 -1 nan nan nan nan nan 0.912292 1.646608 3.584234 -31.422414 4.821867 -1.501557 0.000000 0.814009 4761
bicyclist -1 -1 nan nan nan nan nan 1.789469 0.694650 1.941522 4.331399 3.294055 -0.996876 0.000000 0.944361 4732
bicyclist -1 -1 nan nan nan nan nan 0.498823 0.509159 0.545881 -20.431357 -40.173300 0.100200 0.000000 0.732968 4734
bicyclist -1 -1 nan nan nan nan nan 0.809192 0.620170 0.521133 46.324833 -7.162666 -0.034685 0.000000 0.850309 4735
bicycle -1 -1 nan nan nan nan nan 0.634378 1.234408 0.541750 -22.089128 -11.910530 -0.495883 0.000000 0.892391 4737
motorcycle -1 -1 nan nan nan nan nan 0.472972 1.428166 1.234217 18.549912 -15.993412 -0.609616 0.000000 0.909273 4738
bicycle -1 -1 nan nan nan nan nan 0.793199 1.255997 0.863707 18.858945 -11.705262 -0.881469 0.000000 0.912182 4753
bicyclist -1 -1 nan nan nan nan nan 1.597235 0.560904 1.902174 8.259074 3.485082 -1.120215 0.000000 0.946156 4754
motorcycle -1 -1 nan nan nan nan nan 0.672249 0.538114 1.838739 18.711339 -13.957468 -0.720282 0.000000 0.776716 4759
person -1 -1 nan nan nan nan nan 0.814999 1.351899 0.369844 -25.541095 -10.000310 -0.159643 0.000000 0.785317 4755
person -1 -1 nan nan nan nan nan 1.146606 0.556222 0.496983 -24.219227 -12.412974 0.016082 0.000000 0.648612 4764
