truck -1 -1 nan nan nan nan nan 1.809512 0.754284 1.263772 -10.795101 -41.733038 -0.507725 0.000000 0.753327 289
car -1 -1 nan nan nan nan nan 0.630869 1.455206 0.720959 48.863668 -2.361834 -0.496354 0.000000 0.831873 292
car -1 -1 nan nan nan nan nan 0.897925 0.333099 0.702972 -41.084446 -28.812498 -1.221652 0.000000 0.729239 295
car -1 -1 nan nan nan nan nan 1.326042 3.784474 1.485051 16.208400 10.470634 -1.093955 0.000000 0.850203 296
other-vehicle -1 -1 nan nan nan nan nan 0.652478 0.583004 1.779913 5.355087 -17.657370 -1.007621 0.000000 0.494093 297
car -1 -1 nan nan nan nan nan 1.360574 3.983558 1.511478 36.372557 8.547736 -0.773053 0.000000 0.917352 301
car -1 -1 nan nan nan nan nan 1.510912 3.658578 1.897566 18.032380 -5.242867 -0.568587 0.000000 0.917168 306
car -1 -1 nan nan nan nan nan 1.266541 1.622255 0.885859 26.127067 0.287045 -0.798327 0.000000 0.454559 307
car -1 -1 nan nan nan nan nan 1.466643 4.116219 2.001061 14.132495 -19.636429 -0.682879 0.000000 0.844183 308
car -1 -1 nan nan nan nan nan 1.274143 3.223324 1.642015 14.226656 -12.952420 -0.884015 0.000000 0.938348 318
other-vehicle -1 -1 nan nan nan nan nan 2.802287 2.445534 3.907124 -1.635828 -43.507824 -0.480612 0.000000 0.524857 320
other-vehicle -1 -1 nan nan nan nan nan 0.517714 0.510805 2.018408 2.133356 -17.595073 -0.910086 0.000000 0.405426 326
car -1 -1 nan nan nan nan nan 0.511313 0.274021 0.514654 -7.669805 -43.016790 -2.193931 0.000000 0.629121 327
car -1 -1 nan nan nan nan nan 0.600903 0.253960 0.986632 14.899032 -26.878855 -0.110656 0.000000 0.658303 329
truck -1 -1 nan nan nan nan nan 1.893921 2.564575 2.912970 -10.426372 -44.055069 -0.545015 0.000000 0.660894 330
truck -1 -1 nan nan nan nan nan 1.582768 1.490944 1.331155 -7.840927 -41.140175 -0.597606 0.000000 0.802689 331
car -1 -1 nan nan nan nan nan 0.618142 0.680019 0.244806 -25.614396 -22.154263 -1.949922 0.000000 0.707077 333
motorcycle -1 -1 nan nan nan nan nan 0.805123 0.874279 0.898350 -22.988708 -26.234369 -2.548579 0.000000 0.322780 300
bicyclist -1 -1 nan nan nan nan nan 0.471893 0.583973 0.487673 -1.951696 -38.390997 -1.902280 0.000000 0.667021 312
motorcycle -1 -1 nan nan nan nan nan 0.844774 1.038042 1.754415 9.646249 -17.447143 -0.930108 0.000000 0.818287 323
bicycle -1 -1 nan nan nan nan nan 0.735925 1.338991 0.929489 -24.014000 -27.937535 -2.594712 0.000000 0.490997 336
person -1 -1 nan nan nan nan nan 0.736947 0.274988 0.469252 -25.532474 -20.292716 -2.368302 0.000000 0.467776 314
person -1 -1 nan nan nan nan nan 1.219477 0.720103 1.239609 33.909740 -6.801996 -0.286978 0.000000 0.808000 317
person -1 -1 nan nan nan nan nan 0.964856 0.678099 1.402643 30.662606 -3.488527 -0.700341 0.000000 0.874408 322
person -1 -1 nan nan nan nan nan 0.535148 0.502070 0.440153 30.961917 -6.940029 0.430695 0.000000 0.626094 325
person -1 -1 nan nan nan nan nan 1.541880 0.709068 0.798236 11.683321 -17.477751 -0.569080 0.000000 0.719103 332
person -1 -1 nan nan nan nan nan 0.583144 0.297044 0.247784 32.226313 -6.379449 -0.769068 0.000000 0.811736 338
person -1 -1 nan nan nan nan nan 1.561000 0.443067 0.594458 31.558784 -5.759358 -0.244535 0.000000 0.910065 341
