other-vehicle -1 -1 nan nan nan nan nan 1.651314 1.862703 0.891281 43.256165 -17.682570 0.961951 0.000000 0.717943 2991
car -1 -1 nan nan nan nan nan 1.575419 3.521826 1.827922 3.524905 -6.203026 -0.833528 0.000000 0.912208 2994
truck -1 -1 nan nan nan nan nan 2.363906 3.636763 2.208725 -41.863888 -25.453282 -1.233339 0.000000 0.778856 2995
car -1 -1 nan nan nan nan nan 1.413025 3.984725 1.865122 24.238902 3.147490 -1.447089 0.000000 0.941948 2997
car -1 -1 nan nan nan nan nan 0.654194 1.015188 1.348156 -4.630070 -26.583179 -0.279550 0.000000 0.786858 2998
car -1 -1 nan nan nan nan nan 0.385656 0.356928 0.298576 19.906338 25.956454 -2.033652 0.000000 0.287942 2999
car -1 -1 nan nan nan nan nan 0.903128 1.207711 0.677719 -17.881210 10.917518 -0.883322 0.000000 0.251601 3000
car -1 -1 nan nan nan nan nan 1.416515 3.762456 1.851730 4.942568 9.358698 -1.471892 0.000000 0.801127 3003
other-vehicle -1 -1 nan nan nan nan nan 0.764422 1.061190 2.001391 -14.908013 -15.066383 -0.922220 0.000000 0.483925 3005
car -1 -1 nan nan nan nan nan 0.325481 0.639697 1.062714 -38.531952 -9.862852 -2.266169 0.000000 0.792073 3006
car -1 -1 nan nan nan nan nan 1.574247 1.865232 4.531486 -7.617999 4.026076 -1.137400 0.000000 0.874626 3010
car -1 -1 nan nan nan nan nan 1.300209 1.710759 3.332809 35.233200 -10.215502 -1.391177 0.000000 0.893881 3011
car -1 -1 nan nan nan nan nan 0.223007 0.498228 0.346029 -31.389293 -22.792068 -1.524976 0.000000 0.689288 3012
car -1 -1 nan nan nan nan nan 0.700380 0.968250 1.375455 -7.389755 -39.992743 0.044390 0.000000 0.665368 3015
car -1 -1 nan nan nan nan nan 1.407727 3.242889 1.820404 -1.850647 -12.653172 -0.957309 0.000000 0.834250 3022
other-vehicle -1 -1 nan nan nan nan nan 0.691653 0.245502 0.660879 19.338080 31.294527 -1.999606 0.000000 0.498623 3023
other-vehicle -1 -1 nan nan nan nan nan 1.569945 1.067905 2.153923 -43.309292 -11.450107 -1.614157 0.000000 0.742275 3024
other-vehicle -1 -1 nan nan nan nan nan 0.768261 0.908360 1.965921 -11.622334 -15.704370 -1.000804 0.000000 0.416234 3027
car -1 -1 nan nan nan nan nan 1.659987 2.145290 2.641211 -3.846806 -18.376659 -0.717890 0.000000 0.838231 3030
other-vehicle -1 -1 nan nan nan nan nan 2.096440 1.801590 1.565170 -33.061707 -36.203411 -0.239861 0.000000 0.422411 3032
other-vehicle -1 -1 nan nan nan nan nan 1.015015 1.564455 0.924273 9.483185 -11.463427 -0.775432 0.000000 0.432480 3033
other-vehicle -1 -1 nan nan nan nan nan 2.168144 1.613511 0.731152 39.035883 0.319621 -0.938039 0.000000 0.754874 3037
other-vehicle -1 -1 nan nan nan nan nan 2.241718 1.902012 1.680605 -30.115333 -35.436010 -0.888210 0.000000 0.715537 3038
bicyclist -1 -1 nan nan nan nan nan 0.207027 0.437232 0.562111 -36.085575 15.608940 -0.839050 0.000000 0.752185 2990
motorcycle -1 -1 nan nan nan nan nan 1.016048 0.435604 0.842167 41.807043 -11.329024 -1.214162 0.000000 0.699236 3019
bicycle -1 -1 nan nan nan nan nan 0.517977 0.498623 1.570072 25.342730 -12.123454 -1.110057 0.000000 0.816053 3020
bicyclist -1 -1 nan nan nan nan nan 1.481028 0.794529 0.566349 11.007581 41.314531 -2.222453 0.000000 0.599685 3028
bicycle -1 -1 nan nan nan nan nan 1.161084 0.916251 1.615454 16.108193 -7.363713 -1.239146 0.000000 0.892469 3031
person -1 -1 nan nan nan nan nan 1.137117 0.476448 0.347625 11.377754 44.694725 -2.445127 0.000000 0.462957 2993
person -1 -1 nan nan nan nan nan 1.334927 0.759247 1.292450 18.575386 -11.385194 -0.485427 0.000000 0.908371 3004
person -1 -1 nan nan nan nan nan 1.734812 1.043315 1.165336 -6.796548 -16.450598 -0.627029 0.000000 0.471354 3017
person -1 -1 nan nan nan nan nan 0.871000 0.202515 0.392413 0.253209 -35.319935 -0.238681 0.000000 0.480488 3025
person -1 -1 nan nan nan nan nan 0.442933 0.280787 0.265755 12.907767 -12.643910 -0.026740 0.000000 0.786854 3029
person -1 -1 nan nan nan nan nan 1.477981 0.437036 0.478632 16.437127 -9.720515 -0.788547 0.000000 0.581682 3034
person -1 -1 nan nan nan nan nan 1.071752 0.525799 0.293385 -43.182016 -13.775035 -1.935066 0.000000 0.405821 3035
person -1 -1 nan nan nan nan nan 0.809575 0.373927 0.454968 11.015076 -11.079318 -0.886315 0.000000 0.450287 3044
