other-vehicle -1 -1 nan nan nan nan nan 0.579816 0.646156 1.760550 -7.119499 -17.884300 -0.992819 0.000000 0.358848 1989
car -1 -1 nan nan nan nan nan 1.770504 2.823362 2.448689 -35.618082 -23.084512 -1.951177 0.000000 0.813160 1990
other-vehicle -1 -1 nan nan nan nan nan 2.398588 4.135547 0.468132 49.361317 -6.278337 0.708742 0.000000 0.893242 1991
car -1 -1 nan nan nan nan nan 1.323830 3.689116 1.739797 5.521204 10.839740 -1.342788 0.000000 0.872640 1992
car -1 -1 nan nan nan nan nan 1.317097 3.430428 1.551424 25.651351 10.001361 -1.181645 0.000000 0.904552 1994
truck -1 -1 nan nan nan nan nan 3.581531 3.807003 3.681461 -30.121033 -35.214548 -0.835693 0.000000 0.812323 1999
car -1 -1 nan nan nan nan nan 1.425083 3.887040 1.795673 4.599016 -12.852753 -0.956027 0.000000 0.857666 2001
car -1 -1 nan nan nan nan nan 1.419085 1.605858 1.464185 6.344925 -40.386749 -0.329450 0.000000 0.713924 2002
car -1 -1 nan nan nan nan nan 1.191630 1.641224 3.251911 39.879984 -0.186526 -0.950049 0.000000 0.825703 2003
car -1 -1 nan nan nan nan nan 1.445008 2.069294 4.118619 12.850779 3.975125 -0.973346 0.000000 0.894098 2004
other-vehicle -1 -1 nan nan nan nan nan 1.014406 1.269161 0.292149 40.585661 10.962959 -0.644769 0.000000 0.831082 2005
car -1 -1 nan nan nan nan nan 1.582883 3.730513 1.922060 7.984602 -4.702755 -0.769618 0.000000 0.898448 2007
car -1 -1 nan nan nan nan nan 0.214007 0.363151 0.463791 -35.845181 6.088568 -0.900352 0.000000 0.785613 2008
other-vehicle -1 -1 nan nan nan nan nan 0.515917 1.615217 0.440048 46.381756 3.111919 -1.025641 0.000000 0.838562 2011
truck -1 -1 nan nan nan nan nan 0.553322 0.633940 1.227943 -31.537010 -28.588677 -1.390917 0.000000 0.166736 2012
car -1 -1 nan nan nan nan nan 1.509758 2.308950 1.690976 4.601402 -18.356877 -0.774067 0.000000 0.805263 2015
car -1 -1 nan nan nan nan nan 0.626893 1.313150 0.848242 -30.474799 -20.231866 -2.622526 0.000000 0.747991 2016
truck -1 -1 nan nan nan nan nan 0.590855 0.445056 0.215034 45.048363 11.496021 0.962312 0.000000 0.645153 2019
truck -1 -1 nan nan nan nan nan 2.907218 6.168030 4.236164 -17.635323 -43.773682 -0.710943 0.000000 0.836943 2024
car -1 -1 nan nan nan nan nan 1.434039 1.576194 1.902906 19.194549 -8.260165 -0.286314 0.000000 0.552973 2025
bicycle -1 -1 nan nan nan nan nan 1.114300 0.638091 1.932943 20.574883 -2.286335 -0.994315 0.000000 0.834530 2020
person -1 -1 nan nan nan nan nan 0.823972 0.371189 0.387421 -44.218418 -6.402374 -1.334788 0.000000 0.869190 2006
person -1 -1 nan nan nan nan nan 0.740175 1.012224 0.595795 -39.085049 -16.024877 -3.018051 0.000000 0.841021 2010
person -1 -1 nan nan nan nan nan 1.435536 0.556077 1.411852 23.932652 -5.518782 -0.423326 0.000000 0.905535 2014
person -1 -1 nan nan nan nan nan 1.713957 0.694975 0.559492 0.068521 -16.846231 -0.630632 0.000000 0.904877 2017
person -1 -1 nan nan nan nan nan 0.524972 0.239029 0.265959 15.839120 -8.203668 0.017052 0.000000 0.824074 2021
person -1 -1 nan nan nan nan nan 0.763840 0.751104 0.846916 21.156223 -5.678314 -0.096044 0.000000 0.759671 2023
person -1 -1 nan nan nan nan nan 1.598023 0.410059 0.672932 21.625116 -4.530655 -0.619609 0.000000 0.922378 2030
person -1 -1 nan nan nan nan nan 0.851984 0.608078 0.503912 16.719113 -7.291050 -0.799800 0.000000 0.730369 2031
person -1 -1 nan nan nan nan nan 0.505783 0.498069 0.360981 19.703329 -5.837843 -0.571324 0.000000 0.685889 2032
person -1 -1 nan nan nan nan nan 1.220825 0.853050 0.467289 3.510318 -18.486767 -0.750717 0.000000 0.481198 2037
