car -1 -1 nan nan nan nan nan 1.442488 2.055984 3.993151 -21.506261 1.564448 -1.874721 0.000000 0.792263 4137
car -1 -1 nan nan nan nan nan 1.374917 0.561024 1.460621 23.320087 42.236963 -1.556556 0.000000 0.498506 4139
other-vehicle -1 -1 nan nan nan nan nan 0.858526 0.778303 0.450588 27.778316 -2.320537 -0.439700 0.000000 0.834485 4140
car -1 -1 nan nan nan nan nan 1.272176 4.445133 1.817872 -10.879202 36.139906 -2.422478 0.000000 0.774692 4141
car -1 -1 nan nan nan nan nan 1.435595 1.671532 3.880863 3.460520 -17.033682 -0.510556 0.000000 0.917861 4142
car -1 -1 nan nan nan nan nan 0.960838 0.687771 1.621440 -4.041931 -38.629786 -0.319004 0.000000 0.719016 4145
car -1 -1 nan nan nan nan nan 1.331132 1.732327 3.688182 2.294454 2.866187 -1.112783 0.000000 0.906480 4147
other-vehicle -1 -1 nan nan nan nan nan 1.206157 1.742359 1.797662 6.274833 -32.590548 0.768630 0.000000 0.694785 4150
other-vehicle -1 -1 nan nan nan nan nan 0.593182 1.767337 0.653612 -27.755177 12.426614 -2.423455 0.000000 0.638887 4151
car -1 -1 nan nan nan nan nan 1.619327 2.377235 3.809772 -12.654374 -1.507973 -1.132297 0.000000 0.902195 4154
car -1 -1 nan nan nan nan nan 1.489427 2.866468 3.590622 -28.059658 0.647268 -1.856060 0.000000 0.886929 4156
car -1 -1 nan nan nan nan nan 1.356418 3.901100 2.070528 -4.960552 -32.661510 -0.345142 0.000000 0.858632 4157
car -1 -1 nan nan nan nan nan 0.992918 0.659810 0.646389 -25.595751 -1.196177 -1.776082 0.000000 0.656717 4164
other-vehicle -1 -1 nan nan nan nan nan 1.152590 0.392365 2.312529 5.537361 -31.802567 0.746254 0.000000 0.764058 4174
bicyclist -1 -1 nan nan nan nan nan 1.626924 0.713483 1.344030 21.577647 7.153631 -0.796718 0.000000 0.928505 4152
bicyclist -1 -1 nan nan nan nan nan 0.442908 0.394653 0.289229 -15.714043 -9.531262 -0.328856 0.000000 0.574880 4159
bicycle -1 -1 nan nan nan nan nan 1.068703 1.832388 0.638889 -9.221882 -13.666448 -0.893392 0.000000 0.797490 4160
bicyclist -1 -1 nan nan nan nan nan 1.309696 0.512027 1.106947 25.281783 7.848346 -0.825611 0.000000 0.853540 4163
person -1 -1 nan nan nan nan nan 1.511842 0.348985 0.642588 -13.712644 -10.978766 -0.623363 0.000000 0.811599 4165
person -1 -1 nan nan nan nan nan 1.584420 0.908233 0.457938 -11.361400 -14.902565 -0.559305 0.000000 0.806905 4168
person -1 -1 nan nan nan nan nan 1.425931 0.420499 0.734300 -11.116022 -12.518844 -0.803548 0.000000 0.815713 4169
person -1 -1 nan nan nan nan nan 1.119827 1.434028 1.142717 -12.925831 -12.612081 -0.869253 0.000000 0.906790 4172
