car -1 -1 nan nan nan nan nan 1.414187 3.668109 1.616521 10.748607 10.523812 -1.120394 0.000000 0.660952 817
other-vehicle -1 -1 nan nan nan nan nan 1.730589 1.450415 0.289856 45.840996 9.239273 0.405342 0.000000 0.831637 821
other-vehicle -1 -1 nan nan nan nan nan 0.739645 0.863205 2.015324 -3.131835 -17.787088 -1.028976 0.000000 0.651749 823
truck -1 -1 nan nan nan nan nan 2.587232 2.698471 3.657584 -6.533200 -43.352406 -0.380758 0.000000 0.722801 825
car -1 -1 nan nan nan nan nan 1.179815 3.938814 1.557173 30.889802 8.784917 -0.641138 0.000000 0.914466 828
car -1 -1 nan nan nan nan nan 1.394135 3.407904 1.359989 9.207202 -27.899867 -0.502952 0.000000 0.915633 829
car -1 -1 nan nan nan nan nan 1.541937 3.722408 1.927573 12.709544 -5.124651 -0.571757 0.000000 0.904328 831
other-vehicle -1 -1 nan nan nan nan nan 1.531944 3.585331 0.259842 25.418541 -24.789837 0.704594 0.000000 0.893015 832
car -1 -1 nan nan nan nan nan 0.810025 0.583168 0.604252 10.134140 -40.184048 -0.233337 0.000000 0.732513 833
car -1 -1 nan nan nan nan nan 0.852306 1.445346 0.857521 43.545429 -2.073003 -0.286977 0.000000 0.846218 834
other-vehicle -1 -1 nan nan nan nan nan 2.396796 1.741089 1.762918 -15.720136 -42.403042 -0.815192 0.000000 0.854623 836
car -1 -1 nan nan nan nan nan 0.834479 1.080666 0.672287 -37.255360 -18.308245 -3.729936 0.000000 0.733836 840
car -1 -1 nan nan nan nan nan 1.306436 1.840434 3.535984 38.057505 3.989949 -0.327807 0.000000 0.769124 841
car -1 -1 nan nan nan nan nan 1.320770 1.769407 2.626022 30.997944 0.809686 -0.501728 0.000000 0.761763 842
truck -1 -1 nan nan nan nan nan 2.580996 4.137146 3.721151 -27.141768 -33.992966 -1.956354 0.000000 0.694438 845
other-vehicle -1 -1 nan nan nan nan nan 1.689172 2.214968 0.647259 27.122652 -29.675599 0.757436 0.000000 0.823639 848
car -1 -1 nan nan nan nan nan 1.403634 4.028881 1.685243 8.902449 -13.194060 -0.784861 0.000000 0.939586 849
truck -1 -1 nan nan nan nan nan 0.895617 1.401630 1.634988 -14.844834 -45.348360 -0.868927 0.000000 0.498320 858
other-vehicle -1 -1 nan nan nan nan nan 2.776103 1.550579 1.945311 -13.309197 -40.878283 -1.013037 0.000000 0.901550 860
car -1 -1 nan nan nan nan nan 1.453732 2.804537 1.718634 8.779151 -18.742145 -0.652513 0.000000 0.887249 861
other-vehicle -1 -1 nan nan nan nan nan 1.995696 2.583462 5.131702 22.862675 -34.830751 0.665850 0.000000 0.932176 863
other-vehicle -1 -1 nan nan nan nan nan 1.884976 1.062027 1.561976 -7.792600 -44.403091 -0.561577 0.000000 0.671554 867
car -1 -1 nan nan nan nan nan 0.510971 0.456871 0.765818 -31.966872 -19.918360 -3.463481 0.000000 0.483604 869
car -1 -1 nan nan nan nan nan 0.950611 0.963164 0.580002 25.610100 -7.513074 -0.174126 0.000000 0.454361 870
bicycle -1 -1 nan nan nan nan nan 0.919322 0.674160 1.629131 25.268629 -3.238687 -0.602525 0.000000 0.919685 850
person -1 -1 nan nan nan nan nan 0.204134 0.375309 0.436134 -20.435463 -29.926138 -2.343160 0.000000 0.489798 830
person -1 -1 nan nan nan nan nan 1.620147 0.726818 0.627958 6.877797 -18.027708 -0.511307 0.000000 0.467271 837
person -1 -1 nan nan nan nan nan 0.544134 0.268058 0.268330 20.312780 -8.957722 0.560669 0.000000 0.257961 846
person -1 -1 nan nan nan nan nan 1.505693 0.588541 0.739942 3.925576 -17.152385 -0.650109 0.000000 0.931086 856
person -1 -1 nan nan nan nan nan 1.605145 1.030201 1.216766 26.449368 -5.800240 -0.181815 0.000000 0.896113 859
person -1 -1 nan nan nan nan nan 1.099136 0.522126 0.491146 29.081236 -6.627489 0.346743 0.000000 0.788593 862
person -1 -1 nan nan nan nan nan 0.612973 0.474094 0.381107 24.844936 -8.651800 0.314196 0.000000 0.874142 864
