car -1 -1 nan nan nan nan nan 1.558058 3.269418 3.049638 -5.337076 -6.095223 -1.009958 0.000000 0.890062 3682
car -1 -1 nan nan nan nan nan 0.925339 1.086961 0.481701 -49.367319 -8.721138 -1.787052 0.000000 0.706050 3685
other-vehicle -1 -1 nan nan nan nan nan 1.181397 0.794741 0.705992 -24.433707 -31.940024 -1.174666 0.000000 0.794405 3688
other-vehicle -1 -1 nan nan nan nan nan 0.780338 4.578478 1.983463 -30.680754 6.356230 -2.337226 0.000000 0.799581 3689
car -1 -1 nan nan nan nan nan 1.388756 3.325243 2.919455 16.579064 -10.951463 -0.747974 0.000000 0.947861 3690
car -1 -1 nan nan nan nan nan 1.392356 3.467258 3.266131 -16.456564 18.543432 -1.671712 0.000000 0.813614 3692
other-vehicle -1 -1 nan nan nan nan nan 2.090800 1.028854 1.303123 26.822533 -22.218544 0.144005 0.000000 0.312982 3694
car -1 -1 nan nan nan nan nan 1.347331 2.922439 3.004982 5.057428 5.233316 -1.092066 0.000000 0.876474 3695
car -1 -1 nan nan nan nan nan 1.196357 2.654163 3.577713 17.710880 -28.256374 -0.626509 0.000000 0.935274 3698
car -1 -1 nan nan nan nan nan 1.057725 1.181667 1.580605 -34.485218 -26.679121 -1.679849 0.000000 0.896975 3699
other-vehicle -1 -1 nan nan nan nan nan 0.549371 1.749229 1.540848 -25.305885 -2.118353 -1.850713 0.000000 0.297371 3701
car -1 -1 nan nan nan nan nan 1.481061 1.576788 1.615456 -24.179447 -17.736758 -1.646565 0.000000 0.871598 3704
car -1 -1 nan nan nan nan nan 1.220456 1.331661 0.833900 21.981277 -33.389032 -0.441472 0.000000 0.582438 3707
car -1 -1 nan nan nan nan nan 1.439676 3.627115 2.807564 -18.521158 -12.452162 -1.545737 0.000000 0.918604 3708
truck -1 -1 nan nan nan nan nan 1.704773 1.320319 1.427181 39.390707 10.252606 0.482829 0.000000 0.793943 3709
other-vehicle -1 -1 nan nan nan nan nan 0.295380 0.693965 0.655729 -23.814166 -4.372894 -1.805238 0.000000 0.223750 3712
truck -1 -1 nan nan nan nan nan 0.720164 1.342749 1.469944 41.618177 7.490850 0.495186 0.000000 0.420511 3716
car -1 -1 nan nan nan nan nan 1.355565 3.575094 2.600973 -13.549927 -8.501738 -1.467428 0.000000 0.839299 3718
bicyclist -1 -1 nan nan nan nan nan 1.403642 0.789518 0.776186 23.730876 22.913335 -0.778887 0.000000 0.906379 3691
bicycle -1 -1 nan nan nan nan nan 1.139299 1.290224 1.074077 3.978355 -14.536789 -1.064303 0.000000 0.810664 3710
bicyclist -1 -1 nan nan nan nan nan 0.644975 0.219149 0.383970 26.058776 25.546733 -0.901894 0.000000 0.609859 3713
person -1 -1 nan nan nan nan nan 0.551250 0.427322 0.301270 0.749821 -18.718081 0.030001 0.000000 0.672004 3696
person -1 -1 nan nan nan nan nan 1.693853 0.556035 0.377882 -1.236806 -14.577282 -0.712624 0.000000 0.640502 3711
person -1 -1 nan nan nan nan nan 0.947266 0.867770 0.946616 0.720551 -15.935078 -0.846311 0.000000 0.773530 3714
person -1 -1 nan nan nan nan nan 1.637765 0.423035 0.518585 2.865771 -16.625484 -0.708492 0.000000 0.755540 3717
person -1 -1 nan nan nan nan nan 1.482982 0.499463 0.707541 1.412458 -14.183834 -0.870795 0.000000 0.905443 3719
person -1 -1 nan nan nan nan nan 0.561162 0.670427 0.529530 -0.314481 -15.418400 -0.359146 0.000000 0.835195 3720
