car -1 -1 nan nan nan nan nan 1.392169 3.245761 2.922298 5.200906 5.692551 -1.099029 0.000000 0.927235 3628
other-vehicle -1 -1 nan nan nan nan nan 0.204273 0.725880 0.833601 22.180718 -37.696550 0.268499 0.000000 0.454751 3630
other-vehicle -1 -1 nan nan nan nan nan 0.628900 0.358616 0.449047 49.823275 -5.403477 -0.183571 0.000000 0.736966 3631
other-vehicle -1 -1 nan nan nan nan nan 0.742047 0.567478 0.630472 -22.252658 -33.161276 -1.129130 0.000000 0.602899 3634
other-vehicle -1 -1 nan nan nan nan nan 0.608055 1.268615 0.931717 -22.774260 -5.759411 -1.877447 0.000000 0.432027 3635
car -1 -1 nan nan nan nan nan 1.499504 3.350566 3.322141 -16.246900 17.026385 -1.683967 0.000000 0.797155 3637
other-vehicle -1 -1 nan nan nan nan nan 1.660118 1.024603 1.004560 28.409818 -20.643994 -0.074819 0.000000 0.673667 3639
truck -1 -1 nan nan nan nan nan 2.063240 0.876124 0.718559 41.112293 10.491271 0.342779 0.000000 0.790541 3640
car -1 -1 nan nan nan nan nan 1.298660 3.472181 2.923347 17.635101 -10.025953 -0.709027 0.000000 0.952618 3642
car -1 -1 nan nan nan nan nan 0.877617 2.139738 0.901522 -21.581992 29.100886 -1.269252 0.000000 0.825211 3643
car -1 -1 nan nan nan nan nan 1.525021 3.104082 2.138571 -22.975932 -19.572156 -1.636586 0.000000 0.846386 3644
car -1 -1 nan nan nan nan nan 1.543609 3.339228 3.006917 -4.548635 -6.317601 -0.990704 0.000000 0.898052 3645
car -1 -1 nan nan nan nan nan 1.445094 2.364724 2.159908 -46.545881 14.973606 -3.599854 0.000000 0.722089 3646
car -1 -1 nan nan nan nan nan 1.210663 2.509878 3.680023 19.733194 -27.214873 -0.637719 0.000000 0.930701 3647
car -1 -1 nan nan nan nan nan 1.028399 1.051857 1.579111 -32.434169 -28.572783 -1.618429 0.000000 0.639772 3648
other-vehicle -1 -1 nan nan nan nan nan 0.602072 0.428081 0.478643 29.270352 16.058053 -0.574148 0.000000 0.449411 3650
other-vehicle -1 -1 nan nan nan nan nan 0.640344 1.305059 0.870239 -36.243347 -3.127660 -2.504517 0.000000 0.513011 3651
car -1 -1 nan nan nan nan nan 1.394857 3.689736 2.365232 -12.530668 -9.278076 -1.510734 0.000000 0.926691 3652
other-vehicle -1 -1 nan nan nan nan nan 0.854198 2.327377 1.728516 -31.254234 6.596665 -2.451314 0.000000 0.785814 3656
car -1 -1 nan nan nan nan nan 1.650107 3.589623 2.595783 -17.228960 -13.420185 -1.376014 0.000000 0.868174 3657
other-vehicle -1 -1 nan nan nan nan nan 0.592524 1.630466 1.743752 -24.758871 -3.556855 -1.818013 0.000000 0.300956 3661
other-vehicle -1 -1 nan nan nan nan nan 1.967011 1.145223 1.427475 38.959503 12.708308 0.607486 0.000000 0.801395 3663
car -1 -1 nan nan nan nan nan 0.952396 0.505503 0.696728 -48.008623 13.072745 -4.034330 0.000000 0.807874 3670
car -1 -1 nan nan nan nan nan 1.227638 1.370403 0.929073 24.246449 -32.090101 -0.445948 0.000000 0.641693 3674
other-vehicle -1 -1 nan nan nan nan nan 0.776297 1.784743 0.953957 -29.901833 4.506586 -2.333061 0.000000 0.656203 3677
car -1 -1 nan nan nan nan nan 0.933495 0.497581 0.246887 -48.193008 -11.799560 -2.639095 0.000000 0.636539 3678
bicyclist -1 -1 nan nan nan nan nan 1.436767 0.926704 0.898333 23.277610 24.598721 -0.798185 0.000000 0.875548 3641
bicyclist -1 -1 nan nan nan nan nan 0.771866 0.626995 0.658768 39.712719 -2.697582 -0.239564 0.000000 0.863704 3649
bicycle -1 -1 nan nan nan nan nan 1.044470 1.242463 1.135088 5.233232 -14.270528 -1.118487 0.000000 0.710553 3659
person -1 -1 nan nan nan nan nan 1.507827 0.517222 0.473527 0.052361 -14.497992 -0.613992 0.000000 0.604038 3660
person -1 -1 nan nan nan nan nan 1.163157 0.323520 0.566568 -18.235036 -9.817660 -1.590252 0.000000 0.226986 3662
person -1 -1 nan nan nan nan nan 1.636761 1.268255 0.627504 4.200462 -16.801194 -0.706305 0.000000 0.730393 3664
person -1 -1 nan nan nan nan nan 1.464597 0.850483 1.526192 2.120134 -14.114542 -0.858642 0.000000 0.676413 3665
