car -1 -1 nan nan nan nan nan 1.612022 1.843600 4.541950 -9.741767 5.088352 -1.232235 0.000000 0.881318 3098
truck -1 -1 nan nan nan nan nan 1.544248 1.310621 2.413994 -44.756138 -7.849599 -2.174089 0.000000 0.708581 3105
other-vehicle -1 -1 nan nan nan nan nan 1.930543 1.774153 0.528828 40.545725 -22.302238 0.811917 0.000000 0.886269 3106
other-vehicle -1 -1 nan nan nan nan nan 0.688899 1.231780 1.871765 -16.650120 -13.831255 -1.121364 0.000000 0.485540 3107
car -1 -1 nan nan nan nan nan 1.585742 4.353023 2.011321 2.385887 -6.892894 -0.831963 0.000000 0.935994 3108
car -1 -1 nan nan nan nan nan 1.369903 4.036505 2.050259 23.826147 1.111455 -1.233212 0.000000 0.953207 3109
car -1 -1 nan nan nan nan nan 1.431775 3.659145 2.157617 5.216501 8.856149 -1.410813 0.000000 0.899008 3110
car -1 -1 nan nan nan nan nan 2.036946 3.784391 2.039841 -44.476410 -21.781354 -1.675222 0.000000 0.884769 3111
car -1 -1 nan nan nan nan nan 0.873668 1.585804 1.596996 32.815760 -13.087016 -1.152091 0.000000 0.907223 3114
truck -1 -1 nan nan nan nan nan 0.676248 1.911578 0.797445 -17.647449 0.249822 -0.571779 0.000000 0.295117 3116
car -1 -1 nan nan nan nan nan 0.665563 2.891148 1.653306 -7.466807 -26.967665 -0.427574 0.000000 0.763812 3118
other-vehicle -1 -1 nan nan nan nan nan 0.852253 1.200830 1.875078 8.337816 -12.397964 -0.863610 0.000000 0.265498 3119
other-vehicle -1 -1 nan nan nan nan nan 1.207309 1.165611 1.265890 -12.907550 -21.341614 -0.503146 0.000000 0.732937 3120
car -1 -1 nan nan nan nan nan 0.508575 1.166196 0.723034 39.746958 -15.353307 -0.644640 0.000000 0.655019 3121
car -1 -1 nan nan nan nan nan 1.304502 1.883902 1.622440 -3.327011 -12.120410 -1.010297 0.000000 0.853599 3122
truck -1 -1 nan nan nan nan nan 1.171939 0.939621 0.445396 -33.375259 -32.729969 -1.721233 0.000000 0.609912 3128
other-vehicle -1 -1 nan nan nan nan nan 0.489737 0.666257 1.013932 -13.975439 -14.521828 -1.100337 0.000000 0.278282 3129
truck -1 -1 nan nan nan nan nan 2.400904 1.480740 1.766930 -36.462864 -33.190218 -0.684132 0.000000 0.795931 3133
truck -1 -1 nan nan nan nan nan 0.570341 0.607212 0.671692 -33.806404 -34.929899 -1.810953 0.000000 0.496898 3137
car -1 -1 nan nan nan nan nan 0.402675 1.320858 1.241409 -39.751385 -7.023734 -2.651524 0.000000 0.698191 3138
car -1 -1 nan nan nan nan nan 1.194886 1.628311 1.044498 -44.712626 -10.076378 -2.236753 0.000000 0.499729 3139
truck -1 -1 nan nan nan nan nan 2.334548 0.579105 0.654709 -34.482681 -33.108408 -0.887496 0.000000 0.652465 3141
bicycle -1 -1 nan nan nan nan nan 1.147931 0.950659 1.567801 14.871286 -8.738075 -1.108231 0.000000 0.584581 3126
bicyclist -1 -1 nan nan nan nan nan 1.701352 0.821419 0.710160 13.421017 39.188000 -1.984252 0.000000 0.714973 3130
bicycle -1 -1 nan nan nan nan nan 0.605332 0.258970 0.344795 -44.677719 19.351192 -1.775983 0.000000 0.763311 3144
person -1 -1 nan nan nan nan nan 1.059976 0.546108 0.291507 14.134664 42.531786 -2.057372 0.000000 0.337976 3101
person -1 -1 nan nan nan nan nan 0.641608 0.242592 0.339900 -3.301430 -35.264393 -0.535931 0.000000 0.480728 3103
person -1 -1 nan nan nan nan nan 1.036716 0.440239 0.615042 17.395997 -13.153092 -0.228714 0.000000 0.822455 3104
person -1 -1 nan nan nan nan nan 1.557695 1.134726 0.820709 15.134238 -11.423151 -0.704042 0.000000 0.700762 3132
person -1 -1 nan nan nan nan nan 1.461099 1.216606 1.216357 11.554811 -9.881045 -0.828698 0.000000 0.815200 3134
person -1 -1 nan nan nan nan nan 0.625056 0.322605 0.311797 11.198020 -13.715907 -0.026754 0.000000 0.287920 3135
person -1 -1 nan nan nan nan nan 1.700678 1.073174 0.742605 10.457101 -11.577272 -0.646729 0.000000 0.720005 3140
person -1 -1 nan nan nan nan nan 0.457299 0.604527 0.302416 14.036866 -11.982351 -0.263859 0.000000 0.717399 3142
person -1 -1 nan nan nan nan nan 0.363863 0.449824 0.408848 16.257393 -13.403181 0.106238 0.000000 0.622585 3143
person -1 -1 nan nan nan nan nan 0.510650 0.261902 0.524513 11.583182 -11.778337 -0.258894 0.000000 0.590586 3146
