car -1 -1 nan nan nan nan nan 1.472805 1.945484 4.087372 -19.558073 1.285019 -1.325154 0.000000 0.902175 4526
car -1 -1 nan nan nan nan nan 0.575310 1.493967 0.408009 47.543898 -1.997956 -0.745655 0.000000 0.823381 4527
car -1 -1 nan nan nan nan nan 0.542573 0.350609 1.500572 -17.909039 -36.747849 -0.428916 0.000000 0.744964 4529
car -1 -1 nan nan nan nan nan 1.458200 1.508160 2.922322 -6.653900 -17.388597 -0.541852 0.000000 0.921311 4533
other-vehicle -1 -1 nan nan nan nan nan 0.430007 0.334063 0.270048 -31.335862 18.726687 -2.320109 0.000000 0.433906 4540
car -1 -1 nan nan nan nan nan 0.853611 1.328064 1.543516 -17.608245 -29.694145 -0.522251 0.000000 0.852275 4543
car -1 -1 nan nan nan nan nan 1.088861 0.470741 1.575091 1.330798 -3.263965 -0.788097 0.000000 0.187698 4545
car -1 -1 nan nan nan nan nan 1.451778 0.985013 0.736172 -40.666445 5.566908 -2.114016 0.000000 0.696346 4548
car -1 -1 nan nan nan nan nan 0.638830 0.244945 0.914124 -48.122440 -0.546430 -1.672345 0.000000 0.595626 4549
car -1 -1 nan nan nan nan nan 0.605414 1.084180 0.831678 22.783189 -12.256251 -0.616359 0.000000 0.872695 4552
other-vehicle -1 -1 nan nan nan nan nan 0.302482 1.433028 0.456776 -48.700403 -3.955202 -0.355947 0.000000 0.438954 4559
car -1 -1 nan nan nan nan nan 1.309898 1.583324 3.385022 -3.297203 2.468448 -1.160491 0.000000 0.922072 4565
car -1 -1 nan nan nan nan nan 1.268904 1.597804 1.154003 -25.833714 5.446601 -1.795941 0.000000 0.752262 4566
car -1 -1 nan nan nan nan nan 0.980557 2.240670 1.597313 -32.572166 6.280931 -1.755901 0.000000 0.775290 4570
bicyclist -1 -1 nan nan nan nan nan 1.516571 0.563923 1.669958 15.022988 3.158662 -0.884775 0.000000 0.951696 4530
bicycle -1 -1 nan nan nan nan nan 0.511005 1.528950 1.325310 22.418200 -16.367727 -0.408767 0.000000 0.712649 4535
bicyclist -1 -1 nan nan nan nan nan 1.661379 0.755900 1.836141 11.299129 3.136520 -0.803181 0.000000 0.922924 4553
motorcycle -1 -1 nan nan nan nan nan 1.037131 1.775000 0.626734 -18.038657 -11.372830 -0.976045 0.000000 0.878010 4557
motorcycle -1 -1 nan nan nan nan nan 0.664059 0.640972 1.625998 22.568473 -14.367759 -0.494903 0.000000 0.862308 4561
person -1 -1 nan nan nan nan nan 1.460447 0.455463 0.432457 -20.291815 -12.000103 -0.706001 0.000000 0.770562 4539
person -1 -1 nan nan nan nan nan 1.382602 0.499257 0.659304 -19.745696 -10.560564 -0.792418 0.000000 0.782617 4563
