other-vehicle -1 -1 nan nan nan nan nan 0.651978 0.819551 1.989671 -4.324851 -17.809594 -0.968595 0.000000 0.344180 999
car -1 -1 nan nan nan nan nan 0.600437 1.673793 0.309895 -47.136866 9.243444 -1.661288 0.000000 0.779474 1002
other-vehicle -1 -1 nan nan nan nan nan 1.673282 2.924677 0.358994 26.162029 -29.954181 0.774368 0.000000 0.834693 1004
car -1 -1 nan nan nan nan nan 1.435317 3.691169 1.653954 9.406427 10.594440 -1.249023 0.000000 0.702604 1005
car -1 -1 nan nan nan nan nan 1.371486 1.618229 1.721805 -6.781673 -43.752401 0.067446 0.000000 0.783313 1008
car -1 -1 nan nan nan nan nan 0.671831 1.248543 1.658779 -27.173143 -19.557093 -2.925984 0.000000 0.786411 1009
car -1 -1 nan nan nan nan nan 1.316516 3.813157 1.568220 29.467731 8.883793 -0.885560 0.000000 0.876617 1011
car -1 -1 nan nan nan nan nan 1.351033 3.629059 1.570179 8.158499 -27.731136 -0.449867 0.000000 0.902621 1013
car -1 -1 nan nan nan nan nan 1.571997 3.672732 2.090960 11.477319 -5.048182 -0.660394 0.000000 0.920112 1014
other-vehicle -1 -1 nan nan nan nan nan 1.335112 1.359361 0.293148 44.516508 9.481395 0.226373 0.000000 0.534332 1015
truck -1 -1 nan nan nan nan nan 2.570785 3.134533 2.412063 -16.520516 -44.544859 -1.048717 0.000000 0.765888 1018
car -1 -1 nan nan nan nan nan 1.176256 1.568497 0.828512 32.010861 1.039332 -0.638272 0.000000 0.715869 1021
car -1 -1 nan nan nan nan nan 1.308496 1.549485 1.280727 42.395632 -1.698051 -0.512902 0.000000 0.757004 1023
car -1 -1 nan nan nan nan nan 1.213926 1.260757 1.560455 8.503658 -40.492558 -0.189746 0.000000 0.727086 1024
car -1 -1 nan nan nan nan nan 0.472055 0.260986 0.722519 18.296406 35.229923 -1.567043 0.000000 0.739579 1025
truck -1 -1 nan nan nan nan nan 2.339299 3.933460 3.331406 -28.083067 -34.232904 -1.787492 0.000000 0.750054 1028
other-vehicle -1 -1 nan nan nan nan nan 1.953982 0.668636 4.540239 21.834834 -33.587435 0.667041 0.000000 0.904880 1029
car -1 -1 nan nan nan nan nan 1.434962 3.959025 1.664563 7.679394 -13.151190 -0.845995 0.000000 0.942260 1031
car -1 -1 nan nan nan nan nan 1.576953 1.820549 3.965658 33.657582 4.026266 -0.639282 0.000000 0.848207 1034
car -1 -1 nan nan nan nan nan 0.254974 0.371326 0.480419 -24.683506 -41.147924 -2.538798 0.000000 0.676405 1035
other-vehicle -1 -1 nan nan nan nan nan 2.803744 0.703690 1.720681 -14.262097 -40.434299 -0.960392 0.000000 0.735364 1037
car -1 -1 nan nan nan nan nan 0.454230 0.523674 0.267043 -7.941633 -38.418362 -2.163369 0.000000 0.483465 1040
truck -1 -1 nan nan nan nan nan 2.956214 1.999672 3.985804 -15.475259 -42.325630 -1.024327 0.000000 0.763318 1042
car -1 -1 nan nan nan nan nan 1.422445 2.928759 1.635269 7.563385 -18.924329 -0.726617 0.000000 0.862649 1044
other-vehicle -1 -1 nan nan nan nan nan 1.890082 0.776890 0.958681 -9.149461 -44.550447 -0.494906 0.000000 0.683083 1047
car -1 -1 nan nan nan nan nan 0.749649 0.761193 0.848890 24.495399 -6.517338 0.234272 0.000000 0.464086 1052
car -1 -1 nan nan nan nan nan 0.340711 0.495070 0.240330 26.822723 -7.744610 0.475309 0.000000 0.311334 1054
bicycle -1 -1 nan nan nan nan nan 0.986422 0.732198 1.528711 24.045449 -3.091952 -0.782558 0.000000 0.755216 1039
person -1 -1 nan nan nan nan nan 1.609264 0.497780 0.685108 5.874539 -18.112661 -0.574529 0.000000 0.182464 1019
person -1 -1 nan nan nan nan nan 0.411401 0.234783 0.376608 14.988290 -34.019575 0.181676 0.000000 0.621376 1020
person -1 -1 nan nan nan nan nan 1.642045 0.246052 0.341118 -33.779697 -20.510912 -2.524663 0.000000 0.442155 1027
person -1 -1 nan nan nan nan nan 0.333840 0.489131 0.304432 27.726877 -6.480323 0.337988 0.000000 0.703595 1043
person -1 -1 nan nan nan nan nan 1.538086 0.412176 0.513187 24.909250 -5.327536 -0.295911 0.000000 0.886291 1051
person -1 -1 nan nan nan nan nan 0.434185 0.352147 0.214252 23.752033 -8.519279 0.082895 0.000000 0.838593 1053
