car -1 -1 nan nan nan nan nan 0.573797 1.178650 0.682056 -44.003958 -13.387102 -1.485916 0.000000 0.861844 3960
car -1 -1 nan nan nan nan nan 0.713453 0.929558 1.434178 6.798018 -38.260170 -0.438116 0.000000 0.726877 3961
car -1 -1 nan nan nan nan nan 1.465050 3.995604 2.713184 -14.702503 29.149409 -2.227935 0.000000 0.864008 3962
car -1 -1 nan nan nan nan nan 1.568746 2.809480 3.461905 -10.005614 -3.781963 -0.958936 0.000000 0.904607 3963
car -1 -1 nan nan nan nan nan 1.364498 2.368461 3.693812 9.230832 -15.556313 -0.596836 0.000000 0.916495 3965
car -1 -1 nan nan nan nan nan 0.917816 2.770708 2.741058 -20.617594 -22.903501 0.267690 0.000000 0.899132 3966
car -1 -1 nan nan nan nan nan 1.357396 2.543000 3.730471 3.838246 3.595458 -1.146156 0.000000 0.940368 3968
other-vehicle -1 -1 nan nan nan nan nan 0.316070 1.253730 0.526131 -25.444239 1.331048 -2.075177 0.000000 0.717915 3969
other-vehicle -1 -1 nan nan nan nan nan 1.384825 0.592363 1.422730 15.003044 -29.571029 0.651753 0.000000 0.840550 3971
car -1 -1 nan nan nan nan nan 1.491492 2.295850 2.734324 -32.218429 -8.676295 -1.526392 0.000000 0.913711 3973
other-vehicle -1 -1 nan nan nan nan nan 0.290385 1.145531 0.368896 -30.436668 20.779554 -3.156040 0.000000 0.779850 3974
other-vehicle -1 -1 nan nan nan nan nan 0.921944 0.795805 0.284206 29.881969 4.031522 -0.682227 0.000000 0.486042 3976
car -1 -1 nan nan nan nan nan 0.987631 1.291243 1.800955 3.819126 -31.302503 -0.518914 0.000000 0.834280 3978
car -1 -1 nan nan nan nan nan 1.446874 2.857695 3.310785 -18.726703 -3.179065 -1.477405 0.000000 0.868132 3979
other-vehicle -1 -1 nan nan nan nan nan 0.627950 2.088347 1.117058 -27.549107 6.653360 -2.101124 0.000000 0.845355 3981
car -1 -1 nan nan nan nan nan 1.338617 2.771463 3.509827 -24.819777 -5.243244 -1.463021 0.000000 0.890801 3982
other-vehicle -1 -1 nan nan nan nan nan 1.488065 1.995391 1.040174 -30.572993 -2.710215 -1.439164 0.000000 0.813624 3983
other-vehicle -1 -1 nan nan nan nan nan 1.052263 0.979500 0.502644 -36.598566 -21.696165 -0.863542 0.000000 0.812106 3987
other-vehicle -1 -1 nan nan nan nan nan 1.267329 4.096287 3.179222 -35.562416 3.050303 -1.919459 0.000000 0.813102 3988
car -1 -1 nan nan nan nan nan 0.395355 0.623016 0.393975 5.525670 -33.976406 -0.689517 0.000000 0.498131 3991
other-vehicle -1 -1 nan nan nan nan nan 0.933534 2.439869 0.738411 -31.224525 0.280271 -1.740173 0.000000 0.690904 3992
other-vehicle -1 -1 nan nan nan nan nan 2.008356 3.186581 1.389465 -33.055218 -24.561817 -0.330191 0.000000 0.893976 3997
car -1 -1 nan nan nan nan nan 0.453472 0.333034 0.201653 -24.660002 -3.618573 -0.748458 0.000000 0.805150 3998
other-vehicle -1 -1 nan nan nan nan nan 0.293006 0.641063 0.464724 -26.072156 2.850233 -2.120928 0.000000 0.147210 4003
bicyclist -1 -1 nan nan nan nan nan 1.594720 0.716745 1.280241 23.930535 12.812891 -0.987453 0.000000 0.896158 3959
bicycle -1 -1 nan nan nan nan nan 1.077557 1.659575 0.705756 -3.977675 -14.805611 -0.866262 0.000000 0.847524 3984
person -1 -1 nan nan nan nan nan 0.743972 0.326174 0.380489 -36.146158 -17.185027 -1.154243 0.000000 0.825973 3980
person -1 -1 nan nan nan nan nan 1.072638 0.437307 0.405079 -8.973170 -13.235363 -0.701914 0.000000 0.424698 3986
person -1 -1 nan nan nan nan nan 1.651764 0.436464 0.489693 -5.761725 -16.348777 -0.525302 0.000000 0.131692 3993
person -1 -1 nan nan nan nan nan 1.512977 0.465611 0.720354 -6.159387 -14.010345 -0.723380 0.000000 0.882776 3994
