other-vehicle -1 -1 nan nan nan nan nan 0.946946 0.599512 1.834827 28.887154 -6.842479 -1.197876 0.000000 0.868523 2613
car -1 -1 nan nan nan nan nan 0.618583 0.368404 1.061832 36.528219 34.074553 -2.628479 0.000000 0.777669 2617
car -1 -1 nan nan nan nan nan 1.192939 1.935533 4.354913 -0.042927 2.978626 -0.863267 0.000000 0.916239 2620
other-vehicle -1 -1 nan nan nan nan nan 0.813855 0.829517 2.029101 -10.164377 -17.356304 -0.793887 0.000000 0.314664 2623
car -1 -1 nan nan nan nan nan 1.277577 3.882654 1.612190 24.763062 7.999392 -1.717267 0.000000 0.947430 2631
car -1 -1 nan nan nan nan nan 1.432134 4.286688 1.704819 2.091351 -13.269672 -0.941925 0.000000 0.895736 2632
truck -1 -1 nan nan nan nan nan 0.894153 0.461010 0.727783 -21.487324 -40.508989 -0.279191 0.000000 0.401128 2634
car -1 -1 nan nan nan nan nan 0.260557 0.946515 0.243977 -43.082037 -3.441498 -1.011573 0.000000 0.482277 2635
car -1 -1 nan nan nan nan nan 0.228086 0.617004 1.429463 -13.420164 -34.724236 -1.304703 0.000000 0.811690 2636
other-vehicle -1 -1 nan nan nan nan nan 2.198081 1.342483 0.376656 39.817871 7.850191 -1.219155 0.000000 0.620797 2637
car -1 -1 nan nan nan nan nan 1.629520 3.639988 1.841487 6.095505 -5.187959 -0.863066 0.000000 0.917287 2639
other-vehicle -1 -1 nan nan nan nan nan 1.134394 1.955692 2.847197 29.505694 34.944204 -2.429574 0.000000 0.671154 2640
car -1 -1 nan nan nan nan nan 1.109441 3.696821 1.672420 4.750476 10.415719 -1.393483 0.000000 0.928398 2641
car -1 -1 nan nan nan nan nan 1.340528 1.667552 1.542175 37.293663 -3.210392 -1.673840 0.000000 0.912508 2642
car -1 -1 nan nan nan nan nan 1.663214 2.295765 2.286040 1.288602 -18.564779 -0.612747 0.000000 0.677386 2645
car -1 -1 nan nan nan nan nan 1.328349 1.518351 0.477802 -38.177156 -21.625436 -1.334571 0.000000 0.770299 2646
car -1 -1 nan nan nan nan nan 0.873485 0.874046 1.900886 16.861302 -9.989013 -0.363615 0.000000 0.825171 2657
other-vehicle -1 -1 nan nan nan nan nan 1.820685 2.341442 2.663296 -38.954580 -20.055202 -1.279507 0.000000 0.794762 2660
truck -1 -1 nan nan nan nan nan 0.544809 0.433931 0.389149 47.889147 14.658248 -1.136075 0.000000 0.436393 2661
truck -1 -1 nan nan nan nan nan 1.224321 0.643323 1.403233 47.817915 13.494173 -0.494620 0.000000 0.370777 2664
motorcycle -1 -1 nan nan nan nan nan 0.305391 0.733356 0.694106 -10.780550 -46.233423 -1.142219 0.000000 0.767460 2616
bicycle -1 -1 nan nan nan nan nan 1.016610 0.704180 1.548351 18.749159 -3.822926 -1.356180 0.000000 0.635828 2647
bicyclist -1 -1 nan nan nan nan nan 1.365892 0.971073 0.600140 4.473973 47.101076 -2.640182 0.000000 0.801049 2653
person -1 -1 nan nan nan nan nan 1.228050 0.519390 0.322566 4.195746 49.933420 -2.705112 0.000000 0.884177 2615
person -1 -1 nan nan nan nan nan 0.791768 0.522001 0.469496 14.472992 -8.448226 -1.008171 0.000000 0.442837 2628
person -1 -1 nan nan nan nan nan 1.471663 0.527724 1.585815 21.930250 -7.350544 -0.847959 0.000000 0.871050 2644
person -1 -1 nan nan nan nan nan 1.728088 1.151043 1.314566 -2.405925 -17.137850 -0.559076 0.000000 0.461292 2648
person -1 -1 nan nan nan nan nan 0.484740 0.459034 0.525738 17.607903 -7.233722 -0.865286 0.000000 0.774400 2652
person -1 -1 nan nan nan nan nan 1.587719 0.527720 0.587303 19.532259 -6.135642 -1.006120 0.000000 0.773183 2658
person -1 -1 nan nan nan nan nan 0.997615 0.759213 0.941927 19.093072 -7.282993 -0.441816 0.000000 0.700699 2662
