car -1 -1 nan nan nan nan nan 1.610113 3.194198 2.483674 -0.210490 -6.655112 -0.886955 0.000000 0.944050 3311
car -1 -1 nan nan nan nan nan 0.641883 0.744938 0.521856 30.769408 39.759348 -1.709884 0.000000 0.623592 3312
other-vehicle -1 -1 nan nan nan nan nan 1.613626 1.569672 2.703445 -46.741772 -1.933701 -3.209852 0.000000 0.796491 3313
other-vehicle -1 -1 nan nan nan nan nan 0.469330 0.770271 0.467926 -22.610134 -35.961781 0.232841 0.000000 0.397343 3315
car -1 -1 nan nan nan nan nan 1.428788 3.846707 2.363720 22.235809 -3.372063 -0.821647 0.000000 0.924132 3317
car -1 -1 nan nan nan nan nan 1.524912 2.037915 4.371577 -13.458164 8.444260 -1.453510 0.000000 0.818600 3319
other-vehicle -1 -1 nan nan nan nan nan 0.569448 1.216538 1.850628 -20.324177 -10.497582 -1.496927 0.000000 0.491713 3320
car -1 -1 nan nan nan nan nan 1.416828 3.678473 2.448597 5.424324 7.748353 -1.267010 0.000000 0.789707 3322
car -1 -1 nan nan nan nan nan 0.860765 0.429527 0.645597 25.110425 25.005644 -1.147755 0.000000 0.859305 3323
car -1 -1 nan nan nan nan nan 1.321640 2.882828 1.630896 -13.405171 -25.118746 -1.091314 0.000000 0.859520 3325
other-vehicle -1 -1 nan nan nan nan nan 1.197032 0.535919 0.908889 -8.340042 -37.940353 -0.613434 0.000000 0.801350 3326
car -1 -1 nan nan nan nan nan 1.280196 1.567722 3.885658 29.560070 -18.908232 -0.483829 0.000000 0.885792 3327
car -1 -1 nan nan nan nan nan 0.205338 0.354351 0.305798 -38.183367 -13.755207 -2.515903 0.000000 0.793223 3328
car -1 -1 nan nan nan nan nan 0.762323 0.317480 0.550045 35.182272 -21.824235 -0.498318 0.000000 0.702484 3335
car -1 -1 nan nan nan nan nan 1.377144 4.178127 2.300809 -7.089620 -12.205942 -1.215898 0.000000 0.870997 3336
other-vehicle -1 -1 nan nan nan nan nan 2.208182 1.297694 0.984383 35.711132 -10.168177 0.117831 0.000000 0.804514 3337
other-vehicle -1 -1 nan nan nan nan nan 1.607440 3.075642 1.929214 34.676174 -29.169380 0.943829 0.000000 0.859386 3340
other-vehicle -1 -1 nan nan nan nan nan 0.680288 1.408319 1.875507 -17.354282 -12.030093 -1.562241 0.000000 0.139239 3342
car -1 -1 nan nan nan nan nan 0.302627 0.964676 0.739628 -46.168787 2.497162 -4.100910 0.000000 0.628254 3343
car -1 -1 nan nan nan nan nan 0.515903 0.864960 1.268263 -19.629939 -36.275749 -1.013268 0.000000 0.743690 3347
other-vehicle -1 -1 nan nan nan nan nan 0.884567 1.957006 2.656326 -29.803568 -2.730153 -2.060710 0.000000 0.827649 3350
truck -1 -1 nan nan nan nan nan 0.345376 0.476519 0.370392 -40.929039 -28.072419 -2.861557 0.000000 0.432459 3353
bicyclist -1 -1 nan nan nan nan nan 0.752961 0.691037 0.491352 40.522978 10.527934 -0.754795 0.000000 0.838232 3316
bicyclist -1 -1 nan nan nan nan nan 1.276067 0.455273 0.500380 19.351295 37.062769 -1.530841 0.000000 0.106277 3330
bicycle -1 -1 nan nan nan nan nan 1.056327 0.999854 1.352091 11.674573 -11.312027 -0.912914 0.000000 0.784606 3339
bicycle -1 -1 nan nan nan nan nan 0.466942 0.501469 0.207628 29.918340 25.623608 -1.550548 0.000000 0.729378 3341
bicyclist -1 -1 nan nan nan nan nan 1.587049 0.789497 0.718830 18.174208 34.042831 -1.406442 0.000000 0.853805 3345
bicycle -1 -1 nan nan nan nan nan 0.414211 0.241600 0.274821 7.121486 -15.459429 0.083173 0.000000 0.394369 3351
person -1 -1 nan nan nan nan nan 1.473537 0.595650 0.451226 -12.275589 -14.175532 -1.156724 0.000000 0.181771 3331
person -1 -1 nan nan nan nan nan 1.483962 1.078898 1.107636 8.439522 -12.006053 -0.718612 0.000000 0.881708 3349
person -1 -1 nan nan nan nan nan 1.595305 1.070495 0.588405 11.428216 -13.962962 -0.516248 0.000000 0.832177 3354
person -1 -1 nan nan nan nan nan 1.432656 0.559659 0.515474 7.892471 -13.578557 -0.607863 0.000000 0.841478 3355
person -1 -1 nan nan nan nan nan 1.726495 0.588153 0.849194 7.051565 -13.187230 -0.581838 0.000000 0.673164 3356
person -1 -1 nan nan nan nan nan 0.904601 0.570314 0.778981 9.129776 -13.656658 -0.653042 0.000000 0.707510 3358
