car -1 -1 nan nan nan nan nan 1.344071 3.823803 1.776659 7.675026 10.711157 -1.314614 0.000000 0.751773 1299
car -1 -1 nan nan nan nan nan 0.340242 0.983273 2.109341 -29.468000 -40.494490 -2.443096 0.000000 0.768432 1300
other-vehicle -1 -1 nan nan nan nan nan 1.612789 0.547447 3.213451 19.742205 -33.713963 0.714829 0.000000 0.870166 1302
car -1 -1 nan nan nan nan nan 0.531139 0.439198 0.284313 48.120363 -0.504725 0.093664 0.000000 0.697773 1303
other-vehicle -1 -1 nan nan nan nan nan 0.680284 0.836266 1.999557 -5.675066 -17.841681 -0.927540 0.000000 0.456365 1306
car -1 -1 nan nan nan nan nan 0.288982 0.575802 0.711043 -4.474224 -46.585466 -1.153268 0.000000 0.733291 1307
car -1 -1 nan nan nan nan nan 0.693444 1.543465 1.305016 -28.784683 -19.785109 -2.875235 0.000000 0.839054 1310
car -1 -1 nan nan nan nan nan 1.298008 3.412655 1.478055 6.915541 -27.725460 -0.339782 0.000000 0.892170 1312
car -1 -1 nan nan nan nan nan 0.495377 0.491917 1.375254 20.803412 30.470695 -1.707062 0.000000 0.742720 1313
car -1 -1 nan nan nan nan nan 1.618190 3.755972 2.038505 9.898390 -4.864781 -0.607526 0.000000 0.876410 1315
truck -1 -1 nan nan nan nan nan 2.338511 3.153782 2.805680 -16.376361 -44.881472 -0.462494 0.000000 0.801534 1320
car -1 -1 nan nan nan nan nan 0.859800 1.515674 0.804291 35.613834 1.725278 -0.507529 0.000000 0.699595 1321
other-vehicle -1 -1 nan nan nan nan nan 1.253276 0.342070 2.422323 0.742043 -23.344451 -0.321238 0.000000 0.713595 1325
car -1 -1 nan nan nan nan nan 0.997488 1.743764 0.988728 40.664206 -1.227039 -0.614477 0.000000 0.702108 1328
truck -1 -1 nan nan nan nan nan 3.025577 4.023197 3.190929 -29.029102 -34.654104 -1.342784 0.000000 0.796170 1329
car -1 -1 nan nan nan nan nan 1.578404 2.063003 4.038094 26.965649 4.341040 -0.629577 0.000000 0.893679 1330
car -1 -1 nan nan nan nan nan 1.349386 4.051491 1.682713 6.262291 -13.033660 -0.792839 0.000000 0.891792 1332
other-vehicle -1 -1 nan nan nan nan nan 1.712373 2.641529 0.681000 -33.188213 -22.618650 -2.358175 0.000000 0.907373 1333
other-vehicle -1 -1 nan nan nan nan nan 0.393000 0.942230 0.309080 25.739158 -19.158426 0.896689 0.000000 0.876864 1334
car -1 -1 nan nan nan nan nan 0.413824 0.757795 0.945028 -19.962409 -29.321696 -1.747643 0.000000 0.565703 1336
car -1 -1 nan nan nan nan nan 0.710299 1.384434 1.643548 7.562291 -40.344282 -0.014102 0.000000 0.674351 1337
other-vehicle -1 -1 nan nan nan nan nan 0.518627 0.526312 1.628291 -2.456168 -17.688825 -0.928112 0.000000 0.292378 1338
truck -1 -1 nan nan nan nan nan 1.578585 1.340988 1.429728 -15.326940 -41.030411 -0.123382 0.000000 0.545208 1339
truck -1 -1 nan nan nan nan nan 1.945395 1.833450 1.862404 -17.775808 -42.763969 -0.277519 0.000000 0.816480 1346
car -1 -1 nan nan nan nan nan 0.902855 0.681488 2.288486 34.260614 36.078751 -1.566231 0.000000 0.857444 1349
car -1 -1 nan nan nan nan nan 1.009255 2.821398 2.780600 24.026919 -7.259585 0.376272 0.000000 0.454238 1352
car -1 -1 nan nan nan nan nan 1.502334 3.385143 1.721756 6.270060 -18.801641 -0.554494 0.000000 0.914206 1353
car -1 -1 nan nan nan nan nan 1.407149 3.979705 1.676907 27.766624 9.397211 -0.910470 0.000000 0.949196 1358
truck -1 -1 nan nan nan nan nan 0.793159 0.371960 0.618125 -10.192918 -44.844419 -0.034444 0.000000 0.433454 1361
bicycle -1 -1 nan nan nan nan nan 0.917282 0.617318 1.446533 22.499697 -2.739828 -0.719055 0.000000 0.790313 1331
person -1 -1 nan nan nan nan nan 1.002036 0.631166 0.900969 22.617789 -8.440636 0.368398 0.000000 0.910305 1309
person -1 -1 nan nan nan nan nan 1.581871 0.531958 0.469150 4.712271 -18.241590 -0.370613 0.000000 0.059131 1323
person -1 -1 nan nan nan nan nan 1.406211 0.864405 1.447399 18.959988 -5.269682 -0.521565 0.000000 0.927585 1340
person -1 -1 nan nan nan nan nan 1.653797 1.174469 0.773348 1.129044 -17.215021 -0.539296 0.000000 0.633367 1343
person -1 -1 nan nan nan nan nan 1.455053 0.380105 0.632648 23.402246 -4.982457 -0.275411 0.000000 0.859516 1345
person -1 -1 nan nan nan nan nan 0.794818 0.438158 0.454037 20.904772 -5.956926 -0.357974 0.000000 0.483896 1348
person -1 -1 nan nan nan nan nan 1.281023 0.642247 1.328558 19.655116 -6.645215 -0.361167 0.000000 0.758050 1351
person -1 -1 nan nan nan nan nan 1.737036 0.640459 0.697289 25.036676 -6.390091 -0.064926 0.000000 0.443818 1355
