car -1 -1 nan nan nan nan nan 1.608620 3.611860 1.753577 3.989423 -6.061734 -0.859522 0.000000 0.936598 2931
other-vehicle -1 -1 nan nan nan nan nan 2.012185 1.505836 1.775574 -31.247543 -37.245773 0.034792 0.000000 0.791542 2934
truck -1 -1 nan nan nan nan nan 0.786064 0.591285 0.312260 43.909861 -16.180842 0.529485 0.000000 0.478137 2935
car -1 -1 nan nan nan nan nan 0.750987 2.156837 1.426003 32.490536 30.284130 -2.155890 0.000000 0.741703 2937
car -1 -1 nan nan nan nan nan 0.509455 0.423437 0.283831 12.353727 16.311576 -0.980377 0.000000 0.154019 2939
other-vehicle -1 -1 nan nan nan nan nan 0.717232 0.956749 1.931783 -14.024552 -15.566813 -0.880170 0.000000 0.459154 2940
car -1 -1 nan nan nan nan nan 1.351886 3.969209 1.803774 24.396171 4.073362 -1.550183 0.000000 0.920870 2943
car -1 -1 nan nan nan nan nan 0.400271 2.287653 1.352992 -3.454570 -27.761653 -0.159078 0.000000 0.708990 2944
car -1 -1 nan nan nan nan nan 1.778283 2.777073 2.120064 -40.831326 -26.376215 -1.248187 0.000000 0.862078 2945
car -1 -1 nan nan nan nan nan 2.008643 2.003866 4.460990 -6.521146 3.613878 -0.882041 0.000000 0.904669 2946
car -1 -1 nan nan nan nan nan 0.254764 0.833920 0.304287 -17.710960 -34.653154 -1.572554 0.000000 0.656995 2947
car -1 -1 nan nan nan nan nan 0.697900 0.950176 1.261896 -5.622643 -40.269903 0.034457 0.000000 0.719296 2950
car -1 -1 nan nan nan nan nan 1.307746 1.932356 2.317131 35.369617 -9.032897 -1.415017 0.000000 0.726044 2952
car -1 -1 nan nan nan nan nan 1.412790 3.720521 1.756012 4.910999 9.553765 -1.488957 0.000000 0.815736 2953
car -1 -1 nan nan nan nan nan 1.368284 2.229355 2.516704 -2.839551 -18.523806 -0.813665 0.000000 0.729671 2955
car -1 -1 nan nan nan nan nan 0.230990 0.396564 0.438095 -33.341606 -24.198084 -1.650563 0.000000 0.556214 2957
car -1 -1 nan nan nan nan nan 1.397451 3.139517 1.805552 -1.114878 -12.717539 -0.949874 0.000000 0.888339 2961
truck -1 -1 nan nan nan nan nan 1.551861 1.329764 2.351105 -42.620922 -13.121343 -1.621367 0.000000 0.738470 2962
other-vehicle -1 -1 nan nan nan nan nan 0.710280 0.752345 1.994699 -10.749701 -16.237908 -0.961582 0.000000 0.217329 2967
car -1 -1 nan nan nan nan nan 0.213386 0.512516 0.587929 -19.944099 -32.125948 -1.513837 0.000000 0.617651 2971
car -1 -1 nan nan nan nan nan 0.278656 0.276831 0.843708 -34.690577 -25.840722 -1.745900 0.000000 0.667969 2978
truck -1 -1 nan nan nan nan nan 1.163729 1.658640 0.758465 -42.304518 -15.167374 -1.670453 0.000000 0.477576 2979
bicycle -1 -1 nan nan nan nan nan 0.709056 0.657934 1.296217 25.997039 -11.285254 -1.213118 0.000000 0.869725 2941
bicycle -1 -1 nan nan nan nan nan 1.207015 0.899673 1.550097 16.653150 -6.700041 -1.263896 0.000000 0.887352 2959
bicyclist -1 -1 nan nan nan nan nan 1.535101 0.840900 0.560197 9.829628 42.244352 -2.282739 0.000000 0.721367 2970
person -1 -1 nan nan nan nan nan 1.393259 0.500523 0.311090 10.056085 45.757425 -2.609002 0.000000 0.751846 2933
person -1 -1 nan nan nan nan nan 1.211985 0.523835 0.549337 19.550847 -10.789360 -0.566700 0.000000 0.742210 2964
person -1 -1 nan nan nan nan nan 0.869923 0.244759 0.338938 1.843221 -35.239552 -0.246024 0.000000 0.112341 2966
person -1 -1 nan nan nan nan nan 0.644354 0.725894 1.005725 15.926365 -10.129993 -0.597248 0.000000 0.594847 2972
person -1 -1 nan nan nan nan nan 1.696149 1.113600 0.468851 -5.678018 -16.636260 -0.612708 0.000000 0.544967 2973
person -1 -1 nan nan nan nan nan 0.532452 0.255741 0.468822 -45.851011 13.888220 -1.201779 0.000000 0.855541 2980
person -1 -1 nan nan nan nan nan 1.630859 0.463025 0.637266 17.062692 -9.106722 -0.869988 0.000000 0.775797 2982
person -1 -1 nan nan nan nan nan 1.085212 0.588375 0.855680 13.213816 -12.216832 0.287824 0.000000 0.689054 2989
