car -1 -1 nan nan nan nan nan 1.481931 1.716034 3.960294 -2.874475 -3.245086 -1.136302 0.000000 0.943574 6457
car -1 -1 nan nan nan nan nan 1.174232 0.625835 3.612700 -26.140195 -3.002178 -1.425983 0.000000 0.936720 6460
car -1 -1 nan nan nan nan nan 1.434540 3.697577 2.616866 -9.795457 -16.004797 -1.128903 0.000000 0.905655 6462
car -1 -1 nan nan nan nan nan 1.240964 1.930568 4.364931 -14.331574 -3.237567 -1.316150 0.000000 0.962185 6463
car -1 -1 nan nan nan nan nan 1.619178 1.747707 3.457909 23.170870 -3.271500 -0.914740 0.000000 0.945946 6464
car -1 -1 nan nan nan nan nan 1.411863 1.619010 4.277010 4.278630 -3.139901 -1.106199 0.000000 0.971138 6465
car -1 -1 nan nan nan nan nan 1.286608 1.363677 3.263060 -21.129949 -3.466195 -1.304967 0.000000 0.943108 6466
car -1 -1 nan nan nan nan nan 1.194813 1.723612 1.854076 -41.094229 -3.536634 -1.773981 0.000000 0.901026 6467
car -1 -1 nan nan nan nan nan 1.279299 4.268553 1.310671 18.216186 -12.959873 -0.885821 0.000000 0.936868 6469
bicyclist -1 -1 nan nan nan nan nan 1.218010 0.538941 0.806076 33.106075 -1.924267 -0.663984 0.000000 0.909195 6459
