other-vehicle -1 -1 nan nan nan nan nan 0.565116 0.714771 0.540871 3.592809 45.999380 -2.657526 0.000000 0.745357 5364
car -1 -1 nan nan nan nan nan 0.520015 0.280415 0.506779 -40.936522 17.537115 -1.709477 0.000000 0.852926 5367
car -1 -1 nan nan nan nan nan 1.287452 1.812449 3.721111 24.125690 -3.520410 -0.774983 0.000000 0.885728 5373
car -1 -1 nan nan nan nan nan 1.230408 1.565809 2.806087 -43.199610 3.119915 -1.759034 0.000000 0.906134 5375
car -1 -1 nan nan nan nan nan 1.179003 1.526279 3.158903 -28.818810 3.529581 -1.576880 0.000000 0.834440 5380
car -1 -1 nan nan nan nan nan 0.781949 1.209592 1.222824 -43.022171 -9.875643 -2.465257 0.000000 0.638923 5382
car -1 -1 nan nan nan nan nan 1.155871 1.362573 2.963617 29.511096 -3.730370 -0.602113 0.000000 0.826322 5383
car -1 -1 nan nan nan nan nan 1.245070 0.627370 0.545088 -25.672503 5.062911 -1.205527 0.000000 0.892836 5385
other-vehicle -1 -1 nan nan nan nan nan 0.841429 2.386651 1.173508 -47.057961 -11.221457 -0.082361 0.000000 0.696305 5388
bicyclist -1 -1 nan nan nan nan nan 1.530033 0.463112 1.782896 -21.275819 4.303293 -1.348651 0.000000 0.865185 5370
bicycle -1 -1 nan nan nan nan nan 0.624505 0.771965 0.394483 -3.029974 -11.764784 -1.362573 0.000000 0.858840 5377
person -1 -1 nan nan nan nan nan 0.277863 0.416952 0.246841 -44.850792 -10.610273 -1.751862 0.000000 0.304333 5390
