car -1 -1 nan nan nan nan nan 1.500934 3.906075 1.701183 2.178802 -12.934435 -1.303959 0.000000 0.944277 6720
other-vehicle -1 -1 nan nan nan nan nan 0.314032 1.557857 0.486725 43.062431 -9.905051 -0.565519 0.000000 0.876021 6723
car -1 -1 nan nan nan nan nan 0.296210 0.299671 2.741171 4.211923 -49.301188 -2.123004 0.000000 0.756698 6724
car -1 -1 nan nan nan nan nan 1.445102 1.649055 3.880087 -18.910254 -3.323818 -1.415641 0.000000 0.949904 6726
car -1 -1 nan nan nan nan nan 1.221086 1.238497 3.572491 -30.180969 -2.963850 -1.628734 0.000000 0.915383 6730
car -1 -1 nan nan nan nan nan 1.699690 1.742734 3.698625 7.018631 -3.365088 -1.048206 0.000000 0.941746 6731
car -1 -1 nan nan nan nan nan 1.357096 1.716865 4.202220 -11.461980 -3.333635 -1.346710 0.000000 0.919402 6732
car -1 -1 nan nan nan nan nan 0.715051 0.317746 1.436756 -41.206560 -2.775650 -1.788839 0.000000 0.761754 6736
car -1 -1 nan nan nan nan nan 1.129198 1.040970 1.494171 -37.414494 -3.343815 -1.571657 0.000000 0.718961 6740
bicyclist -1 -1 nan nan nan nan nan 1.449995 0.627938 1.336903 24.006092 -2.351756 -0.710863 0.000000 0.903880 6727
bicycle -1 -1 nan nan nan nan nan 0.722138 0.350960 1.079753 15.290008 -12.136355 -0.892337 0.000000 0.740694 6729
bicycle -1 -1 nan nan nan nan nan 0.634019 0.357006 0.310471 13.132220 -12.223372 -0.797116 0.000000 0.700868 6738
