car -1 -1 nan nan nan nan nan 1.228008 1.556482 3.535610 29.875927 -4.480355 -0.646315 0.000000 0.935615 5602
other-vehicle -1 -1 nan nan nan nan nan 0.554853 0.968445 1.525075 -15.809095 43.784538 -1.834727 0.000000 0.894223 5604
car -1 -1 nan nan nan nan nan 1.391540 1.611273 3.917484 8.977233 -3.174060 -1.066213 0.000000 0.973023 5605
car -1 -1 nan nan nan nan nan 1.889993 1.588364 2.196354 -37.153353 -4.101410 -1.540448 0.000000 0.701188 5606
car -1 -1 nan nan nan nan nan 0.737009 0.994483 1.178837 40.740133 -4.637184 -0.490624 0.000000 0.585236 5607
car -1 -1 nan nan nan nan nan 1.360927 1.515338 3.888673 14.118925 -3.493868 -0.940386 0.000000 0.945887 5609
car -1 -1 nan nan nan nan nan 0.848984 1.281478 0.979378 34.826031 -4.844438 -0.491723 0.000000 0.496042 5610
car -1 -1 nan nan nan nan nan 1.129948 1.755478 2.059910 -44.106897 2.176066 -1.712419 0.000000 0.873769 5611
bicyclist -1 -1 nan nan nan nan nan 1.402414 1.002745 1.402699 -46.521788 6.286814 -1.427164 0.000000 0.866750 5603
bicyclist -1 -1 nan nan nan nan nan 1.294981 0.491950 0.936913 -42.564255 4.381900 -1.520243 0.000000 0.848173 5612
person -1 -1 nan nan nan nan nan 1.409018 0.696198 0.551811 37.641109 -9.224942 0.094412 0.000000 0.909052 5608
