car -1 -1 nan nan nan nan nan 1.570567 1.704913 3.971346 -6.241916 -3.475261 -1.228153 0.000000 0.960896 6948
car -1 -1 nan nan nan nan nan 1.336037 1.762160 4.089241 -25.240240 -3.576411 -1.907018 0.000000 0.927494 6955
car -1 -1 nan nan nan nan nan 1.535047 1.525876 1.786631 -11.468890 -11.856304 -1.587759 0.000000 0.869610 6958
car -1 -1 nan nan nan nan nan 1.298285 1.267606 3.258219 -32.733562 -3.356612 -1.918119 0.000000 0.783065 6960
car -1 -1 nan nan nan nan nan 1.411986 1.714305 1.217293 39.943153 -4.209762 -0.374776 0.000000 0.762623 6961
car -1 -1 nan nan nan nan nan 0.964646 0.593299 0.474594 -38.319050 -7.899138 -2.474845 0.000000 0.737391 6962
car -1 -1 nan nan nan nan nan 0.518125 0.483556 1.605904 -41.840649 -3.163367 -2.471846 0.000000 0.669086 6964
bicyclist -1 -1 nan nan nan nan nan 1.563996 0.579062 1.574668 16.045243 -2.487818 -0.601480 0.000000 0.918323 6954
bicycle -1 -1 nan nan nan nan nan 0.936926 1.717958 0.609523 9.744927 -17.088967 -1.473965 0.000000 0.866721 6956
motorcycle -1 -1 nan nan nan nan nan 0.223019 0.410069 0.426983 35.874876 -10.832880 -0.889307 0.000000 0.502315 6959
motorcycle -1 -1 nan nan nan nan nan 0.822176 1.831319 0.489025 43.897940 -9.219158 -0.558758 0.000000 0.884434 6963
motorcycle -1 -1 nan nan nan nan nan 0.610053 0.372087 0.424244 46.187651 -8.488546 -0.471650 0.000000 0.733150 6965
person -1 -1 nan nan nan nan nan 0.957888 0.279114 0.457826 -1.806630 49.128933 -0.333257 0.000000 0.819387 6957
