car -1 -1 nan nan nan nan nan 1.379858 1.839960 4.230697 -10.163663 -3.402380 -1.351583 0.000000 0.936198 6697
car -1 -1 nan nan nan nan nan 0.282188 0.277767 2.357791 6.783253 -49.399687 -2.134540 0.000000 0.797884 6700
car -1 -1 nan nan nan nan nan 0.952753 1.759076 4.322594 -29.286865 -3.258593 -1.655773 0.000000 0.810096 6705
car -1 -1 nan nan nan nan nan 1.679510 1.785703 3.675002 8.341816 -3.361530 -1.035606 0.000000 0.937715 6706
car -1 -1 nan nan nan nan nan 1.097232 0.930439 2.561111 -39.688438 -3.092156 -1.699292 0.000000 0.768266 6707
car -1 -1 nan nan nan nan nan 1.404464 1.707552 3.864791 -17.548787 -3.328752 -1.438241 0.000000 0.953174 6710
car -1 -1 nan nan nan nan nan 0.251885 0.814938 0.753672 29.713004 18.459745 -0.412345 0.000000 0.473095 6711
car -1 -1 nan nan nan nan nan 1.567686 3.974092 1.682418 3.482440 -12.948761 -1.278260 0.000000 0.924971 6712
car -1 -1 nan nan nan nan nan 0.423374 0.845734 0.888916 -35.799885 -3.149354 -1.210102 0.000000 0.520028 6714
car -1 -1 nan nan nan nan nan 1.298887 1.135419 1.294308 -42.163260 -9.545256 -1.364829 0.000000 0.735530 6715
car -1 -1 nan nan nan nan nan 1.499277 1.379902 2.502828 12.266453 46.713205 -0.038909 0.000000 0.790065 6717
bicyclist -1 -1 nan nan nan nan nan 1.498003 0.592936 1.293514 24.517462 -2.332246 -0.739439 0.000000 0.910394 6703
