car -1 -1 nan nan nan nan nan 1.453712 1.729632 4.064483 7.704950 -3.139288 -1.097736 0.000000 0.954584 6383
car -1 -1 nan nan nan nan nan 0.305175 0.358948 0.564665 30.269961 39.532742 -1.257882 0.000000 0.614155 6386
car -1 -1 nan nan nan nan nan 1.380855 1.509757 3.246758 -17.367715 -3.536960 -1.434284 0.000000 0.946640 6388
other-vehicle -1 -1 nan nan nan nan nan 1.528101 1.258934 0.201162 23.665652 -15.723303 0.235634 0.000000 0.776547 6390
car -1 -1 nan nan nan nan nan 1.582798 1.669866 3.437429 26.756368 -3.168770 -0.785766 0.000000 0.948720 6391
car -1 -1 nan nan nan nan nan 1.198857 1.925276 4.481652 -10.690153 -3.237210 -1.366880 0.000000 0.906891 6394
car -1 -1 nan nan nan nan nan 1.271664 1.387970 3.874393 -22.522741 -3.335843 -1.504039 0.000000 0.931936 6397
car -1 -1 nan nan nan nan nan 1.265656 4.235713 1.383455 21.872439 -12.905018 -0.765058 0.000000 0.890910 6398
car -1 -1 nan nan nan nan nan 1.503054 2.551933 1.480602 -3.509841 -16.721174 -1.474599 0.000000 0.896816 6399
car -1 -1 nan nan nan nan nan 1.623874 3.962115 1.903942 -6.516426 -15.816004 -1.332428 0.000000 0.902647 6400
car -1 -1 nan nan nan nan nan 1.811816 1.818583 3.925172 0.513536 -3.212832 -0.953042 0.000000 0.948981 6401
car -1 -1 nan nan nan nan nan 1.058881 1.783056 2.699577 -37.679184 -3.571947 -1.657474 0.000000 0.951474 6404
bicyclist -1 -1 nan nan nan nan nan 1.240970 0.496972 0.775253 35.119991 -1.729399 -0.301572 0.000000 0.866125 6387
person -1 -1 nan nan nan nan nan 1.054572 0.359059 0.338394 -23.162241 -9.224479 -0.885398 0.000000 0.494047 6393
