car -1 -1 nan nan nan nan nan 1.427051 1.755135 4.396573 3.774521 -3.253596 -1.108350 0.000000 0.971766 5935
other-vehicle -1 -1 nan nan nan nan nan 0.831264 0.973924 0.629269 24.797277 -13.949015 -1.128242 0.000000 0.640564 5938
car -1 -1 nan nan nan nan nan 2.650322 3.569139 2.521103 -0.481220 -26.600314 -0.700966 0.000000 0.363973 5939
car -1 -1 nan nan nan nan nan 1.325148 1.375137 3.921391 -16.959444 -3.074509 -1.404160 0.000000 0.944276 5940
car -1 -1 nan nan nan nan nan 1.226192 1.806720 3.770798 15.410919 -3.012104 -1.081988 0.000000 0.946208 5942
truck -1 -1 nan nan nan nan nan 1.897026 0.328947 0.264110 0.573280 -18.215426 -0.769450 0.000000 0.125512 5943
car -1 -1 nan nan nan nan nan 1.239283 1.689855 3.376293 26.872074 -3.180771 -0.952361 0.000000 0.953635 5944
car -1 -1 nan nan nan nan nan 1.359185 1.840289 4.178316 -11.862866 -3.307236 -1.305468 0.000000 0.939130 5946
car -1 -1 nan nan nan nan nan 1.405186 1.547515 3.436232 8.992261 -3.383239 -1.062267 0.000000 0.946090 5947
truck -1 -1 nan nan nan nan nan 2.509397 1.681000 1.030812 -1.101177 -19.592203 -0.356619 0.000000 0.534607 5949
truck -1 -1 nan nan nan nan nan 3.028599 5.560051 2.573747 -0.638410 -24.417740 -0.492999 0.000000 0.832013 5950
car -1 -1 nan nan nan nan nan 1.227015 1.091940 1.850151 33.486320 -2.865839 -0.883269 0.000000 0.828638 5954
bicyclist -1 -1 nan nan nan nan nan 0.967053 0.412984 0.625023 49.583485 -1.571441 -0.353853 0.000000 0.861181 5937
