car -1 -1 nan nan nan nan nan 1.356330 1.783009 3.479844 -6.846175 -3.527946 -1.282369 0.000000 0.945092 6200
car -1 -1 nan nan nan nan nan 1.336430 1.552685 4.010801 18.037765 -3.071021 -0.921452 0.000000 0.921439 6203
car -1 -1 nan nan nan nan nan 1.277619 2.010394 3.925249 -27.903060 -3.575157 -1.761941 0.000000 0.933453 6204
car -1 -1 nan nan nan nan nan 1.247148 2.848504 2.017304 7.183234 -16.885587 -0.975063 0.000000 0.868091 6205
car -1 -1 nan nan nan nan nan 0.848553 2.651921 0.419733 31.918147 -12.596230 -0.262267 0.000000 0.722744 6207
car -1 -1 nan nan nan nan nan 1.498514 1.710359 3.943083 10.681539 -3.204669 -0.960440 0.000000 0.946780 6209
car -1 -1 nan nan nan nan nan 1.342815 1.696299 4.485593 -12.181049 -3.364209 -1.386160 0.000000 0.947176 6211
car -1 -1 nan nan nan nan nan 0.943186 0.462857 3.301004 -32.945407 -2.848442 -2.015990 0.000000 0.808831 6212
car -1 -1 nan nan nan nan nan 1.593852 3.541332 1.838517 3.944813 -15.800259 -1.060421 0.000000 0.820831 6214
car -1 -1 nan nan nan nan nan 1.043946 1.818992 4.230402 -0.425022 -3.061459 -1.099057 0.000000 0.945655 6215
car -1 -1 nan nan nan nan nan 1.097804 1.584926 0.512962 35.793545 -3.130352 -0.396760 0.000000 0.636841 6216
bicycle -1 -1 nan nan nan nan nan 0.351166 0.351919 0.314873 15.794734 -11.674091 -0.477191 0.000000 0.698205 6208
bicyclist -1 -1 nan nan nan nan nan 0.986101 0.547968 0.725380 40.778748 -1.613934 -0.156984 0.000000 0.913138 6213
