car -1 -1 nan nan nan nan nan 1.607109 2.209692 3.756364 2.205836 -3.116493 -1.044593 0.000000 0.892913 6810
truck -1 -1 nan nan nan nan nan 1.188006 1.571628 2.085106 49.009502 -4.280999 -0.237196 0.000000 0.733276 6812
car -1 -1 nan nan nan nan nan 1.411417 1.867077 4.202996 -16.436500 -3.415433 -1.564241 0.000000 0.898612 6817
other-vehicle -1 -1 nan nan nan nan nan 0.520155 1.472626 0.590649 38.036261 -10.019933 -0.368681 0.000000 0.805490 6819
car -1 -1 nan nan nan nan nan 1.360001 1.505683 3.585188 -23.807473 -3.239715 -1.662631 0.000000 0.849462 6822
car -1 -1 nan nan nan nan nan 1.555393 3.914204 1.661724 -2.675063 -12.931352 -1.343371 0.000000 0.919445 6823
car -1 -1 nan nan nan nan nan 1.473981 1.593528 0.293390 18.759667 -15.046049 -1.031825 0.000000 0.629964 6827
car -1 -1 nan nan nan nan nan 0.314318 0.881107 0.305777 -10.724350 -45.891073 -0.610609 0.000000 0.581674 6829
car -1 -1 nan nan nan nan nan 1.250234 1.084521 4.324791 -34.828865 -2.850123 -1.972295 0.000000 0.924808 6832
bicyclist -1 -1 nan nan nan nan nan 1.530947 0.570798 1.444494 21.072078 -2.496617 -0.594470 0.000000 0.907940 6820
bicycle -1 -1 nan nan nan nan nan 0.723085 2.259220 0.436751 -6.593667 -15.886143 -1.889058 0.000000 0.851472 6826
