car -1 -1 nan nan nan nan nan 1.275365 2.107976 4.134046 11.929788 -3.157955 -1.100510 0.000000 0.928219 5995
car -1 -1 nan nan nan nan nan 0.503193 0.960200 0.265354 -38.527102 -11.179047 -1.063417 0.000000 0.583190 5996
car -1 -1 nan nan nan nan nan 1.413392 1.875065 3.832299 -15.289836 -3.349728 -1.429072 0.000000 0.947674 5999
car -1 -1 nan nan nan nan nan 1.081746 1.772814 4.242512 0.358669 -3.270128 -0.961940 0.000000 0.976934 6003
car -1 -1 nan nan nan nan nan 1.354717 1.693012 3.527445 23.344390 -3.188517 -0.938510 0.000000 0.950345 6004
car -1 -1 nan nan nan nan nan 1.475992 1.689806 3.444204 5.419528 -3.415839 -1.116584 0.000000 0.938521 6005
car -1 -1 nan nan nan nan nan 1.253648 1.171246 3.513966 -20.365749 -3.046344 -1.487229 0.000000 0.949435 6006
car -1 -1 nan nan nan nan nan 1.204032 1.483027 0.526264 48.646688 -3.226543 -0.472125 0.000000 0.726908 6009
car -1 -1 nan nan nan nan nan 1.098897 1.304018 3.814640 30.967794 -2.987033 -0.770532 0.000000 0.936994 6011
motorcyclist -1 -1 nan nan nan nan nan 1.142027 0.521005 0.855564 47.561373 -1.574522 -0.213650 0.000000 0.908518 6002
