car -1 -1 nan nan nan nan nan 1.037200 3.301979 2.498558 -10.939296 -15.839376 -1.022935 0.000000 0.926771 6470
car -1 -1 nan nan nan nan nan 1.271348 1.527930 2.890142 -22.146739 -3.510608 -1.436976 0.000000 0.945683 6477
car -1 -1 nan nan nan nan nan 1.551326 1.845715 3.372986 21.893211 -3.310520 -0.863480 0.000000 0.937526 6478
car -1 -1 nan nan nan nan nan 1.171714 1.939794 4.813294 -15.736190 -3.266415 -1.398442 0.000000 0.910220 6480
car -1 -1 nan nan nan nan nan 1.496678 1.694360 3.932667 -3.983102 -3.218269 -1.146612 0.000000 0.886200 6482
car -1 -1 nan nan nan nan nan 1.227617 1.482261 3.768774 -27.260411 -3.338604 -1.474335 0.000000 0.938129 6483
car -1 -1 nan nan nan nan nan 0.993577 1.372817 2.149803 -42.471302 -3.283991 -1.671080 0.000000 0.878460 6484
car -1 -1 nan nan nan nan nan 1.377599 1.718612 4.221566 3.070557 -3.163510 -1.093097 0.000000 0.967732 6485
car -1 -1 nan nan nan nan nan 1.445219 4.245596 1.436457 17.042899 -12.964329 -0.946467 0.000000 0.922245 6488
bicyclist -1 -1 nan nan nan nan nan 1.379019 0.583923 1.152693 32.358033 -2.019740 -0.534978 0.000000 0.900691 6471
