car -1 -1 nan nan nan nan nan 1.104597 1.690706 0.491161 -34.136137 -13.297467 -1.430365 0.000000 0.705367 7265
car -1 -1 nan nan nan nan nan 1.674446 1.774508 4.232184 17.694975 -4.183585 -0.871772 0.000000 0.921577 7272
car -1 -1 nan nan nan nan nan 0.858541 1.308956 0.794910 -15.473406 47.100187 -0.096543 0.000000 0.614807 7273
car -1 -1 nan nan nan nan nan 1.563871 1.649931 3.315479 -29.466101 -3.829828 -1.459028 0.000000 0.929215 7275
car -1 -1 nan nan nan nan nan 0.846719 1.542588 1.517422 -47.436052 -3.924206 -1.925335 0.000000 0.749204 7278
car -1 -1 nan nan nan nan nan 0.665946 0.299395 0.459469 19.227293 -30.946685 -1.083755 0.000000 0.472805 7283
truck -1 -1 nan nan nan nan nan 0.838835 1.161678 1.815560 -14.408977 44.208555 -0.882029 0.000000 0.640217 7284
bicyclist -1 -1 nan nan nan nan nan 1.691464 0.612626 1.789249 3.154948 -2.798056 -0.906722 0.000000 0.928342 7261
person -1 -1 nan nan nan nan nan 0.771861 0.492782 0.492647 30.071677 -10.846334 -0.423207 0.000000 0.921570 7277
person -1 -1 nan nan nan nan nan 1.171201 0.410958 0.263546 48.297178 3.570258 -0.229510 0.000000 0.850299 7279
person -1 -1 nan nan nan nan nan 0.460086 0.241142 0.296576 17.274682 -33.195194 -1.228642 0.000000 0.292471 7285
