car -1 -1 nan nan nan nan nan 1.573506 1.671436 3.800637 -16.068326 -3.557397 -1.342977 0.000000 0.962407 7092
car -1 -1 nan nan nan nan nan 1.661888 1.797894 3.861647 31.239453 -4.262752 -0.672341 0.000000 0.880092 7098
car -1 -1 nan nan nan nan nan 1.155750 1.597429 3.285988 -34.771828 -3.616071 -1.746340 0.000000 0.919133 7099
car -1 -1 nan nan nan nan nan 0.386148 0.257870 0.972692 15.833835 26.738108 -0.990653 0.000000 0.542448 7102
car -1 -1 nan nan nan nan nan 0.513132 0.874944 0.490181 -40.165653 -9.193426 -1.365944 0.000000 0.794671 7103
car -1 -1 nan nan nan nan nan 0.772768 0.258705 1.271538 -40.985332 -2.968494 -2.252195 0.000000 0.606928 7105
bicyclist -1 -1 nan nan nan nan nan 1.569014 0.508028 1.500393 10.400955 -2.641920 -0.811570 0.000000 0.941384 7096
bicycle -1 -1 nan nan nan nan nan 0.434049 0.697826 0.321591 -0.275422 -17.023876 -1.560118 0.000000 0.822130 7097
motorcycle -1 -1 nan nan nan nan nan 1.081563 1.279914 0.513721 34.015558 -9.571508 -0.835445 0.000000 0.742010 7104
bicycle -1 -1 nan nan nan nan nan 0.492195 0.729928 0.346321 0.293794 -14.573565 -1.680888 0.000000 0.798168 7106
