car -1 -1 nan nan nan nan nan 1.689393 1.816191 4.299992 10.541453 -4.180480 -0.861379 0.000000 0.957752 7359
car -1 -1 nan nan nan nan nan 1.054503 1.586122 0.434292 -41.336477 -12.894000 -1.746967 0.000000 0.716114 7362
other-vehicle -1 -1 nan nan nan nan nan 0.444095 0.540253 1.038351 13.007429 32.058998 -0.919750 0.000000 0.794210 7363
car -1 -1 nan nan nan nan nan 0.625537 1.189190 0.488636 30.933924 -16.781694 -0.834888 0.000000 0.727114 7364
car -1 -1 nan nan nan nan nan 1.500479 1.613952 3.425800 -36.760015 -4.027466 -1.758619 0.000000 0.917817 7367
car -1 -1 nan nan nan nan nan 0.879549 1.007134 0.624126 -34.213354 -8.487849 -1.847915 0.000000 0.582501 7371
bicyclist -1 -1 nan nan nan nan nan 1.446025 0.603098 1.612211 -0.874682 -2.857287 -0.823581 0.000000 0.871239 7366
motorcycle -1 -1 nan nan nan nan nan 1.019301 0.850928 1.046417 -31.482533 -12.680036 -1.824197 0.000000 0.722671 7368
person -1 -1 nan nan nan nan nan 0.845053 0.480090 0.254608 48.980171 3.893562 -0.062025 0.000000 0.878062 7361
person -1 -1 nan nan nan nan nan 1.491997 0.462085 0.293652 40.950754 3.614510 -0.122497 0.000000 0.926868 7369
person -1 -1 nan nan nan nan nan 0.666944 0.362173 0.472963 19.407544 31.165582 -0.634770 0.000000 0.866880 7370
