car -1 -1 nan nan nan nan nan 1.895554 1.824444 4.096598 1.978210 -3.588623 -0.905690 0.000000 0.958292 9166
car -1 -1 nan nan nan nan nan 0.896209 1.462352 0.461838 49.249683 -4.127000 -0.633907 0.000000 0.725150 9168
car -1 -1 nan nan nan nan nan 0.810027 0.279587 0.567526 7.343025 43.534794 -1.335742 0.000000 0.651484 9169
car -1 -1 nan nan nan nan nan 0.487006 0.517370 1.707325 -19.559710 30.842446 -1.831893 0.000000 0.612244 9170
car -1 -1 nan nan nan nan nan 1.464292 1.456523 1.344746 -45.020613 -10.423997 -1.668918 0.000000 0.678653 9173
other-vehicle -1 -1 nan nan nan nan nan 2.485820 2.198322 6.357087 14.713409 -3.812715 -0.490719 0.000000 0.849354 9176
other-vehicle -1 -1 nan nan nan nan nan 0.800722 1.540262 0.676597 0.485542 -11.237768 -0.911780 0.000000 0.692249 9177
car -1 -1 nan nan nan nan nan 0.517042 1.399578 1.140106 -39.070881 -10.242806 -1.051512 0.000000 0.787926 9179
car -1 -1 nan nan nan nan nan 1.446713 1.814231 3.388542 6.962336 -3.335538 -1.106360 0.000000 0.948817 9180
car -1 -1 nan nan nan nan nan 0.858638 0.822541 0.732735 -32.889858 -8.134902 -1.691127 0.000000 0.737938 9181
car -1 -1 nan nan nan nan nan 0.831744 1.729966 1.241814 -34.625175 -3.996879 -1.941483 0.000000 0.807044 9186
car -1 -1 nan nan nan nan nan 0.213338 0.578229 0.992290 -41.042551 -3.243541 -1.465667 0.000000 0.698782 9189
car -1 -1 nan nan nan nan nan 0.261101 0.433933 0.588898 -39.447762 -3.140951 -1.871312 0.000000 0.763583 9192
bicyclist -1 -1 nan nan nan nan nan 1.093787 0.788153 0.766108 -28.602643 -7.740017 -1.626030 0.000000 0.920877 9171
person -1 -1 nan nan nan nan nan 0.545946 0.337077 0.419918 18.702579 -12.886768 0.007462 0.000000 0.864755 9183
