car -1 -1 nan nan nan nan nan 1.452901 1.612938 3.446693 19.060459 -3.623329 -0.995933 0.000000 0.934205 8937
car -1 -1 nan nan nan nan nan 1.313730 1.424410 3.716553 -23.517736 -3.327391 -1.428701 0.000000 0.933877 8942
other-vehicle -1 -1 nan nan nan nan nan 2.464425 2.294951 4.874559 31.487990 -3.778310 -0.147614 0.000000 0.695794 8944
car -1 -1 nan nan nan nan nan 0.708730 1.863173 1.826378 -28.813091 -3.961082 -0.944063 0.000000 0.905726 8948
car -1 -1 nan nan nan nan nan 1.271250 1.299952 2.901630 24.215252 -3.067814 -0.933364 0.000000 0.920337 8949
car -1 -1 nan nan nan nan nan 1.412044 1.793103 3.561335 -18.285266 -3.755959 -1.386563 0.000000 0.950922 8951
car -1 -1 nan nan nan nan nan 1.342197 1.136129 0.996998 -42.549715 -4.002785 -1.654599 0.000000 0.770508 8954
bicycle -1 -1 nan nan nan nan nan 0.303010 0.572926 0.323957 16.614837 -16.326834 -1.261315 0.000000 0.753753 8945
bicycle -1 -1 nan nan nan nan nan 0.419975 0.324930 0.249289 19.896743 -12.226907 -1.035015 0.000000 0.764183 8950
bicycle -1 -1 nan nan nan nan nan 0.444126 1.406984 0.455379 16.561211 -14.570908 -1.113551 0.000000 0.596524 8952
bicycle -1 -1 nan nan nan nan nan 0.809936 0.570845 0.567646 18.554512 -11.519991 -1.021158 0.000000 0.661061 8953
