car -1 -1 nan nan nan nan nan 1.409703 1.672676 4.169754 19.796106 -7.400464 -0.932204 0.000000 0.931259 10446
other-vehicle -1 -1 nan nan nan nan nan 0.367919 0.982409 0.316846 -8.694710 19.605517 0.114407 0.000000 0.266385 10451
car -1 -1 nan nan nan nan nan 1.457927 3.976283 2.611423 -8.894011 -7.179642 -1.195510 0.000000 0.946768 10453
car -1 -1 nan nan nan nan nan 0.283854 0.331749 0.210619 19.637046 42.533604 -1.149371 0.000000 0.579733 10456
truck -1 -1 nan nan nan nan nan 2.224975 2.493093 5.167381 30.276062 -9.744943 -0.202955 0.000000 0.920233 10457
car -1 -1 nan nan nan nan nan 1.055442 1.126621 1.437422 19.146365 38.907652 -0.926765 0.000000 0.622011 10462
car -1 -1 nan nan nan nan nan 0.596339 1.197075 1.501261 18.131839 40.646084 -1.228291 0.000000 0.828860 10464
car -1 -1 nan nan nan nan nan 1.056979 1.024960 1.067573 15.616660 39.859011 -0.907944 0.000000 0.633075 10465
car -1 -1 nan nan nan nan nan 1.466002 1.809843 0.916779 21.607958 -26.738158 -1.619971 0.000000 0.653369 10466
bicycle -1 -1 nan nan nan nan nan 0.456023 0.201874 0.292599 30.527412 18.342564 -1.163464 0.000000 0.617084 10452
bicycle -1 -1 nan nan nan nan nan 0.377853 0.352488 0.246005 14.873840 28.117761 -1.210739 0.000000 0.790929 10455
bicycle -1 -1 nan nan nan nan nan 1.061682 1.723054 0.948009 -5.275033 -4.841284 -1.161278 0.000000 0.852447 10460
