car -1 -1 nan nan nan nan nan 1.447169 1.723203 4.107570 10.094618 -3.971409 -1.180884 0.000000 0.954717 10676
car -1 -1 nan nan nan nan nan 0.469476 0.431266 1.044987 -45.134417 2.744975 -0.952305 0.000000 0.603877 10677
car -1 -1 nan nan nan nan nan 0.884963 0.520528 0.948719 49.186251 2.335379 -0.628882 0.000000 0.764109 10679
car -1 -1 nan nan nan nan nan 0.614085 1.283787 1.410182 10.655008 -34.460611 -4.537300 0.000000 0.856435 10680
car -1 -1 nan nan nan nan nan 0.863594 0.881367 1.322546 -4.751951 35.410311 0.144975 0.000000 0.765833 10686
car -1 -1 nan nan nan nan nan 2.414005 2.016908 5.550131 21.074046 -3.905266 -0.528196 0.000000 0.793160 10687
car -1 -1 nan nan nan nan nan 0.693109 0.779003 1.518472 -4.043732 41.015825 0.495829 0.000000 0.722427 10688
car -1 -1 nan nan nan nan nan 1.152274 0.905338 1.329614 -10.336628 35.744886 0.016456 0.000000 0.865213 10689
car -1 -1 nan nan nan nan nan 1.162812 4.004562 1.681293 -17.759584 -9.856959 -1.701259 0.000000 0.921684 10691
car -1 -1 nan nan nan nan nan 0.877431 0.773796 1.220848 -6.608503 35.642384 0.142260 0.000000 0.667201 10692
car -1 -1 nan nan nan nan nan 0.767038 0.252266 3.101530 33.200391 -4.177195 -1.408806 0.000000 0.698171 10695
bicycle -1 -1 nan nan nan nan nan 0.634060 1.093089 0.418247 -15.010430 -6.680875 -1.343227 0.000000 0.826585 10682
person -1 -1 nan nan nan nan nan 0.546107 0.840115 0.381741 13.282494 -32.675127 -4.214352 0.000000 0.768507 10693
