car -1 -1 nan nan nan nan nan 1.516318 2.069198 4.008343 -1.254477 -3.479003 -1.191874 0.000000 0.965528 10020
car -1 -1 nan nan nan nan nan 0.798900 0.444345 1.263622 -40.394205 -20.828914 -2.525121 0.000000 0.444888 10023
car -1 -1 nan nan nan nan nan 0.889176 0.423630 1.348593 5.388573 44.907677 0.760460 0.000000 0.792308 10025
other-vehicle -1 -1 nan nan nan nan nan 0.576215 3.165771 2.801546 17.801497 14.972973 0.721464 0.000000 0.818198 10026
other-vehicle -1 -1 nan nan nan nan nan 0.229040 0.327487 0.380013 37.866405 -4.639075 -0.909639 0.000000 0.659851 10027
car -1 -1 nan nan nan nan nan 1.245546 3.710867 1.661696 16.741368 -25.462623 -1.587230 0.000000 0.925308 10029
car -1 -1 nan nan nan nan nan 2.366868 3.701618 5.118549 -32.787455 -18.587847 -1.522350 0.000000 0.912627 10031
car -1 -1 nan nan nan nan nan 0.269918 1.085785 0.516869 42.379379 11.314293 -0.273507 0.000000 0.858537 10032
other-vehicle -1 -1 nan nan nan nan nan 2.178406 3.165001 2.077660 21.693687 -34.103271 -1.214677 0.000000 0.722784 10035
other-vehicle -1 -1 nan nan nan nan nan 0.313988 0.449336 0.297768 43.730076 8.340540 -0.573309 0.000000 0.860408 10037
other-vehicle -1 -1 nan nan nan nan nan 0.249113 1.664951 1.384136 -34.870741 -19.185785 -0.244517 0.000000 0.705750 10040
motorcycle -1 -1 nan nan nan nan nan 1.051538 0.882470 1.663506 2.900694 -4.805121 -1.233797 0.000000 0.739070 10033
