car -1 -1 nan nan nan nan nan 2.212972 2.924393 2.799276 -22.905139 -35.050488 -0.830478 0.000000 0.876904 10309
other-vehicle -1 -1 nan nan nan nan nan 2.013086 2.133108 1.649755 29.542796 -16.289395 0.144032 0.000000 0.925104 10311
car -1 -1 nan nan nan nan nan 0.280866 0.443684 0.225429 11.701633 20.799986 -1.013213 0.000000 0.527884 10314
car -1 -1 nan nan nan nan nan 0.276315 0.683008 0.492771 -37.396730 -18.298701 -1.864260 0.000000 0.626022 10315
car -1 -1 nan nan nan nan nan 1.154550 0.937952 1.104200 20.377078 32.063186 -1.394733 0.000000 0.647404 10317
car -1 -1 nan nan nan nan nan 0.406814 0.660638 1.315674 -28.338461 -13.864423 -1.277681 0.000000 0.704651 10318
car -1 -1 nan nan nan nan nan 1.302940 1.635536 1.640142 20.433579 -11.900380 -0.778445 0.000000 0.775564 10319
car -1 -1 nan nan nan nan nan 1.480482 3.818058 3.042234 -6.065713 -5.523370 -1.105608 0.000000 0.951097 10321
car -1 -1 nan nan nan nan nan 1.421730 1.631101 1.894835 -7.166540 -13.336552 -0.864774 0.000000 0.792836 10326
car -1 -1 nan nan nan nan nan 1.051586 1.219742 2.161488 31.901072 33.102432 -1.318168 0.000000 0.701502 10329
car -1 -1 nan nan nan nan nan 0.922535 0.793024 0.784649 23.051458 30.730237 -1.285577 0.000000 0.530848 10330
other-vehicle -1 -1 nan nan nan nan nan 0.270785 1.041031 0.475283 27.060275 27.610912 -1.655312 0.000000 0.810379 10331
car -1 -1 nan nan nan nan nan 0.386031 1.098091 0.548712 10.267293 18.929964 -0.958188 0.000000 0.771193 10332
bicycle -1 -1 nan nan nan nan nan 1.090359 1.616956 1.270735 -2.227417 -4.097353 -1.095595 0.000000 0.434997 10325
person -1 -1 nan nan nan nan nan 0.504996 0.376475 0.339298 37.993670 10.473931 -1.311513 0.000000 0.592117 10313
person -1 -1 nan nan nan nan nan 0.431162 0.472328 0.451883 26.179442 25.396799 -1.435940 0.000000 0.769118 10320
person -1 -1 nan nan nan nan nan 0.242015 0.624851 0.353661 33.664509 12.192028 -1.068352 0.000000 0.799152 10327
