truck -1 -1 nan nan nan nan nan 2.348488 2.385757 3.821817 29.159810 -8.813780 -0.302791 0.000000 0.632318 10469
car -1 -1 nan nan nan nan nan 0.983243 0.933319 0.496175 14.758767 -30.690454 -1.777144 0.000000 0.562387 10470
car -1 -1 nan nan nan nan nan 1.405020 1.729404 4.197672 19.294463 -6.879664 -1.015046 0.000000 0.937415 10474
car -1 -1 nan nan nan nan nan 1.329674 3.985281 2.451635 -9.398096 -7.447790 -1.153496 0.000000 0.934107 10478
car -1 -1 nan nan nan nan nan 1.049022 1.020935 1.075099 13.570530 40.335007 -0.897981 0.000000 0.695515 10479
car -1 -1 nan nan nan nan nan 0.772454 1.089054 1.314260 17.035087 39.515928 -0.776867 0.000000 0.691739 10480
car -1 -1 nan nan nan nan nan 0.601218 1.311386 1.601629 16.027801 41.210022 -1.216550 0.000000 0.828241 10481
bicycle -1 -1 nan nan nan nan nan 1.119738 1.649853 0.982033 -5.962006 -5.098626 -1.198167 0.000000 0.885251 10467
person -1 -1 nan nan nan nan nan 0.368832 0.396717 0.301277 13.214533 28.592373 -1.194645 0.000000 0.707409 10472
person -1 -1 nan nan nan nan nan 1.473031 0.301422 0.283364 15.748686 37.003685 -0.837661 0.000000 0.919581 10476
