car -1 -1 nan nan nan nan nan 1.627660 2.439925 3.809232 -8.063044 -5.178852 -0.989684 0.000000 0.958680 11523
car -1 -1 nan nan nan nan nan 0.509705 0.248199 0.663641 24.510037 -30.060131 -0.372052 0.000000 0.497124 11525
other-vehicle -1 -1 nan nan nan nan nan 1.437524 0.832798 0.624828 -46.895910 7.583533 -2.362923 0.000000 0.747890 11526
car -1 -1 nan nan nan nan nan 1.347601 2.540738 2.773563 19.651499 7.852140 -0.634278 0.000000 0.928265 11528
car -1 -1 nan nan nan nan nan 2.424323 2.766198 4.773670 -19.373547 -9.449633 -0.692877 0.000000 0.783315 11531
car -1 -1 nan nan nan nan nan 1.459081 4.019464 2.280863 13.519105 -5.128150 -0.716943 0.000000 0.961731 11532
car -1 -1 nan nan nan nan nan 1.139001 1.328768 4.153779 1.599196 26.689517 -1.740622 0.000000 0.911580 11534
car -1 -1 nan nan nan nan nan 0.480053 0.263455 1.236607 19.168661 -8.614711 -0.482836 0.000000 0.802793 11535
car -1 -1 nan nan nan nan nan 0.796848 1.545959 1.559757 13.893650 -18.658722 -0.130508 0.000000 0.697339 11538
car -1 -1 nan nan nan nan nan 0.457343 0.956778 1.129288 25.584583 -27.334054 -0.557439 0.000000 0.839997 11539
car -1 -1 nan nan nan nan nan 1.183559 3.110756 1.591518 41.517431 25.740854 -0.247107 0.000000 0.922226 11540
bicycle -1 -1 nan nan nan nan nan 0.659104 0.655094 1.301621 7.776250 33.119749 -1.882087 0.000000 0.796757 11527
bicycle -1 -1 nan nan nan nan nan 1.002862 0.455683 0.582402 -2.842067 27.535872 -1.576234 0.000000 0.577327 11537
person -1 -1 nan nan nan nan nan 0.462752 0.332590 0.471663 -9.452548 23.950517 -1.985637 0.000000 0.805445 11530
