car -1 -1 nan nan nan nan nan 1.296749 1.914456 4.011660 0.852292 -3.506616 -1.080364 0.000000 0.928274 9909
car -1 -1 nan nan nan nan nan 0.254777 1.315123 0.775620 48.277660 -4.049974 -0.932512 0.000000 0.802030 9911
car -1 -1 nan nan nan nan nan 0.537960 0.622471 0.618739 14.360904 -27.514769 -2.037536 0.000000 0.670816 9915
car -1 -1 nan nan nan nan nan 0.238189 1.447066 1.258825 -27.116815 -15.950732 -1.274278 0.000000 0.860809 9916
other-vehicle -1 -1 nan nan nan nan nan 2.584056 3.067983 6.895187 -33.908661 -11.324646 -1.330675 0.000000 0.706374 9918
car -1 -1 nan nan nan nan nan 0.595044 1.355353 0.819622 47.745306 -1.717333 -0.757440 0.000000 0.751893 9921
car -1 -1 nan nan nan nan nan 0.303470 0.787216 0.243370 29.867348 -40.296711 -0.398103 0.000000 0.790764 9923
car -1 -1 nan nan nan nan nan 0.969362 0.629703 1.742718 -41.158113 -12.052485 -2.175150 0.000000 0.608437 9924
bicycle -1 -1 nan nan nan nan nan 1.083925 0.617204 1.695495 4.754096 -5.623617 -1.285658 0.000000 0.815344 9919
person -1 -1 nan nan nan nan nan 1.079762 0.446104 0.204098 -25.510996 6.965982 -0.964410 0.000000 0.857798 9914
