car -1 -1 nan nan nan nan nan 1.421912 1.826627 3.837086 2.392361 -3.477214 -1.110725 0.000000 0.909356 11258
other-vehicle -1 -1 nan nan nan nan nan 1.204044 1.388533 0.851261 33.210947 24.003026 0.237862 0.000000 0.835924 11260
other-vehicle -1 -1 nan nan nan nan nan 0.236062 0.234104 0.525139 33.194473 -18.888159 -1.374650 0.000000 0.662915 11261
car -1 -1 nan nan nan nan nan 1.316206 1.154533 3.706205 -20.176780 -4.180019 -1.629772 0.000000 0.950209 11263
car -1 -1 nan nan nan nan nan 1.384964 1.665866 2.895184 33.907724 -1.864490 -0.379246 0.000000 0.924915 11264
car -1 -1 nan nan nan nan nan 0.628063 0.243633 0.737674 -5.766733 -14.162017 -1.720846 0.000000 0.432776 11265
car -1 -1 nan nan nan nan nan 1.456492 3.895383 1.588247 23.386670 -11.679067 -1.177325 0.000000 0.946630 11267
car -1 -1 nan nan nan nan nan 2.578081 2.083847 5.894354 -9.298170 -3.597727 -0.794341 0.000000 0.960771 11268
car -1 -1 nan nan nan nan nan 1.032956 2.878883 3.316074 23.800152 22.653063 0.023827 0.000000 0.908006 11270
car -1 -1 nan nan nan nan nan 0.936034 0.712185 0.755087 25.833026 -16.294117 -1.430384 0.000000 0.811920 11271
other-vehicle -1 -1 nan nan nan nan nan 0.922930 1.377535 0.477259 32.056026 -18.844480 -1.439046 0.000000 0.837093 11272
