car -1 -1 nan nan nan nan nan 1.125918 1.460227 3.188005 -0.266255 2.730354 -0.714588 0.000000 0.958202 13785
truck -1 -1 nan nan nan nan nan 1.181856 1.107761 0.254341 48.358398 1.802619 0.721670 0.000000 0.575727 13786
car -1 -1 nan nan nan nan nan 1.593709 1.211618 2.388596 -45.454674 -1.506938 -2.115864 0.000000 0.761404 13787
car -1 -1 nan nan nan nan nan 0.614010 0.562864 0.508923 -18.248703 -29.295606 -1.214762 0.000000 0.662558 13788
car -1 -1 nan nan nan nan nan 1.438655 1.582637 4.362337 -24.777059 2.630816 -1.729524 0.000000 0.912548 13789
car -1 -1 nan nan nan nan nan 1.399174 1.687651 3.508547 29.256011 -2.508474 -0.536023 0.000000 0.854473 13790
other-vehicle -1 -1 nan nan nan nan nan 0.414826 0.256109 0.981168 -9.538032 18.997569 -0.025890 0.000000 0.750332 13791
car -1 -1 nan nan nan nan nan 1.245604 3.145698 1.750851 -4.203286 -11.713038 -1.099144 0.000000 0.817825 13792
other-vehicle -1 -1 nan nan nan nan nan 1.283055 1.025756 3.104424 15.549911 -1.967565 -0.879092 0.000000 0.863410 13793
car -1 -1 nan nan nan nan nan 1.445935 1.861643 4.314300 -12.636016 -2.311255 -1.330545 0.000000 0.928887 13794
car -1 -1 nan nan nan nan nan 0.507043 0.629869 0.334705 40.353781 -4.691014 -0.108547 0.000000 0.768969 13795
car -1 -1 nan nan nan nan nan 0.491035 1.405712 0.575645 40.522652 4.999966 -0.610351 0.000000 0.827879 13797
car -1 -1 nan nan nan nan nan 1.476828 1.742601 4.204257 6.348086 2.330932 -0.947013 0.000000 0.944610 13799
car -1 -1 nan nan nan nan nan 1.280602 1.441241 3.471997 -17.277780 2.636546 -1.492252 0.000000 0.940632 13800
other-vehicle -1 -1 nan nan nan nan nan 0.587759 1.982643 1.729817 -4.286398 -5.306842 -1.320218 0.000000 0.499607 13801
car -1 -1 nan nan nan nan nan 0.710688 2.567906 2.222717 -38.888088 -2.545995 -2.379399 0.000000 0.713450 13802
car -1 -1 nan nan nan nan nan 1.990223 1.916600 4.614844 9.482916 -2.489934 -0.611393 0.000000 0.917102 13803
car -1 -1 nan nan nan nan nan 1.478732 2.121787 4.480977 -9.956217 2.689388 -1.311816 0.000000 0.952828 13804
car -1 -1 nan nan nan nan nan 1.510861 1.709608 3.937178 12.871833 2.367458 -0.802918 0.000000 0.931343 13805
car -1 -1 nan nan nan nan nan 1.545053 1.758628 2.012623 42.899668 2.270024 0.078054 0.000000 0.807812 13808
other-vehicle -1 -1 nan nan nan nan nan 1.028431 0.638902 0.510593 -44.357553 -4.413934 -2.070969 0.000000 0.659500 13809
car -1 -1 nan nan nan nan nan 1.009971 0.722042 0.647650 -16.083102 -30.433041 -1.407873 0.000000 0.679217 13812
car -1 -1 nan nan nan nan nan 0.309995 0.337926 0.235344 48.627831 4.092150 -0.024651 0.000000 0.719345 13813
car -1 -1 nan nan nan nan nan 0.562821 1.860614 0.721310 43.018362 4.796508 -0.417232 0.000000 0.712926 13814
car -1 -1 nan nan nan nan nan 0.276062 1.535677 1.004322 43.178102 -2.858404 -0.268576 0.000000 0.719262 13816
car -1 -1 nan nan nan nan nan 0.870289 0.346908 1.290485 -30.298460 2.190130 -2.100416 0.000000 0.803348 13817
bicycle -1 -1 nan nan nan nan nan 0.729374 1.707501 0.920719 -38.448366 -7.133536 -0.720068 0.000000 0.830773 13796
