car -1 -1 nan nan nan nan nan 1.162508 1.794636 4.276751 -2.610186 2.506461 -0.951873 0.000000 0.948593 13540
car -1 -1 nan nan nan nan nan 0.331562 0.808687 0.213482 -50.043142 5.569126 -1.538209 0.000000 0.499685 13542
car -1 -1 nan nan nan nan nan 0.322997 0.472868 0.464396 -2.890450 -27.469062 -1.196977 0.000000 0.703326 13543
other-vehicle -1 -1 nan nan nan nan nan 1.207005 0.622748 1.976614 24.003219 -1.197002 -0.922306 0.000000 0.878161 13545
car -1 -1 nan nan nan nan nan 1.097024 2.084928 1.191190 3.601140 -11.038984 -0.865398 0.000000 0.855408 13547
car -1 -1 nan nan nan nan nan 1.467111 1.662611 4.729208 -17.050101 2.173458 -1.319609 0.000000 0.946132 13548
car -1 -1 nan nan nan nan nan 0.745173 0.778517 1.155599 4.304654 16.923560 -0.119303 0.000000 0.741493 13549
car -1 -1 nan nan nan nan nan 1.439849 1.577343 4.501446 14.274065 2.659868 -0.952600 0.000000 0.938024 13552
car -1 -1 nan nan nan nan nan 1.115123 1.408438 1.025398 35.950581 -1.519888 -0.635297 0.000000 0.752287 13553
car -1 -1 nan nan nan nan nan 1.131212 1.438401 1.222759 -37.706156 -2.671215 -1.381851 0.000000 0.755333 13554
car -1 -1 nan nan nan nan nan 1.437128 1.572447 3.537190 -9.510421 2.404376 -1.219242 0.000000 0.939108 13555
car -1 -1 nan nan nan nan nan 1.614754 1.723125 3.410486 7.197098 2.569763 -0.886265 0.000000 0.971884 13556
car -1 -1 nan nan nan nan nan 1.286640 1.365221 3.995960 -23.829353 2.006919 -1.464986 0.000000 0.944069 13557
car -1 -1 nan nan nan nan nan 1.988167 1.898163 4.488091 17.310821 -2.088602 -0.623690 0.000000 0.931634 13558
car -1 -1 nan nan nan nan nan 1.515123 1.900626 4.364931 -4.643704 -2.466093 -1.109000 0.000000 0.949164 13559
other-vehicle -1 -1 nan nan nan nan nan 0.697207 1.947593 1.785880 3.570208 -5.313925 -1.227729 0.000000 0.814403 13560
car -1 -1 nan nan nan nan nan 1.299731 1.751916 3.905733 -31.911220 -2.792396 -1.531507 0.000000 0.932574 13561
car -1 -1 nan nan nan nan nan 1.207273 1.733317 0.363285 49.841021 3.580584 -0.240185 0.000000 0.866950 13562
car -1 -1 nan nan nan nan nan 1.536676 1.501389 3.828085 20.629493 2.811840 -0.844129 0.000000 0.936738 13563
bicycle -1 -1 nan nan nan nan nan 1.194045 1.214836 1.193442 -2.866662 29.115583 -1.008234 0.000000 0.858211 13544
bicyclist -1 -1 nan nan nan nan nan 1.061586 0.794247 1.084592 -3.199575 -25.319817 -0.536756 0.000000 0.880599 13565
motorcycle -1 -1 nan nan nan nan nan 0.390984 0.227903 0.453770 22.051998 -1.204496 -0.981296 0.000000 0.549192 13567
