car -1 -1 nan nan nan nan nan 1.549589 1.885169 4.003557 -8.453732 2.556594 -1.131542 0.000000 0.954361 12369
other-vehicle -1 -1 nan nan nan nan nan 0.305107 0.506527 0.714928 -45.852470 13.249809 -2.332454 0.000000 0.804979 12371
car -1 -1 nan nan nan nan nan 1.380980 1.692669 3.371403 19.812813 1.398211 -0.756549 0.000000 0.927489 12372
other-vehicle -1 -1 nan nan nan nan nan 1.080012 1.841818 2.367423 -4.501219 22.593848 -0.648857 0.000000 0.475269 12373
car -1 -1 nan nan nan nan nan 1.687471 1.819126 3.957221 4.797837 -2.927117 -0.946463 0.000000 0.926466 12374
car -1 -1 nan nan nan nan nan 1.175994 1.131815 0.649170 39.855034 0.848362 -0.255010 0.000000 0.653919 12377
car -1 -1 nan nan nan nan nan 0.903992 0.994601 0.210213 50.125851 0.513327 0.261996 0.000000 0.739840 12379
car -1 -1 nan nan nan nan nan 0.413000 0.623997 0.253780 33.032457 0.852865 -0.051515 0.000000 0.720064 12382
car -1 -1 nan nan nan nan nan 1.515216 1.592142 4.308014 10.963491 -3.127596 -0.973035 0.000000 0.945039 12383
car -1 -1 nan nan nan nan nan 1.418983 1.703708 2.785097 26.409219 1.133303 -0.543526 0.000000 0.870921 12384
car -1 -1 nan nan nan nan nan 0.930971 1.543451 1.078812 37.348156 -3.963840 -0.551339 0.000000 0.561535 12385
car -1 -1 nan nan nan nan nan 0.584042 0.436878 0.329302 -4.684551 19.218321 -1.079545 0.000000 0.189473 12388
bicycle -1 -1 nan nan nan nan nan 1.110019 1.737255 0.581742 -5.193487 11.145872 -1.156706 0.000000 0.858167 12378
bicycle -1 -1 nan nan nan nan nan 0.976803 0.736726 0.852932 -38.143148 13.156144 -1.329204 0.000000 0.745965 12380
bicycle -1 -1 nan nan nan nan nan 1.067654 2.180653 0.866486 -3.201248 5.701066 -1.018633 0.000000 0.398556 12386
