car -1 -1 nan nan nan nan nan 1.573094 1.841063 0.870449 43.083929 -0.274859 -0.143536 0.000000 0.844547 12791
other-vehicle -1 -1 nan nan nan nan nan 0.897912 0.843454 0.840460 -22.596375 -10.098073 -0.775628 0.000000 0.765596 12794
car -1 -1 nan nan nan nan nan 1.353951 1.901056 3.976715 22.129152 -1.437289 -0.759087 0.000000 0.903278 12795
other-vehicle -1 -1 nan nan nan nan nan 0.403998 0.327861 0.506369 -22.758073 6.082378 -1.307238 0.000000 0.680752 12796
car -1 -1 nan nan nan nan nan 1.485997 1.686288 4.190173 9.954224 2.825280 -0.911864 0.000000 0.952009 12798
car -1 -1 nan nan nan nan nan 0.806984 0.277916 0.816563 42.069117 11.442322 -0.539595 0.000000 0.784738 12799
car -1 -1 nan nan nan nan nan 1.748283 1.786966 4.151813 -11.173193 -2.890573 -1.010243 0.000000 0.920863 12800
car -1 -1 nan nan nan nan nan 0.590040 1.314350 1.394663 31.043056 -4.287357 -0.898426 0.000000 0.848806 12801
other-vehicle -1 -1 nan nan nan nan nan 0.498019 0.477826 0.468756 18.048915 8.196333 -0.557244 0.000000 0.798062 12802
car -1 -1 nan nan nan nan nan 1.444005 1.230423 2.845806 34.335688 3.890564 -0.567861 0.000000 0.765320 12803
car -1 -1 nan nan nan nan nan 1.833846 1.756915 4.886458 -5.384460 -2.646425 -0.948943 0.000000 0.955020 12805
car -1 -1 nan nan nan nan nan 0.736002 0.211913 0.558971 39.934896 3.800077 -0.720855 0.000000 0.493550 12806
car -1 -1 nan nan nan nan nan 1.296000 1.323406 3.845503 24.359910 3.410339 -0.767873 0.000000 0.919977 12807
car -1 -1 nan nan nan nan nan 1.367204 1.969900 3.872328 -25.432101 1.707627 -1.276845 0.000000 0.923138 12808
car -1 -1 nan nan nan nan nan 1.387996 1.548305 3.068484 17.161635 3.251958 -0.843876 0.000000 0.959788 12809
car -1 -1 nan nan nan nan nan 0.912008 0.747647 0.223698 46.594278 4.433754 -0.321843 0.000000 0.718590 12810
car -1 -1 nan nan nan nan nan 1.424974 1.572853 4.052906 3.313794 2.458903 -1.013338 0.000000 0.953171 12811
other-vehicle -1 -1 nan nan nan nan nan 0.856033 0.786106 1.205677 -22.560114 -8.524130 -0.733544 0.000000 0.811326 12816
bicycle -1 -1 nan nan nan nan nan 0.484008 1.324318 0.714237 -20.619776 5.517432 -1.466355 0.000000 0.880545 12813
