car -1 -1 nan nan nan nan nan 1.709240 1.708493 4.104198 12.264515 -4.394455 -1.033832 0.000000 0.936825 12066
other-vehicle -1 -1 nan nan nan nan nan 0.262942 1.604792 1.007610 -42.014513 -21.629882 -2.043327 0.000000 0.643476 12067
car -1 -1 nan nan nan nan nan 0.505309 0.287354 1.067314 -7.302887 45.073040 0.137497 0.000000 0.701623 12068
car -1 -1 nan nan nan nan nan 1.168842 0.916576 0.751083 47.422462 -7.046033 -0.756547 0.000000 0.726737 12070
car -1 -1 nan nan nan nan nan 2.077664 2.042988 1.946115 -14.843412 -25.265421 -1.233576 0.000000 0.427157 12071
car -1 -1 nan nan nan nan nan 1.526361 3.251690 2.106112 -7.096325 15.477341 -0.566528 0.000000 0.914107 12072
car -1 -1 nan nan nan nan nan 1.605733 1.953730 3.922264 -0.013718 2.978325 -0.667485 0.000000 0.967362 12076
car -1 -1 nan nan nan nan nan 1.360484 3.959606 2.032484 -12.440368 -15.308983 -1.587028 0.000000 0.918147 12077
car -1 -1 nan nan nan nan nan 1.314932 1.771789 1.832325 27.248199 -2.835675 -1.031647 0.000000 0.823799 12078
car -1 -1 nan nan nan nan nan 0.222195 1.777871 1.720642 -32.863960 11.603413 -0.963410 0.000000 0.545678 12079
car -1 -1 nan nan nan nan nan 1.342109 0.994837 3.810226 18.472607 -5.319047 -1.158063 0.000000 0.942471 12083
car -1 -1 nan nan nan nan nan 0.887202 2.542107 2.107018 44.804924 -11.739561 -1.184148 0.000000 0.669766 12085
car -1 -1 nan nan nan nan nan 1.030316 0.899521 3.605020 -9.533344 43.420044 0.407711 0.000000 0.908984 12087
car -1 -1 nan nan nan nan nan 1.234609 1.360781 1.308464 33.506519 -4.257216 -0.881403 0.000000 0.733861 12089
bicycle -1 -1 nan nan nan nan nan 0.722932 0.960918 1.095493 -34.630583 20.209469 -1.391066 0.000000 0.830697 12069
motorcycle -1 -1 nan nan nan nan nan 0.413223 0.399639 0.295980 31.771329 -11.888958 -0.470125 0.000000 0.838807 12075
motorcycle -1 -1 nan nan nan nan nan 0.216289 0.635877 0.374039 39.532700 -12.216870 -0.763869 0.000000 0.692432 12080
bicycle -1 -1 nan nan nan nan nan 1.024916 1.311432 0.731476 5.995061 5.771860 -0.945538 0.000000 0.741122 12082
motorcycle -1 -1 nan nan nan nan nan 0.331996 0.629857 0.228500 4.839206 4.456513 -1.193571 0.000000 0.300805 12090
