car -1 -1 nan nan nan nan nan 1.614028 1.826727 4.166307 0.509662 2.913582 -0.694090 0.000000 0.949449 13058
car -1 -1 nan nan nan nan nan 1.467474 1.807104 3.506889 -34.854057 3.278563 -1.452553 0.000000 0.912823 13060
car -1 -1 nan nan nan nan nan 1.434936 1.369554 2.981386 24.599349 2.350252 -0.697699 0.000000 0.899134 13062
car -1 -1 nan nan nan nan nan 1.505952 1.882551 4.287641 12.127966 -2.441822 -0.838979 0.000000 0.953257 13063
car -1 -1 nan nan nan nan nan 1.438975 1.765388 3.911455 -5.974351 2.552239 -1.173064 0.000000 0.964291 13067
car -1 -1 nan nan nan nan nan 1.293972 0.531809 1.575043 30.694309 1.957364 -0.687153 0.000000 0.811034 13068
car -1 -1 nan nan nan nan nan 1.531580 1.837589 4.161106 -15.044031 -2.269413 -1.281545 0.000000 0.924512 13069
car -1 -1 nan nan nan nan nan 1.129961 1.303560 1.391506 37.243536 2.360221 -0.417133 0.000000 0.698207 13071
car -1 -1 nan nan nan nan nan 1.425941 1.686515 4.245494 14.575732 2.381785 -0.879333 0.000000 0.929966 13072
car -1 -1 nan nan nan nan nan 1.434856 1.601760 3.326866 7.631949 2.526403 -0.956225 0.000000 0.946949 13073
car -1 -1 nan nan nan nan nan 1.646861 1.785423 2.817459 34.066982 -2.380223 -0.278231 0.000000 0.892889 13075
car -1 -1 nan nan nan nan nan 0.472006 0.287909 1.045246 40.271662 -1.587483 -0.864870 0.000000 0.671097 13076
car -1 -1 nan nan nan nan nan 1.622365 1.589191 4.398727 -20.719236 -2.027556 -1.157123 0.000000 0.902896 13077
bicycle -1 -1 nan nan nan nan nan 0.862986 0.305508 0.422906 -15.391536 -8.215290 -0.682608 0.000000 0.763790 13061
bicycle -1 -1 nan nan nan nan nan 0.376442 0.889216 0.487532 -30.273929 6.222975 -1.508697 0.000000 0.834006 13070
