car -1 -1 nan nan nan nan nan 1.383302 1.442123 3.470424 -15.581568 2.617469 -1.480868 0.000000 0.947145 13726
other-vehicle -1 -1 nan nan nan nan nan 0.639970 1.022613 0.212185 50.183027 2.008740 1.034735 0.000000 0.453723 13727
other-vehicle -1 -1 nan nan nan nan nan 1.291664 0.969577 3.026953 17.364940 -1.839204 -0.834854 0.000000 0.868119 13728
other-vehicle -1 -1 nan nan nan nan nan 0.757812 1.586802 0.606777 -42.509916 -4.363305 -2.014607 0.000000 0.660671 13729
car -1 -1 nan nan nan nan nan 1.289728 2.669704 1.433781 -2.662085 -11.084714 -1.025491 0.000000 0.906592 13730
car -1 -1 nan nan nan nan nan 1.095221 1.261189 2.593167 0.937455 2.630760 -0.674018 0.000000 0.947312 13731
car -1 -1 nan nan nan nan nan 1.178492 0.591663 3.241903 -29.503860 2.182721 -1.899787 0.000000 0.905119 13732
car -1 -1 nan nan nan nan nan 1.298961 1.691325 3.137197 30.603883 -2.239114 -0.490325 0.000000 0.912249 13733
car -1 -1 nan nan nan nan nan 0.727918 0.672747 0.377762 41.995464 -4.555772 -0.026054 0.000000 0.762287 13734
car -1 -1 nan nan nan nan nan 0.300792 1.077597 0.363205 42.308178 5.094075 -0.537063 0.000000 0.784029 13735
car -1 -1 nan nan nan nan nan 1.457143 1.908316 4.172260 -8.358613 2.580208 -1.293298 0.000000 0.954602 13737
car -1 -1 nan nan nan nan nan 1.492614 1.801045 4.157582 8.110644 2.475689 -0.917921 0.000000 0.962750 13738
car -1 -1 nan nan nan nan nan 1.223952 1.581558 4.388405 -23.057806 2.495616 -1.582962 0.000000 0.870652 13739
car -1 -1 nan nan nan nan nan 1.878880 1.857132 4.650045 11.225359 -2.409812 -0.570201 0.000000 0.926690 13740
car -1 -1 nan nan nan nan nan 1.510450 1.871563 4.243157 -10.794412 -2.348615 -1.329511 0.000000 0.919424 13741
car -1 -1 nan nan nan nan nan 1.492553 1.607269 3.945407 14.559605 2.414909 -0.736916 0.000000 0.962801 13742
other-vehicle -1 -1 nan nan nan nan nan 1.133244 1.518758 0.784798 -30.337952 -4.357244 -1.692788 0.000000 0.829343 13743
car -1 -1 nan nan nan nan nan 1.087620 2.371732 2.803020 -37.483030 -2.639911 -2.027580 0.000000 0.721239 13745
truck -1 -1 nan nan nan nan nan 0.284009 0.276895 0.216587 44.613028 -2.152686 -0.006006 0.000000 0.745082 13746
truck -1 -1 nan nan nan nan nan 0.522109 0.740714 0.858994 47.041275 5.552415 0.098602 0.000000 0.529999 13747
car -1 -1 nan nan nan nan nan 1.550133 1.048404 2.216259 -43.654375 -1.712107 -1.931679 0.000000 0.766827 13748
car -1 -1 nan nan nan nan nan 1.609275 1.689359 1.248032 43.980644 2.507049 0.073867 0.000000 0.781871 13749
car -1 -1 nan nan nan nan nan 0.589108 1.591400 0.532314 44.606215 4.863171 -0.439911 0.000000 0.657624 13752
