car -1 -1 nan nan nan nan nan 1.530783 2.984098 3.418330 6.274668 1.690483 -0.982675 0.000000 0.954051 11827
car -1 -1 nan nan nan nan nan 1.399207 3.927146 2.296802 -10.904399 -11.597641 -1.124057 0.000000 0.974456 11833
other-vehicle -1 -1 nan nan nan nan nan 0.265926 2.418700 0.601212 -41.177265 -7.781159 -1.589919 0.000000 0.492231 11834
car -1 -1 nan nan nan nan nan 1.015532 2.817286 2.782455 30.853699 -13.228537 -1.152333 0.000000 0.827672 11835
car -1 -1 nan nan nan nan nan 1.528310 2.889767 2.948778 4.023972 15.510881 -0.891972 0.000000 0.904289 11836
car -1 -1 nan nan nan nan nan 1.561501 1.591423 2.969585 15.301531 -8.933973 -0.931870 0.000000 0.864083 11837
car -1 -1 nan nan nan nan nan 2.375177 5.332788 2.684000 -16.815389 -21.896363 -0.530302 0.000000 0.884503 11838
car -1 -1 nan nan nan nan nan 1.404215 3.407595 3.344822 -22.861643 -31.578124 -1.330868 0.000000 0.893160 11839
car -1 -1 nan nan nan nan nan 0.833166 0.611839 1.175501 13.872418 44.092392 -0.856224 0.000000 0.617320 11841
car -1 -1 nan nan nan nan nan 0.744767 2.348700 3.354443 -22.019941 20.363645 -1.274195 0.000000 0.885311 11843
car -1 -1 nan nan nan nan nan 0.322947 0.279079 0.426128 38.980707 -25.601030 -0.596230 0.000000 0.531964 11844
car -1 -1 nan nan nan nan nan 0.587307 0.568741 1.173675 10.116375 43.402508 -0.437832 0.000000 0.853903 11845
car -1 -1 nan nan nan nan nan 1.205869 1.966263 1.017391 35.809248 -16.043215 -0.940084 0.000000 0.773268 11847
car -1 -1 nan nan nan nan nan 0.583540 0.402592 0.999431 12.143060 42.352919 -0.433652 0.000000 0.759507 11848
bicycle -1 -1 nan nan nan nan nan 1.128190 0.482683 0.354671 -26.114861 18.330409 -0.997480 0.000000 0.482306 11831
bicyclist -1 -1 nan nan nan nan nan 0.257059 0.782021 0.263702 -17.343733 -36.452976 -0.968402 0.000000 0.599872 11846
