car -1 -1 nan nan nan nan nan 1.325563 1.657935 3.932866 0.115481 -2.829567 -0.566130 0.000000 0.958155 12495
car -1 -1 nan nan nan nan nan 1.389946 1.577566 3.582788 21.588239 2.256269 -0.522110 0.000000 0.922953 12499
car -1 -1 nan nan nan nan nan 1.509126 2.007342 4.376492 -13.771726 2.027146 -1.194040 0.000000 0.960475 12500
car -1 -1 nan nan nan nan nan 1.226035 1.634655 3.704748 33.791902 -2.248790 -0.457047 0.000000 0.914005 12501
car -1 -1 nan nan nan nan nan 0.226993 0.843854 0.432991 42.267986 -5.078680 -0.797728 0.000000 0.486134 12504
car -1 -1 nan nan nan nan nan 1.418934 1.631560 3.479593 14.749984 2.148112 -0.807699 0.000000 0.938380 12505
car -1 -1 nan nan nan nan nan 1.202996 1.252278 1.244778 28.211802 2.478018 -0.438521 0.000000 0.593796 12507
car -1 -1 nan nan nan nan nan 1.514181 1.950045 4.181440 5.908679 -2.866762 -1.032144 0.000000 0.926075 12508
car -1 -1 nan nan nan nan nan 1.235000 1.200231 0.753059 34.719982 2.550106 -0.300480 0.000000 0.632198 12514
bicycle -1 -1 nan nan nan nan nan 0.569106 0.270680 0.409332 -43.755825 11.235334 -1.530289 0.000000 0.700842 12496
bicycle -1 -1 nan nan nan nan nan 1.076136 2.598240 1.422367 -8.803422 5.164072 -1.157204 0.000000 0.860965 12506
bicycle -1 -1 nan nan nan nan nan 1.181124 1.662912 0.658756 -10.699512 10.768106 -1.305808 0.000000 0.876707 12509
person -1 -1 nan nan nan nan nan 0.479062 0.539311 0.316925 -43.730339 1.596343 0.082340 0.000000 0.871037 12503
