car -1 -1 nan nan nan nan nan 1.623070 1.860369 3.294699 -7.801918 2.484788 -1.109866 0.000000 0.943897 14101
car -1 -1 nan nan nan nan nan 0.436002 1.457821 0.344795 16.671633 6.437129 -0.693254 0.000000 0.820309 14104
car -1 -1 nan nan nan nan nan 1.328998 1.232457 3.889898 -25.309777 2.558759 -1.581684 0.000000 0.915237 14105
car -1 -1 nan nan nan nan nan 0.557017 0.437948 0.411777 29.956968 -4.998463 -0.310032 0.000000 0.764392 14107
truck -1 -1 nan nan nan nan nan 1.259013 1.201876 0.463730 40.741348 1.771825 0.512415 0.000000 0.493917 14110
other-vehicle -1 -1 nan nan nan nan nan 0.652512 1.739081 1.728085 -11.986380 -5.352381 -1.527429 0.000000 0.790191 14111
car -1 -1 nan nan nan nan nan 1.393006 1.680797 3.682503 21.644464 -2.567184 -0.656214 0.000000 0.874132 14112
car -1 -1 nan nan nan nan nan 1.404924 1.846057 4.653480 -17.925427 2.615501 -1.396191 0.000000 0.943300 14113
car -1 -1 nan nan nan nan nan 1.257034 1.311860 1.040581 35.480049 -2.869710 -0.307313 0.000000 0.731594 14116
other-vehicle -1 -1 nan nan nan nan nan 0.674926 1.123981 0.811913 -20.570333 7.232040 -0.676488 0.000000 0.837172 14117
car -1 -1 nan nan nan nan nan 1.970918 1.424341 4.649060 2.014394 -2.242514 -0.733165 0.000000 0.624696 14118
car -1 -1 nan nan nan nan nan 1.205378 0.621746 2.403595 -31.448620 2.138505 -1.811861 0.000000 0.887145 14119
car -1 -1 nan nan nan nan nan 1.577972 1.758413 3.960215 5.252295 2.360811 -0.918218 0.000000 0.967360 14120
car -1 -1 nan nan nan nan nan 1.426671 1.788989 4.518921 -19.849485 -2.364618 -1.476905 0.000000 0.936307 14121
car -1 -1 nan nan nan nan nan 0.521559 1.629932 1.238022 -46.104881 -2.008744 -2.413761 0.000000 0.783949 14122
car -1 -1 nan nan nan nan nan 0.648982 0.708923 0.398640 37.380987 5.339972 0.000217 0.000000 0.558929 14123
car -1 -1 nan nan nan nan nan 1.657983 1.686832 2.147427 35.339777 2.225272 -0.094163 0.000000 0.817752 14124
car -1 -1 nan nan nan nan nan 0.437981 0.396966 0.276020 32.706263 -5.101973 -0.272548 0.000000 0.663535 14128
car -1 -1 nan nan nan nan nan 1.081836 1.708650 4.279523 -1.071696 2.568592 -0.848191 0.000000 0.945694 14129
other-vehicle -1 -1 nan nan nan nan nan 1.380250 1.881647 3.212421 8.039050 -2.363523 -0.970652 0.000000 0.423644 14132
car -1 -1 nan nan nan nan nan 0.634002 2.109789 1.411194 35.660278 4.976506 -0.610267 0.000000 0.783554 14137
bicyclist -1 -1 nan nan nan nan nan 0.214021 0.206981 0.254589 44.948565 -7.480799 0.243636 0.000000 0.819126 14102
bicycle -1 -1 nan nan nan nan nan 0.522999 0.359077 0.444733 -46.045639 -6.481463 -1.038674 0.000000 0.550434 14103
person -1 -1 nan nan nan nan nan 0.749009 0.386971 0.563194 40.959869 4.021119 -0.491731 0.000000 0.813626 14131
