car -1 -1 nan nan nan nan nan 1.438849 1.701780 3.442162 6.735369 2.567626 -0.976403 0.000000 0.918189 13080
car -1 -1 nan nan nan nan nan 1.409844 1.787909 3.269775 -35.675426 3.326568 -1.453986 0.000000 0.889300 13081
car -1 -1 nan nan nan nan nan 1.392983 1.552667 2.911236 23.739525 2.296000 -0.670650 0.000000 0.885682 13084
car -1 -1 nan nan nan nan nan 1.411682 1.660675 4.067673 -6.825436 2.488721 -1.200314 0.000000 0.968559 13085
car -1 -1 nan nan nan nan nan 1.801945 1.818598 1.055483 32.339732 -2.507942 -0.363878 0.000000 0.825312 13088
car -1 -1 nan nan nan nan nan 1.691839 1.550972 4.296686 -21.763776 -1.983958 -1.215074 0.000000 0.885161 13089
car -1 -1 nan nan nan nan nan 1.482133 1.731676 4.232290 13.796999 2.362528 -0.885400 0.000000 0.919579 13090
car -1 -1 nan nan nan nan nan 1.456997 1.379200 4.173641 -0.311831 2.689611 -0.619717 0.000000 0.950516 13092
car -1 -1 nan nan nan nan nan 1.463173 1.845822 4.077220 -15.910361 -2.239921 -1.274633 0.000000 0.954430 13093
car -1 -1 nan nan nan nan nan 1.343977 1.206727 1.389458 36.297852 2.215002 -0.523068 0.000000 0.656395 13094
car -1 -1 nan nan nan nan nan 1.259983 0.545877 1.581608 29.814411 1.939569 -0.664092 0.000000 0.742459 13095
car -1 -1 nan nan nan nan nan 1.553268 1.960646 4.849894 11.603726 -2.461041 -0.851941 0.000000 0.951136 13096
car -1 -1 nan nan nan nan nan 0.460011 0.340924 1.004890 39.462360 -1.585143 -0.841954 0.000000 0.850028 13099
car -1 -1 nan nan nan nan nan 0.819015 0.852823 0.432568 31.770441 7.976756 -0.659793 0.000000 0.851560 13100
bicyclist -1 -1 nan nan nan nan nan 0.255000 0.212951 0.302845 41.505075 -1.699115 -0.248453 0.000000 0.460832 13082
bicycle -1 -1 nan nan nan nan nan 0.638025 0.466142 0.826054 3.265205 8.252551 -0.982890 0.000000 0.825676 13091
bicycle -1 -1 nan nan nan nan nan 0.597936 0.636727 0.278706 -33.129419 6.602575 -1.392927 0.000000 0.721719 13097
