car -1 -1 nan nan nan nan nan 1.368386 1.798066 3.849705 25.824934 -1.256043 -0.816334 0.000000 0.902325 12696
car -1 -1 nan nan nan nan nan 1.767304 1.788066 4.050679 -7.517029 -2.919280 -0.956587 0.000000 0.949997 12698
car -1 -1 nan nan nan nan nan 1.434205 1.615025 3.949501 6.808642 2.491670 -0.970118 0.000000 0.933372 12701
car -1 -1 nan nan nan nan nan 1.377387 1.329087 2.279110 37.701525 4.177638 -0.543289 0.000000 0.724791 12702
car -1 -1 nan nan nan nan nan 1.384241 1.947826 4.320995 -21.828823 1.520128 -1.110887 0.000000 0.936365 12703
car -1 -1 nan nan nan nan nan 0.638025 1.014034 1.138546 34.190104 -3.833098 -1.013982 0.000000 0.798693 12705
car -1 -1 nan nan nan nan nan 1.310753 1.472066 2.860622 20.872635 3.371141 -0.872844 0.000000 0.878656 12708
car -1 -1 nan nan nan nan nan 1.492924 1.627099 4.188076 13.625826 2.904658 -0.885195 0.000000 0.938489 12709
truck -1 -1 nan nan nan nan nan 1.367061 1.764050 0.444229 46.623150 0.114003 -0.330265 0.000000 0.906378 12711
car -1 -1 nan nan nan nan nan 1.155830 1.355091 3.797836 28.005880 3.640637 -0.751665 0.000000 0.907499 12712
car -1 -1 nan nan nan nan nan 1.433555 1.583138 4.301448 -1.665903 -2.687503 -0.997575 0.000000 0.962027 12714
car -1 -1 nan nan nan nan nan 0.286814 1.055033 0.337933 45.821238 7.165720 -0.308150 0.000000 0.641980 12715
car -1 -1 nan nan nan nan nan 0.861641 1.743001 0.478870 45.694433 9.812775 -0.598668 0.000000 0.737534 12718
motorcycle -1 -1 nan nan nan nan nan 0.799092 1.497879 0.763569 -19.170559 10.313988 -1.356156 0.000000 0.733663 12700
bicycle -1 -1 nan nan nan nan nan 0.588237 0.762024 0.376640 43.288155 10.483330 -0.448003 0.000000 0.742423 12706
motorcycle -1 -1 nan nan nan nan nan 0.803643 0.858780 0.646793 -17.110291 3.914728 -1.142104 0.000000 0.764464 12710
person -1 -1 nan nan nan nan nan 0.290083 0.378011 0.491222 45.473036 11.704331 -0.321219 0.000000 0.755265 12717
