other-vehicle -1 -1 nan nan nan nan nan 1.681961 2.318333 3.549732 -48.284918 -4.523415 -1.707612 0.000000 0.748193 13883
other-vehicle -1 -1 nan nan nan nan nan 0.625411 1.799606 1.812530 -6.824541 -5.349850 -1.388156 0.000000 0.569427 13885
car -1 -1 nan nan nan nan nan 0.761039 0.542776 0.634212 -18.631683 -26.718036 -0.867678 0.000000 0.682949 13886
car -1 -1 nan nan nan nan nan 1.212440 1.503896 4.165766 -27.271956 2.536399 -1.585355 0.000000 0.877890 13887
other-vehicle -1 -1 nan nan nan nan nan 1.335015 1.248933 3.300834 13.170611 -2.080366 -0.922505 0.000000 0.886318 13888
car -1 -1 nan nan nan nan nan 0.539029 0.540009 0.218987 48.677387 1.431023 0.090415 0.000000 0.778741 13890
car -1 -1 nan nan nan nan nan 1.264024 1.579987 3.656544 26.703802 -2.468977 -0.627911 0.000000 0.864188 13891
car -1 -1 nan nan nan nan nan 1.461581 1.683582 4.233852 3.827359 2.347373 -0.966789 0.000000 0.963090 13892
car -1 -1 nan nan nan nan nan 1.073353 2.242817 1.010494 -34.918772 -4.669762 -1.278972 0.000000 0.819632 13893
car -1 -1 nan nan nan nan nan 1.480386 1.875759 4.475023 -15.093604 -2.375983 -1.367928 0.000000 0.951164 13894
car -1 -1 nan nan nan nan nan 0.509005 1.684012 0.980373 40.513601 4.813049 -0.619703 0.000000 0.734313 13895
car -1 -1 nan nan nan nan nan 0.960871 1.551424 2.357880 -41.549458 -1.989291 -2.214909 0.000000 0.863233 13897
car -1 -1 nan nan nan nan nan 0.889598 0.412582 3.257248 -33.926651 2.200027 -1.938824 0.000000 0.659728 13898
car -1 -1 nan nan nan nan nan 1.439867 1.335929 3.361862 -19.838110 2.584565 -1.503282 0.000000 0.944410 13899
car -1 -1 nan nan nan nan nan 1.435534 1.653432 3.373688 -2.814231 2.456319 -0.892493 0.000000 0.944021 13900
car -1 -1 nan nan nan nan nan 2.011838 1.838618 4.668296 6.967723 -2.421916 -0.678287 0.000000 0.890224 13901
car -1 -1 nan nan nan nan nan 1.581154 1.682744 4.046981 10.260723 2.367237 -0.850265 0.000000 0.962933 13904
car -1 -1 nan nan nan nan nan 1.380529 1.899350 4.483449 -12.495314 2.528309 -1.283885 0.000000 0.962895 13906
car -1 -1 nan nan nan nan nan 1.195048 0.900998 0.636761 40.465155 -2.588524 -0.262318 0.000000 0.720276 13910
car -1 -1 nan nan nan nan nan 0.867024 0.335994 1.204605 34.874477 -4.802015 -0.506161 0.000000 0.762998 13911
car -1 -1 nan nan nan nan nan 0.417140 0.436872 0.467377 -32.235905 -5.408115 -1.080314 0.000000 0.688465 13912
car -1 -1 nan nan nan nan nan 1.895017 1.774026 2.303593 40.393671 2.349026 -0.134638 0.000000 0.768924 13913
truck -1 -1 nan nan nan nan nan 1.122976 1.054007 0.391495 45.835838 1.783019 0.696396 0.000000 0.613159 13914
car -1 -1 nan nan nan nan nan 0.833991 0.798999 0.361069 42.577713 5.474559 -0.277223 0.000000 0.762316 13915
car -1 -1 nan nan nan nan nan 0.858148 0.562579 0.679512 -48.035339 -1.331588 -1.801875 0.000000 0.411129 13916
bicyclist -1 -1 nan nan nan nan nan 0.476962 0.682010 0.313362 37.752460 -4.779030 -0.091145 0.000000 0.849140 13882
bicycle -1 -1 nan nan nan nan nan 0.700983 0.245018 0.861846 8.760417 -8.823599 -0.920096 0.000000 0.812965 13896
bicycle -1 -1 nan nan nan nan nan 0.519106 1.463127 0.657074 -40.827736 -7.240763 -0.648992 0.000000 0.823563 13905
