car -1 -1 nan nan nan nan nan 1.507100 1.604578 4.382314 10.742466 2.827680 -0.891036 0.000000 0.962832 12768
car -1 -1 nan nan nan nan nan 1.752230 1.812510 4.016477 -10.283990 -2.907147 -0.983185 0.000000 0.943140 12771
car -1 -1 nan nan nan nan nan 0.241665 0.303354 0.236864 -21.575660 9.776039 -1.558279 0.000000 0.374192 12773
car -1 -1 nan nan nan nan nan 0.600764 1.118628 1.292854 31.930862 -3.986185 -0.927595 0.000000 0.802590 12774
car -1 -1 nan nan nan nan nan 1.453976 1.784431 3.834942 23.084307 -1.396049 -0.699231 0.000000 0.907173 12777
car -1 -1 nan nan nan nan nan 1.413597 1.958874 4.072245 -24.579749 1.658787 -1.286581 0.000000 0.955457 12778
car -1 -1 nan nan nan nan nan 1.288171 1.304614 2.510017 35.177052 4.029188 -0.490124 0.000000 0.749426 12779
car -1 -1 nan nan nan nan nan 1.343113 1.507549 3.172054 18.075190 3.276978 -0.833922 0.000000 0.932662 12780
car -1 -1 nan nan nan nan nan 1.410019 1.551945 3.981412 4.131159 2.439626 -1.003774 0.000000 0.963879 12781
car -1 -1 nan nan nan nan nan 1.348048 1.333611 4.113768 25.170190 3.477891 -0.664350 0.000000 0.942771 12783
car -1 -1 nan nan nan nan nan 1.511396 1.670915 4.336783 -4.281420 -2.597900 -1.077131 0.000000 0.933041 12784
truck -1 -1 nan nan nan nan nan 1.610353 1.747416 0.938515 44.068104 -0.209928 -0.152097 0.000000 0.816711 12786
car -1 -1 nan nan nan nan nan 0.932114 0.606826 0.301647 47.532354 4.449026 -0.332033 0.000000 0.681976 12787
bicycle -1 -1 nan nan nan nan nan 0.549707 0.926510 0.323965 -21.743911 5.514819 -1.183697 0.000000 0.854264 12785
bicyclist -1 -1 nan nan nan nan nan 0.443023 1.045673 0.973537 34.534655 6.769812 -0.068235 0.000000 0.839401 12789
