car -1 -1 nan nan nan nan nan 1.384014 1.336357 4.026498 17.573076 2.631715 -0.844980 0.000000 0.947526 13449
car -1 -1 nan nan nan nan nan 1.518808 1.888412 4.412667 -13.452076 2.238384 -1.288198 0.000000 0.964194 13451
car -1 -1 nan nan nan nan nan 1.212954 1.026284 1.513012 39.718058 -1.298359 -0.462697 0.000000 0.706866 13452
car -1 -1 nan nan nan nan nan 1.634986 1.383913 3.615517 -34.674614 -2.686691 -1.502772 0.000000 0.921243 13453
car -1 -1 nan nan nan nan nan 1.054039 1.218909 4.095315 0.813364 2.609689 -0.819316 0.000000 0.953231 13454
other-vehicle -1 -1 nan nan nan nan nan 0.346963 1.766346 1.768976 7.064219 -5.240172 -1.030228 0.000000 0.417464 13455
car -1 -1 nan nan nan nan nan 1.457294 1.847491 3.666280 -6.047233 2.516676 -1.176509 0.000000 0.947296 13458
car -1 -1 nan nan nan nan nan 1.606950 1.679409 3.331181 10.663668 2.600177 -0.815806 0.000000 0.924074 13459
car -1 -1 nan nan nan nan nan 1.340685 1.780177 3.828157 -28.807288 -2.898854 -1.583247 0.000000 0.854122 13460
car -1 -1 nan nan nan nan nan 1.250996 1.662001 4.381942 -1.398127 -2.573113 -0.930574 0.000000 0.965328 13461
car -1 -1 nan nan nan nan nan 1.894994 1.848501 3.939236 20.580036 -2.002546 -0.541561 0.000000 0.911674 13462
car -1 -1 nan nan nan nan nan 1.423016 1.476402 3.480021 24.053803 2.856782 -0.688304 0.000000 0.934495 13463
car -1 -1 nan nan nan nan nan 1.221249 2.215725 2.637009 -48.709179 2.435081 -1.726199 0.000000 0.801924 13464
car -1 -1 nan nan nan nan nan 1.301497 1.390918 4.414511 -20.418780 1.942660 -1.459697 0.000000 0.936714 13465
car -1 -1 nan nan nan nan nan 0.585870 0.362074 0.302780 -47.989555 4.475960 -1.380256 0.000000 0.644364 13466
motorcycle -1 -1 nan nan nan nan nan 0.511038 0.394108 0.448626 28.062242 -1.157319 -0.445609 0.000000 0.726160 13456
bicycle -1 -1 nan nan nan nan nan 0.639732 0.467598 0.832144 -22.029107 5.451539 -1.137266 0.000000 0.798884 13457
motorcycle -1 -1 nan nan nan nan nan 0.677985 0.425117 1.307751 26.198004 -0.992773 -0.967080 0.000000 0.849783 13468
