car -1 -1 nan nan nan nan nan 1.318053 2.290746 4.197083 -3.604527 2.519321 -0.876604 0.000000 0.954248 14427
car -1 -1 nan nan nan nan nan 1.558954 1.544859 3.123436 -17.162069 2.541911 -1.225732 0.000000 0.912458 14433
car -1 -1 nan nan nan nan nan 0.776819 1.995311 0.585943 25.905093 4.158594 -0.869234 0.000000 0.598666 14435
car -1 -1 nan nan nan nan nan 1.426129 1.740479 4.181842 12.395571 -2.904535 -0.882096 0.000000 0.930212 14436
car -1 -1 nan nan nan nan nan 1.420228 1.670456 3.571846 27.247662 -3.681252 -0.711111 0.000000 0.937904 14437
car -1 -1 nan nan nan nan nan 1.444273 1.864214 3.884769 -10.012559 2.465187 -1.156982 0.000000 0.947749 14438
car -1 -1 nan nan nan nan nan 1.327209 1.207732 2.510189 -34.478117 3.148819 -1.554223 0.000000 0.840665 14439
car -1 -1 nan nan nan nan nan 2.001063 1.993088 4.897591 -7.063385 -2.560719 -0.896392 0.000000 0.955960 14441
other-vehicle -1 -1 nan nan nan nan nan 0.499478 1.442897 2.332089 -1.611055 -2.724105 -1.053730 0.000000 0.650726 14442
car -1 -1 nan nan nan nan nan 1.148139 0.952394 2.829191 -26.666642 2.553506 -1.398143 0.000000 0.897460 14443
car -1 -1 nan nan nan nan nan 0.239083 1.227591 0.466782 39.814487 -7.770402 -0.964794 0.000000 0.790528 14444
car -1 -1 nan nan nan nan nan 1.706031 1.732397 3.846395 26.497319 1.537969 -0.390478 0.000000 0.940156 14445
other-vehicle -1 -1 nan nan nan nan nan 0.755386 0.716279 1.495852 -29.453177 7.557921 -0.927646 0.000000 0.709334 14447
truck -1 -1 nan nan nan nan nan 1.932820 1.159590 0.491110 31.383964 0.899686 -0.037709 0.000000 0.810802 14448
car -1 -1 nan nan nan nan nan 1.348106 1.602239 3.997545 -29.003037 -1.939936 -1.448192 0.000000 0.912015 14451
bicycle -1 -1 nan nan nan nan nan 0.282028 0.666769 0.735332 44.357603 -9.202399 -0.287796 0.000000 0.628512 14428
motorcycle -1 -1 nan nan nan nan nan 0.295610 0.229672 0.777748 -40.410870 2.708984 -1.924834 0.000000 0.813952 14429
motorcycle -1 -1 nan nan nan nan nan 1.206976 0.269907 0.437450 34.130491 0.263910 -0.288539 0.000000 0.899634 14432
person -1 -1 nan nan nan nan nan 0.628128 0.589811 0.750668 20.510336 -5.775044 -0.039239 0.000000 0.846658 14430
