car -1 -1 nan nan nan nan nan 1.624344 1.828885 3.541115 -18.448854 -2.921682 -1.337963 0.000000 0.950300 16674
car -1 -1 nan nan nan nan nan 1.173524 3.338669 1.727721 8.892893 46.957031 -2.472557 0.000000 0.895016 16676
car -1 -1 nan nan nan nan nan 0.628838 1.379594 0.778736 -49.346228 -4.914311 -2.288976 0.000000 0.733642 16678
car -1 -1 nan nan nan nan nan 1.697311 0.912505 0.588900 -3.637883 8.696521 -1.292389 0.000000 0.430760 16680
car -1 -1 nan nan nan nan nan 0.437477 0.484167 1.446539 14.772884 31.393611 -2.155701 0.000000 0.842660 16682
car -1 -1 nan nan nan nan nan 1.919215 4.602518 2.043814 9.580944 -11.858297 -0.273533 0.000000 0.895477 16683
car -1 -1 nan nan nan nan nan 1.628802 2.173346 3.372906 -35.728926 1.267521 -1.581413 0.000000 0.777933 16684
car -1 -1 nan nan nan nan nan 0.888616 1.989687 0.527483 -28.579085 -6.562693 -1.170018 0.000000 0.877648 16688
car -1 -1 nan nan nan nan nan 0.822459 0.674109 0.541050 -47.346350 5.014095 -1.239072 0.000000 0.608718 16689
car -1 -1 nan nan nan nan nan 1.414197 1.769245 0.862625 45.387100 -2.269233 -0.039334 0.000000 0.834696 16690
other-vehicle -1 -1 nan nan nan nan nan 0.353067 0.542110 0.479050 -27.993256 3.669531 -1.715577 0.000000 0.711943 16692
car -1 -1 nan nan nan nan nan 1.440849 1.359346 3.638519 -42.690849 -0.107985 -1.591273 0.000000 0.780905 16693
car -1 -1 nan nan nan nan nan 1.447381 1.647290 1.280716 -46.934570 -0.022618 -1.147863 0.000000 0.742035 16695
car -1 -1 nan nan nan nan nan 0.504019 0.390625 0.317646 44.631483 4.374107 -0.983622 0.000000 0.498420 16696
bicycle -1 -1 nan nan nan nan nan 0.863997 0.605363 0.284687 46.670275 8.077955 -0.598478 0.000000 0.756304 16675
motorcycle -1 -1 nan nan nan nan nan 0.764109 0.413921 1.528375 15.083422 40.604059 -2.131843 0.000000 0.886227 16691
bicycle -1 -1 nan nan nan nan nan 1.037985 0.684386 0.627426 41.704433 7.992565 -0.645574 0.000000 0.760683 16694
person -1 -1 nan nan nan nan nan 1.524989 0.312692 0.374817 27.597456 -0.437066 -0.598532 0.000000 0.932001 16679
