car -1 -1 nan nan nan nan nan 1.475045 1.965430 3.670946 8.821391 -2.724158 -0.960296 0.000000 0.930096 14962
car -1 -1 nan nan nan nan nan 0.329129 1.015657 0.631779 -46.384008 -4.391147 -2.316506 0.000000 0.673981 14963
car -1 -1 nan nan nan nan nan 1.240931 1.585416 0.639816 40.013718 -1.639932 -0.731395 0.000000 0.692128 14964
other-vehicle -1 -1 nan nan nan nan nan 1.295249 1.972980 4.101353 -19.476076 -3.454675 -1.535352 0.000000 0.911624 14965
car -1 -1 nan nan nan nan nan 1.479221 1.842550 4.383358 -5.512963 -2.850981 -1.213495 0.000000 0.956905 14968
car -1 -1 nan nan nan nan nan 1.405994 0.284077 3.097458 23.762339 2.218582 -0.532190 0.000000 0.887840 14970
car -1 -1 nan nan nan nan nan 1.133088 0.542617 3.339731 -28.741851 0.482012 -1.449917 0.000000 0.926564 14971
car -1 -1 nan nan nan nan nan 1.592654 1.462909 2.777473 -35.705303 0.708388 -1.515077 0.000000 0.859248 14974
car -1 -1 nan nan nan nan nan 1.729981 0.313082 3.296465 16.954846 1.702942 -0.606146 0.000000 0.913888 14975
other-vehicle -1 -1 nan nan nan nan nan 0.359012 0.405326 0.286507 -27.835932 -6.620361 -1.626408 0.000000 0.684585 14976
car -1 -1 nan nan nan nan nan 1.525351 2.782921 4.491060 -22.488324 1.787535 -1.395630 0.000000 0.874293 14977
car -1 -1 nan nan nan nan nan 1.828423 1.929511 4.218596 -25.407651 -3.774540 -1.251379 0.000000 0.907279 14980
car -1 -1 nan nan nan nan nan 1.972954 1.892411 4.068326 8.144601 2.428586 -0.667692 0.000000 0.944272 14981
car -1 -1 nan nan nan nan nan 1.293147 3.287841 1.808556 30.617558 -5.414907 -0.680104 0.000000 0.952944 14982
motorcycle -1 -1 nan nan nan nan nan 0.926020 0.695182 0.313524 31.706216 -2.839244 -0.923791 0.000000 0.887861 14972
motorcycle -1 -1 nan nan nan nan nan 0.816020 0.315080 1.985783 26.283272 -4.000542 -0.769705 0.000000 0.495965 14978
bicycle -1 -1 nan nan nan nan nan 0.253009 0.207053 0.634453 19.185762 -7.328336 -0.580008 0.000000 0.570388 14979
