car -1 -1 nan nan nan nan nan 1.543479 1.663278 3.712537 -4.600806 -3.079912 -1.105926 0.000000 0.952425 16205
car -1 -1 nan nan nan nan nan 1.642683 1.299322 4.174952 -28.137500 -0.424045 -1.226148 0.000000 0.878785 16208
car -1 -1 nan nan nan nan nan 1.430878 1.124614 1.391453 10.730180 8.718804 -0.472650 0.000000 0.748851 16209
car -1 -1 nan nan nan nan nan 0.562934 0.838801 0.375553 -43.730814 -8.783475 -1.262873 0.000000 0.807234 16213
car -1 -1 nan nan nan nan nan 1.616647 1.969173 4.814098 -22.597267 0.673008 -1.180578 0.000000 0.900913 16214
car -1 -1 nan nan nan nan nan 0.783130 1.235783 1.551075 -32.825190 -0.598368 -0.440838 0.000000 0.497343 16215
car -1 -1 nan nan nan nan nan 1.315834 1.676461 2.045509 -35.988117 -5.472548 -1.666065 0.000000 0.852563 16216
car -1 -1 nan nan nan nan nan 1.456129 2.942466 1.854177 -15.249048 -7.261515 -1.290910 0.000000 0.938682 16218
bicycle -1 -1 nan nan nan nan nan 0.834667 0.518636 1.482035 -19.782594 -6.300483 -1.394496 0.000000 0.907840 16217
person -1 -1 nan nan nan nan nan 1.261008 0.338464 0.358780 41.384235 -0.330456 -0.488479 0.000000 0.808677 16206
person -1 -1 nan nan nan nan nan 0.449946 0.244367 0.326920 39.797230 7.840831 0.108257 0.000000 0.824554 16212
