other-vehicle -1 -1 nan nan nan nan nan 1.328935 2.030763 3.727598 -6.307817 -2.667138 -1.226875 0.000000 0.816511 14580
car -1 -1 nan nan nan nan nan 1.937986 1.800834 4.059713 21.232835 1.546716 -0.560034 0.000000 0.946102 14583
car -1 -1 nan nan nan nan nan 0.988509 1.661269 2.763084 -33.565449 -2.087502 -1.387825 0.000000 0.915863 14584
car -1 -1 nan nan nan nan nan 1.453238 1.698668 4.227914 7.103137 -2.896238 -1.009817 0.000000 0.941505 14585
car -1 -1 nan nan nan nan nan 1.470659 1.497962 2.921986 -22.407717 2.410907 -1.122007 0.000000 0.916082 14586
car -1 -1 nan nan nan nan nan 0.219875 0.670649 1.312771 -43.518312 -4.094502 -0.835726 0.000000 0.759442 14588
car -1 -1 nan nan nan nan nan 0.459497 0.829666 1.034050 -39.745010 2.879882 -1.069045 0.000000 0.675953 14590
car -1 -1 nan nan nan nan nan 1.443795 1.575311 3.596220 -15.315259 2.235502 -1.203286 0.000000 0.952546 14592
car -1 -1 nan nan nan nan nan 1.587719 1.887602 4.181891 -8.852428 2.276434 -1.052876 0.000000 0.972286 14593
car -1 -1 nan nan nan nan nan 2.012451 2.024694 4.943651 -12.495130 -2.669443 -0.981564 0.000000 0.953667 14594
car -1 -1 nan nan nan nan nan 1.487054 1.786814 3.606071 21.885241 -3.669696 -0.843265 0.000000 0.923214 14596
car -1 -1 nan nan nan nan nan 1.035000 0.572504 1.886744 -31.590964 2.211524 -1.554136 0.000000 0.753334 14597
other-vehicle -1 -1 nan nan nan nan nan 1.146990 1.208544 0.981899 26.248970 1.004454 0.234481 0.000000 0.728799 14600
car -1 -1 nan nan nan nan nan 1.037601 1.333126 0.302963 -41.371044 -4.193388 -1.649887 0.000000 0.741401 14601
motorcycle -1 -1 nan nan nan nan nan 0.885028 0.372145 0.825668 47.451942 -6.115823 -0.610289 0.000000 0.752223 14581
