car -1 -1 nan nan nan nan nan 1.633850 1.949994 4.367256 -1.410473 2.635746 -0.790016 0.000000 0.953390 15524
car -1 -1 nan nan nan nan nan 1.179463 3.705146 2.044819 49.198355 2.900194 -0.224354 0.000000 0.918502 15525
car -1 -1 nan nan nan nan nan 1.541692 1.598892 2.947086 22.200777 -1.869028 -0.598616 0.000000 0.825450 15527
car -1 -1 nan nan nan nan nan 1.393665 1.754545 4.141201 -23.567833 -2.246156 -1.605762 0.000000 0.923027 15528
car -1 -1 nan nan nan nan nan 1.399888 3.600079 1.966997 11.822500 -5.282485 -0.755734 0.000000 0.935539 15531
car -1 -1 nan nan nan nan nan 1.500838 1.742026 3.942299 -9.405065 -2.307801 -1.259249 0.000000 0.947548 15532
car -1 -1 nan nan nan nan nan 1.139461 1.663138 2.505608 -40.440945 2.351328 -1.981222 0.000000 0.915849 15533
car -1 -1 nan nan nan nan nan 1.777087 1.752140 4.282250 5.086069 2.984326 -0.850075 0.000000 0.963081 15534
car -1 -1 nan nan nan nan nan 1.915902 1.689206 4.462559 -10.278108 2.706049 -1.096050 0.000000 0.968696 15535
car -1 -1 nan nan nan nan nan 0.474010 0.267349 0.827480 -42.900179 -1.997306 -1.670552 0.000000 0.675979 15536
car -1 -1 nan nan nan nan nan 2.306103 0.856725 1.131901 -5.509611 2.227040 -0.758263 0.000000 0.309812 15537
car -1 -1 nan nan nan nan nan 0.931064 0.376535 0.303208 12.028185 -3.394057 -0.887834 0.000000 0.743830 15541
other-vehicle -1 -1 nan nan nan nan nan 1.194527 1.691785 1.380451 -37.958868 -2.533301 -2.039653 0.000000 0.887018 15542
