car -1 -1 nan nan nan nan nan 0.703231 1.663750 0.901000 1.535960 24.195545 -1.385692 0.000000 0.834962 15902
car -1 -1 nan nan nan nan nan 1.611590 1.612044 3.577829 8.834234 -3.205164 -0.888098 0.000000 0.945185 15904
car -1 -1 nan nan nan nan nan 1.850193 1.748317 4.008283 -14.356704 2.861483 -1.110206 0.000000 0.957387 15906
car -1 -1 nan nan nan nan nan 0.837800 1.596674 3.293411 -36.656796 -0.338952 -2.070142 0.000000 0.911205 15907
car -1 -1 nan nan nan nan nan 1.820607 1.727648 5.000470 -8.030169 2.778072 -0.999871 0.000000 0.970121 15908
car -1 -1 nan nan nan nan nan 0.563644 0.642941 0.968065 1.682015 11.138137 -0.158370 0.000000 0.704282 15909
car -1 -1 nan nan nan nan nan 1.485502 3.923258 1.607223 -1.661357 -5.727438 -1.094914 0.000000 0.871119 15911
car -1 -1 nan nan nan nan nan 2.129128 1.190434 1.128756 -18.794633 3.024358 -0.893965 0.000000 0.633211 15913
car -1 -1 nan nan nan nan nan 1.784031 0.427910 3.144062 -23.724300 2.940849 -1.342122 0.000000 0.858751 15915
car -1 -1 nan nan nan nan nan 1.299387 1.717849 4.037479 -22.311512 -1.470432 -1.486057 0.000000 0.896321 15918
bicycle -1 -1 nan nan nan nan nan 0.763131 2.137802 0.758209 0.113054 5.358336 -1.204075 0.000000 0.492110 15899
motorcycle -1 -1 nan nan nan nan nan 0.829153 1.460286 0.425861 -1.008988 -11.244240 -1.569114 0.000000 0.822409 15903
bicycle -1 -1 nan nan nan nan nan 0.996451 1.767144 0.826485 4.532162 -6.774704 -1.318396 0.000000 0.939480 15910
bicycle -1 -1 nan nan nan nan nan 0.540101 0.481655 0.585412 -9.327455 -8.359106 -1.231749 0.000000 0.683998 15912
person -1 -1 nan nan nan nan nan 1.102695 0.398385 0.509209 -2.199723 -3.985119 -1.261908 0.000000 0.760118 15917
