car -1 -1 nan nan nan nan nan 1.480857 3.101892 1.838835 12.500378 -10.903046 -0.481795 0.000000 0.880090 16543
car -1 -1 nan nan nan nan nan 0.329987 0.376680 0.323349 -48.809216 -11.074338 -1.560152 0.000000 0.559699 16544
car -1 -1 nan nan nan nan nan 1.577493 1.787750 3.537164 -15.811075 -3.233950 -1.322022 0.000000 0.947057 16546
car -1 -1 nan nan nan nan nan 1.830374 2.914093 2.256653 -0.692377 9.649982 -1.116059 0.000000 0.825379 16547
car -1 -1 nan nan nan nan nan 0.959400 2.245079 1.057325 -25.999209 -7.353088 -1.303320 0.000000 0.821283 16553
other-vehicle -1 -1 nan nan nan nan nan 0.617972 0.514889 0.504774 -25.407405 3.137500 -1.845511 0.000000 0.839542 16554
truck -1 -1 nan nan nan nan nan 1.409027 1.762762 0.786232 47.967636 -1.368316 0.239557 0.000000 0.836790 16556
car -1 -1 nan nan nan nan nan 1.561338 1.399887 4.209095 -39.735590 -0.802350 -1.833232 0.000000 0.901604 16557
car -1 -1 nan nan nan nan nan 0.591580 1.799399 1.134014 -46.507284 -6.073015 -2.438902 0.000000 0.737025 16558
car -1 -1 nan nan nan nan nan 0.806354 1.263522 1.284145 -44.065008 -0.949470 -1.116811 0.000000 0.869865 16561
car -1 -1 nan nan nan nan nan 1.669206 1.928794 4.005827 -32.918687 0.458670 -1.712643 0.000000 0.885872 16567
motorcycle -1 -1 nan nan nan nan nan 0.627968 1.064859 2.264938 47.552490 5.644736 -0.483492 0.000000 0.676808 16545
motorcycle -1 -1 nan nan nan nan nan 0.545043 1.883754 0.289715 44.499861 6.467129 -0.698193 0.000000 0.862827 16565
person -1 -1 nan nan nan nan nan 1.451015 0.347955 0.437267 30.241854 0.082989 -0.423511 0.000000 0.892046 16548
person -1 -1 nan nan nan nan nan 0.215996 0.251964 0.318459 42.398693 -5.401299 0.747393 0.000000 0.598565 16551
