car -1 -1 nan nan nan nan nan 1.238321 2.610358 3.754807 -21.104591 -16.775832 -0.808075 0.000000 0.917298 17392
car -1 -1 nan nan nan nan nan 1.327734 1.683420 1.923923 39.168631 24.243199 -1.452390 0.000000 0.721970 17393
car -1 -1 nan nan nan nan nan 0.389077 0.365555 0.465311 17.466815 -26.760494 -0.465361 0.000000 0.562965 17395
car -1 -1 nan nan nan nan nan 0.660239 1.416771 3.015914 -1.771627 12.532474 -0.559693 0.000000 0.880213 17396
car -1 -1 nan nan nan nan nan 0.263584 0.607922 1.010203 -3.117397 -41.100218 -0.043646 0.000000 0.727064 17397
car -1 -1 nan nan nan nan nan 1.768677 3.705605 3.790754 10.616443 -36.706627 -0.605062 0.000000 0.907643 17402
car -1 -1 nan nan nan nan nan 1.914281 3.478815 3.492983 -14.656297 -8.260535 -0.770919 0.000000 0.851660 17403
car -1 -1 nan nan nan nan nan 0.969471 1.507147 2.067616 -28.966831 28.014461 -1.409774 0.000000 0.861506 17404
other-vehicle -1 -1 nan nan nan nan nan 0.387353 0.211292 0.433316 -0.845965 -34.441599 -0.754271 0.000000 0.679252 17407
car -1 -1 nan nan nan nan nan 0.734969 0.368046 0.349705 -26.884884 30.643023 -1.827899 0.000000 0.803155 17411
car -1 -1 nan nan nan nan nan 0.675775 0.644211 0.641413 -26.361402 26.292034 -0.732461 0.000000 0.675566 17412
car -1 -1 nan nan nan nan nan 1.333166 3.664717 2.187283 -20.247635 21.102157 -1.459007 0.000000 0.916285 17414
motorcycle -1 -1 nan nan nan nan nan 0.209142 0.465147 0.464329 15.045205 -31.721486 -0.848862 0.000000 0.800044 17408
motorcycle -1 -1 nan nan nan nan nan 1.064518 0.626131 0.441791 15.634351 -24.664905 -0.583734 0.000000 0.843706 17410
motorcycle -1 -1 nan nan nan nan nan 0.921683 1.464127 2.448486 -27.150045 -24.739601 -0.781329 0.000000 0.678566 17417
person -1 -1 nan nan nan nan nan 1.388559 0.699089 0.469356 3.007104 -18.814056 -0.909603 0.000000 0.906896 17399
