car -1 -1 nan nan nan nan nan 1.374244 2.026516 4.022297 -22.833691 1.721090 -1.250291 0.000000 0.929213 16908
car -1 -1 nan nan nan nan nan 0.274957 0.316177 1.139992 13.198623 48.610603 -2.738285 0.000000 0.749316 16910
car -1 -1 nan nan nan nan nan 1.925730 4.491887 2.600142 2.943603 -13.146659 -0.363616 0.000000 0.920544 16911
car -1 -1 nan nan nan nan nan 1.584338 1.707980 2.177044 -37.705828 9.400682 -1.669594 0.000000 0.871633 16912
other-vehicle -1 -1 nan nan nan nan nan 0.662021 0.968639 1.192825 32.055634 -17.539465 -0.635994 0.000000 0.836285 16913
car -1 -1 nan nan nan nan nan 1.304504 3.557312 0.822914 -33.116856 0.506274 -1.249938 0.000000 0.678534 16914
car -1 -1 nan nan nan nan nan 1.488191 1.853531 1.822113 40.329533 -12.082964 -0.410221 0.000000 0.800632 16916
car -1 -1 nan nan nan nan nan 1.344802 1.596665 2.181103 -44.944006 10.158312 -1.504171 0.000000 0.813491 16919
car -1 -1 nan nan nan nan nan 0.704020 1.340671 1.052555 -38.788782 11.828065 -2.006789 0.000000 0.868235 16923
motorcycle -1 -1 nan nan nan nan nan 0.734047 0.360287 1.548820 20.029345 36.555922 -1.997756 0.000000 0.857196 16903
motorcycle -1 -1 nan nan nan nan nan 0.509052 0.241494 0.367901 38.479883 -1.002246 -0.351895 0.000000 0.619187 16909
person -1 -1 nan nan nan nan nan 1.456033 0.538821 0.486923 22.954096 -6.227717 -0.708444 0.000000 0.912718 16907
