car -1 -1 nan nan nan nan nan 1.207923 2.814030 2.288835 16.572158 19.630327 -0.589585 0.000000 0.816047 18750
car -1 -1 nan nan nan nan nan 0.585720 1.960529 1.028614 -44.291628 21.940008 -1.952440 0.000000 0.844560 18752
car -1 -1 nan nan nan nan nan 0.792120 0.372759 0.437737 34.402100 -27.492249 -0.529864 0.000000 0.496067 18753
car -1 -1 nan nan nan nan nan 1.690962 2.146536 3.624532 11.962464 -12.154872 -0.992344 0.000000 0.900715 18755
car -1 -1 nan nan nan nan nan 1.407814 3.110474 2.677829 -11.229069 -15.873817 -1.367440 0.000000 0.920878 18756
car -1 -1 nan nan nan nan nan 1.174884 1.098707 1.281382 24.197913 30.425906 -0.435927 0.000000 0.819254 18759
car -1 -1 nan nan nan nan nan 0.399806 0.807512 0.395897 -20.531809 -26.023166 -2.051516 0.000000 0.783470 18760
car -1 -1 nan nan nan nan nan 1.584377 2.337811 3.114079 22.381622 -20.004599 -0.985125 0.000000 0.925885 18761
car -1 -1 nan nan nan nan nan 1.447297 2.309632 4.070946 -7.246946 5.510031 -1.178916 0.000000 0.898154 18763
car -1 -1 nan nan nan nan nan 0.210847 0.387779 0.624324 -12.856999 -33.060486 -1.877613 0.000000 0.696237 18764
car -1 -1 nan nan nan nan nan 0.324926 0.600926 0.614494 22.024059 14.955464 -0.806075 0.000000 0.818863 18768
car -1 -1 nan nan nan nan nan 1.351729 3.325650 1.717218 16.009789 9.841362 -0.848917 0.000000 0.939257 18769
car -1 -1 nan nan nan nan nan 1.479854 2.900198 3.075841 -16.786972 -33.213819 -1.719935 0.000000 0.888942 18770
car -1 -1 nan nan nan nan nan 1.332433 4.169796 2.162118 12.740475 14.483982 -0.852748 0.000000 0.951519 18771
car -1 -1 nan nan nan nan nan 1.784555 2.659285 3.934139 30.718786 -25.227490 -0.737061 0.000000 0.833308 18772
car -1 -1 nan nan nan nan nan 0.464042 0.207294 0.318703 21.653627 29.917011 -0.078048 0.000000 0.492410 18773
car -1 -1 nan nan nan nan nan 1.247484 1.173164 0.873997 -20.538527 -38.065159 -1.806649 0.000000 0.715588 18775
motorcycle -1 -1 nan nan nan nan nan 0.625870 0.530598 0.545723 -36.430038 33.790323 -1.366002 0.000000 0.820449 18758
bicycle -1 -1 nan nan nan nan nan 0.290997 0.211734 0.340216 21.007356 9.287151 0.025171 0.000000 0.566359 18762
motorcycle -1 -1 nan nan nan nan nan 0.357992 0.202259 0.237709 3.750574 -8.287260 -1.553799 0.000000 0.581780 18766
