car -1 -1 nan nan nan nan nan 1.212646 1.698883 2.164177 -34.811562 -3.775421 -1.295059 0.000000 0.958357 17660
car -1 -1 nan nan nan nan nan 1.119955 0.602270 0.928989 -36.445433 -27.900046 -0.653269 0.000000 0.677713 17664
other-vehicle -1 -1 nan nan nan nan nan 0.468282 1.473797 1.627301 -5.262015 14.110189 -0.835505 0.000000 0.925929 17668
car -1 -1 nan nan nan nan nan 1.787264 2.912205 4.409033 -26.554627 0.999588 -1.251092 0.000000 0.932914 17670
car -1 -1 nan nan nan nan nan 0.868697 2.120163 1.328548 -44.347887 -8.054424 -1.329387 0.000000 0.701828 17671
car -1 -1 nan nan nan nan nan 1.343806 1.834497 2.383263 37.079575 5.252165 -0.767912 0.000000 0.815100 17672
car -1 -1 nan nan nan nan nan 0.817104 0.617596 1.038374 -21.002776 39.751150 -2.455128 0.000000 0.703214 17673
bicycle -1 -1 nan nan nan nan nan 0.461670 0.873366 0.539886 35.340164 -4.571171 -0.308929 0.000000 0.543676 17667
bicycle -1 -1 nan nan nan nan nan 0.225601 0.441281 0.395023 -35.274347 -9.416249 -0.807272 0.000000 0.871893 17674
person -1 -1 nan nan nan nan nan 0.810181 0.315053 0.553642 43.323326 10.240426 -0.542496 0.000000 0.924749 17661
