car -1 -1 nan nan nan nan nan 1.250921 2.488083 3.777103 -22.455355 -15.740517 -0.944855 0.000000 0.941152 17420
car -1 -1 nan nan nan nan nan 0.817408 1.996931 1.860973 39.646090 22.631091 -1.391494 0.000000 0.773855 17421
car -1 -1 nan nan nan nan nan 0.571176 2.793350 2.817912 -1.862980 13.333116 -0.580604 0.000000 0.905818 17424
car -1 -1 nan nan nan nan nan 1.349749 3.651701 2.062649 -19.817816 21.954497 -1.659801 0.000000 0.942065 17427
car -1 -1 nan nan nan nan nan 0.539622 0.398748 0.632412 -30.398840 30.473014 -1.263880 0.000000 0.483405 17432
car -1 -1 nan nan nan nan nan 0.710165 0.421278 0.654971 13.972433 -25.277205 -0.570603 0.000000 0.779546 17433
car -1 -1 nan nan nan nan nan 1.770974 3.872478 3.712745 8.271588 -37.203707 -0.575026 0.000000 0.905671 17435
car -1 -1 nan nan nan nan nan 0.727653 0.294914 0.384027 -26.079476 31.850172 -2.056644 0.000000 0.850633 17438
car -1 -1 nan nan nan nan nan 1.002292 1.501606 2.030443 -28.058471 29.339809 -1.656721 0.000000 0.887105 17439
other-vehicle -1 -1 nan nan nan nan nan 0.409350 0.279488 0.264748 -27.848627 -23.984268 -0.704091 0.000000 0.632416 17440
car -1 -1 nan nan nan nan nan 1.940853 3.334070 3.661551 -15.736705 -7.522460 -0.848685 0.000000 0.840275 17442
bicycle -1 -1 nan nan nan nan nan 0.796077 0.677578 0.728295 -1.977868 -32.998484 -0.883655 0.000000 0.826392 17428
person -1 -1 nan nan nan nan nan 1.368392 0.661507 0.486918 1.543333 -18.913517 -0.879195 0.000000 0.915227 17426
