car -1 -1 nan nan nan nan nan 1.679486 1.838314 4.130491 30.571362 -25.790388 -0.680100 0.000000 0.881975 17130
other-vehicle -1 -1 nan nan nan nan nan 0.358049 1.478356 1.021636 -3.101471 11.922358 -0.344782 0.000000 0.835130 17134
car -1 -1 nan nan nan nan nan 1.424743 3.091637 3.055082 -23.607198 10.541768 -1.480934 0.000000 0.947352 17136
car -1 -1 nan nan nan nan nan 1.973179 3.829151 3.702856 -5.615136 -12.727185 -0.788490 0.000000 0.932637 17141
car -1 -1 nan nan nan nan nan 0.875687 0.613115 0.809471 -38.643524 28.074889 -2.018948 0.000000 0.622174 17143
car -1 -1 nan nan nan nan nan 0.891089 1.359201 0.900242 -34.101141 12.900330 -1.377624 0.000000 0.824498 17144
car -1 -1 nan nan nan nan nan 0.517438 1.890087 1.185919 27.284104 41.223429 -1.090981 0.000000 0.865292 17147
car -1 -1 nan nan nan nan nan 1.215112 1.238382 2.130459 -34.846769 22.942889 -1.474157 0.000000 0.627750 17148
car -1 -1 nan nan nan nan nan 1.335256 3.261497 3.045940 -6.736089 -23.234728 -0.958543 0.000000 0.903803 17149
car -1 -1 nan nan nan nan nan 1.686925 1.894888 1.742893 -41.577726 26.702382 -1.637083 0.000000 0.756656 17152
car -1 -1 nan nan nan nan nan 0.237974 0.571632 1.075247 20.024766 40.480995 -0.840976 0.000000 0.858724 17155
motorcycle -1 -1 nan nan nan nan nan 0.628808 0.577286 1.009090 -1.867875 -26.195042 -0.642282 0.000000 0.869909 17135
bicyclist -1 -1 nan nan nan nan nan 0.529739 0.497910 0.847919 11.648544 27.115820 -0.665227 0.000000 0.858801 17138
bicycle -1 -1 nan nan nan nan nan 0.201709 0.538908 0.313208 24.066342 -29.066463 -0.665993 0.000000 0.644002 17145
motorcycle -1 -1 nan nan nan nan nan 0.212869 0.242016 0.374409 35.529749 -22.272820 -0.772153 0.000000 0.613405 17146
bicyclist -1 -1 nan nan nan nan nan 1.082573 0.958260 0.699053 19.234696 39.252369 -0.385990 0.000000 0.836890 17150
motorcycle -1 -1 nan nan nan nan nan 0.241708 0.784601 0.358978 32.275040 -19.896943 -0.890577 0.000000 0.573863 17151
bicycle -1 -1 nan nan nan nan nan 0.522195 0.992199 0.375313 -35.408680 25.869020 -1.954942 0.000000 0.881114 17153
person -1 -1 nan nan nan nan nan 1.507957 0.347568 0.427215 15.551259 -13.976633 -0.836737 0.000000 0.847552 17137
