car -1 -1 nan nan nan nan nan 1.626094 2.383649 3.597751 8.578974 -13.736584 -1.021006 0.000000 0.933784 18840
car -1 -1 nan nan nan nan nan 1.473181 3.196499 3.112458 -7.531326 6.707026 -1.203749 0.000000 0.925324 18846
car -1 -1 nan nan nan nan nan 1.545145 3.125925 2.784611 -14.824400 -14.253287 -1.514383 0.000000 0.924100 18847
car -1 -1 nan nan nan nan nan 1.526992 2.231228 3.143055 17.835314 -22.636288 -0.955125 0.000000 0.930004 18851
car -1 -1 nan nan nan nan nan 1.240729 2.855001 2.315634 -22.284093 -30.595410 -2.182140 0.000000 0.657786 18858
car -1 -1 nan nan nan nan nan 1.374763 3.999631 2.522646 13.083788 12.475852 -0.727366 0.000000 0.934591 18859
car -1 -1 nan nan nan nan nan 1.406019 3.223094 2.034865 15.634669 7.498705 -0.729242 0.000000 0.925748 18860
car -1 -1 nan nan nan nan nan 1.141303 2.732777 2.567785 17.546453 17.028126 -0.400225 0.000000 0.856277 18863
car -1 -1 nan nan nan nan nan 1.609959 2.853481 3.883272 25.395061 -29.061577 -0.666320 0.000000 0.928209 18864
car -1 -1 nan nan nan nan nan 1.100336 1.482819 1.250172 26.630209 26.685436 -0.224030 0.000000 0.735604 18866
motorcycle -1 -1 nan nan nan nan nan 0.499617 0.371181 0.623350 -22.303573 -35.593081 -2.152250 0.000000 0.625524 18853
bicyclist -1 -1 nan nan nan nan nan 0.239682 0.307730 0.687099 -38.182726 22.557263 -0.880668 0.000000 0.859765 18857
motorcycle -1 -1 nan nan nan nan nan 0.611119 0.552855 1.573109 23.098040 11.865032 -0.308946 0.000000 0.556376 18862
person -1 -1 nan nan nan nan nan 0.821997 0.541704 0.339093 15.146640 16.802783 -0.524197 0.000000 0.854029 18845
