car -1 -1 nan nan nan nan nan 1.558270 2.874959 2.581481 -10.007201 -16.179361 -1.349461 0.000000 0.866552 18716
car -1 -1 nan nan nan nan nan 1.183972 1.356512 1.562857 23.541331 31.431031 -0.451030 0.000000 0.830251 18717
car -1 -1 nan nan nan nan nan 1.668059 2.471653 3.661904 13.036856 -11.837013 -0.980634 0.000000 0.967719 18723
car -1 -1 nan nan nan nan nan 1.358270 3.040752 1.577148 15.923656 20.312321 -0.674678 0.000000 0.881156 18726
car -1 -1 nan nan nan nan nan 1.421970 1.893013 3.152180 23.786739 -18.847668 -0.910559 0.000000 0.879769 18727
car -1 -1 nan nan nan nan nan 0.428032 0.651310 0.364214 -18.813006 -26.799353 -2.031826 0.000000 0.800369 18728
car -1 -1 nan nan nan nan nan 0.580926 2.478432 1.348899 -11.168389 -34.398224 -1.959033 0.000000 0.563556 18733
car -1 -1 nan nan nan nan nan 1.448826 2.254273 4.127755 -7.014686 5.219303 -1.189254 0.000000 0.888362 18734
car -1 -1 nan nan nan nan nan 1.398869 4.144432 3.067808 -14.839461 -34.352249 -1.776846 0.000000 0.495112 18737
car -1 -1 nan nan nan nan nan 1.329065 3.409099 1.726281 16.112375 10.606854 -0.848728 0.000000 0.943256 18738
car -1 -1 nan nan nan nan nan 1.873265 2.597408 3.965965 32.388100 -23.798542 -0.597112 0.000000 0.902627 18739
car -1 -1 nan nan nan nan nan 1.365928 4.001695 1.819361 12.544572 14.977840 -0.881848 0.000000 0.949223 18741
car -1 -1 nan nan nan nan nan 0.637057 0.817317 1.056007 21.864353 15.857121 -0.821663 0.000000 0.821547 18746
motorcycle -1 -1 nan nan nan nan nan 0.329618 0.685347 0.844990 -44.670687 20.715676 -2.101529 0.000000 0.494078 18719
bicycle -1 -1 nan nan nan nan nan 0.881104 0.833242 0.624776 -15.526209 -0.730565 -1.407507 0.000000 0.726310 18725
motorcycle -1 -1 nan nan nan nan nan 0.440005 0.240470 0.655006 4.655961 -8.129665 -1.463096 0.000000 0.645373 18730
bicycle -1 -1 nan nan nan nan nan 0.287042 0.245790 0.558619 20.821408 11.172698 -1.000907 0.000000 0.710199 18736
person -1 -1 nan nan nan nan nan 0.291147 0.500755 0.457756 -18.049824 -38.361286 -2.076733 0.000000 0.754837 18722
