car -1 -1 nan nan nan nan nan 1.455574 1.580332 3.318035 -2.339021 -2.790170 -1.092088 0.000000 0.945288 19607
car -1 -1 nan nan nan nan nan 1.488927 1.618105 3.938499 19.632586 3.800312 -0.796175 0.000000 0.913406 19611
car -1 -1 nan nan nan nan nan 1.129546 0.798525 1.590359 -23.295559 -12.006411 -1.565430 0.000000 0.760392 19612
car -1 -1 nan nan nan nan nan 1.111027 0.322065 0.596771 35.847816 4.657403 -0.636799 0.000000 0.532163 19614
car -1 -1 nan nan nan nan nan 1.574671 1.704024 3.778924 5.325048 2.904252 -0.952301 0.000000 0.938630 19616
truck -1 -1 nan nan nan nan nan 1.304124 0.452256 3.564487 -42.197378 -4.657571 -0.755850 0.000000 0.470587 19618
car -1 -1 nan nan nan nan nan 0.460198 0.270228 0.441454 -7.327259 -7.068318 -0.802221 0.000000 0.743958 19619
car -1 -1 nan nan nan nan nan 1.350077 1.921176 4.434066 -0.650394 2.960910 -0.744150 0.000000 0.954997 19620
car -1 -1 nan nan nan nan nan 0.809012 0.384055 0.241936 41.261299 5.032434 -0.261721 0.000000 0.814355 19621
other-vehicle -1 -1 nan nan nan nan nan 1.543074 1.238179 1.847532 32.048203 4.880432 -0.463855 0.000000 0.818686 19622
car -1 -1 nan nan nan nan nan 1.485044 1.793220 3.640263 -40.491034 2.918561 -1.626109 0.000000 0.846277 19623
truck -1 -1 nan nan nan nan nan 1.053101 1.612132 1.360889 42.656038 0.839069 -0.651418 0.000000 0.776581 19624
bicycle -1 -1 nan nan nan nan nan 0.624821 0.757054 1.098144 9.429474 -5.997983 -1.091975 0.000000 0.752679 19615
person -1 -1 nan nan nan nan nan 0.775088 0.645055 1.187634 42.871840 -1.621639 -0.516867 0.000000 0.851516 19617
