car -1 -1 nan nan nan nan nan 1.474290 1.981739 4.468734 -4.153007 2.526581 -1.111289 0.000000 0.972639 19697
car -1 -1 nan nan nan nan nan 1.119130 2.704686 2.810261 -43.744452 3.397294 -2.007589 0.000000 0.843564 19699
car -1 -1 nan nan nan nan nan 1.687140 1.695187 4.073252 15.998147 3.815853 -0.861383 0.000000 0.889541 19700
car -1 -1 nan nan nan nan nan 1.196943 0.420084 1.133057 32.468468 4.689357 -0.654955 0.000000 0.814364 19702
car -1 -1 nan nan nan nan nan 0.731016 0.978063 1.317226 39.249212 -1.740123 -0.465500 0.000000 0.752401 19705
car -1 -1 nan nan nan nan nan 1.484313 1.695046 3.663598 1.690125 2.855349 -0.897403 0.000000 0.948683 19708
car -1 -1 nan nan nan nan nan 1.452006 1.734001 3.415196 -5.894583 -2.662277 -1.110038 0.000000 0.928828 19709
other-vehicle -1 -1 nan nan nan nan nan 1.487094 1.279204 2.513601 28.676841 4.901897 -0.581044 0.000000 0.883731 19711
car -1 -1 nan nan nan nan nan 0.966990 1.603103 1.345238 38.937305 0.880557 -0.579512 0.000000 0.780717 19713
car -1 -1 nan nan nan nan nan 0.463001 0.710043 0.704266 41.119276 -0.970062 -0.891490 0.000000 0.576285 19717
motorcycle -1 -1 nan nan nan nan nan 0.371875 0.619758 0.451193 -28.526544 -4.272551 -1.793867 0.000000 0.629582 19706
bicycle -1 -1 nan nan nan nan nan 0.572917 0.733399 0.765590 -7.440048 6.585472 -1.256710 0.000000 0.749761 19710
bicycle -1 -1 nan nan nan nan nan 0.398058 0.252652 0.569595 -11.165260 -5.961949 -0.803733 0.000000 0.721858 19718
person -1 -1 nan nan nan nan nan 0.539915 0.403166 0.542050 4.880387 -6.354354 -0.830784 0.000000 0.776763 19703
person -1 -1 nan nan nan nan nan 1.112042 0.586060 0.342232 37.591579 5.065365 -0.229435 0.000000 0.912388 19716
