car -1 -1 nan nan nan nan nan 1.394738 1.391955 3.693422 15.619563 1.737960 -0.809264 0.000000 0.966770 20400
car -1 -1 nan nan nan nan nan 1.636065 1.843865 4.512536 -15.139863 3.422477 -1.285518 0.000000 0.953524 20402
car -1 -1 nan nan nan nan nan 1.291536 1.294959 2.492437 31.255609 -3.686441 -0.678918 0.000000 0.877550 20403
car -1 -1 nan nan nan nan nan 1.502295 2.001902 3.451308 2.045313 2.819950 -0.994340 0.000000 0.936018 20405
other-vehicle -1 -1 nan nan nan nan nan 1.609869 2.179305 2.493477 -43.044952 -2.772134 -1.236474 0.000000 0.872467 20406
car -1 -1 nan nan nan nan nan 1.877567 1.860010 4.841574 8.545268 -2.482035 -0.706093 0.000000 0.925947 20408
car -1 -1 nan nan nan nan nan 1.087282 1.527045 3.906460 -37.667463 -0.352324 -1.997590 0.000000 0.895502 20409
car -1 -1 nan nan nan nan nan 1.341230 1.534530 3.280323 -29.490536 4.274833 -1.574286 0.000000 0.893819 20410
car -1 -1 nan nan nan nan nan 1.642741 1.763955 3.511707 21.935123 1.482971 -0.648031 0.000000 0.955647 20411
car -1 -1 nan nan nan nan nan 1.927849 2.314102 4.304886 7.876811 2.370013 -0.676009 0.000000 0.919936 20413
car -1 -1 nan nan nan nan nan 1.157235 0.288637 1.812531 -34.620750 3.944199 -1.707588 0.000000 0.914164 20414
car -1 -1 nan nan nan nan nan 1.415860 0.711985 2.284456 29.407248 0.659988 -0.729315 0.000000 0.844673 20415
other-vehicle -1 -1 nan nan nan nan nan 1.662359 1.573180 2.647728 -2.732496 2.801781 -0.849795 0.000000 0.861925 20416
car -1 -1 nan nan nan nan nan 1.548536 1.255956 3.358877 15.913093 -2.457958 -0.690775 0.000000 0.901792 20417
car -1 -1 nan nan nan nan nan 0.274380 0.996237 0.495525 -44.821390 8.109906 -1.628120 0.000000 0.720720 20418
other-vehicle -1 -1 nan nan nan nan nan 0.354366 0.514686 0.318911 -28.457673 7.338083 -0.705528 0.000000 0.735289 20420
bicycle -1 -1 nan nan nan nan nan 0.786198 1.533974 0.656960 -26.300631 -4.320532 -0.765029 0.000000 0.856928 20421
person -1 -1 nan nan nan nan nan 0.437674 0.762804 0.455605 -34.186295 8.491749 -0.036301 0.000000 0.817001 20407
person -1 -1 nan nan nan nan nan 0.777887 1.284235 0.741325 -40.786102 -3.460270 -1.530077 0.000000 0.856433 20419
