car -1 -1 nan nan nan nan nan 1.697974 2.046364 4.110322 -3.577448 2.520061 -0.967341 0.000000 0.919256 21323
car -1 -1 nan nan nan nan nan 1.387693 0.950497 2.654503 -40.484169 1.809144 -1.776673 0.000000 0.772450 21325
car -1 -1 nan nan nan nan nan 1.290799 4.830481 2.368904 21.969389 -6.531855 -0.614294 0.000000 0.967356 21326
other-vehicle -1 -1 nan nan nan nan nan 1.730171 0.701941 2.257374 -26.750038 -9.147383 -0.585419 0.000000 0.740545 21327
car -1 -1 nan nan nan nan nan 1.921782 2.115388 4.958971 -17.895610 2.397730 -1.137741 0.000000 0.958039 21329
car -1 -1 nan nan nan nan nan 1.210054 4.166687 1.749651 24.631806 6.691802 -0.439130 0.000000 0.951881 21330
other-vehicle -1 -1 nan nan nan nan nan 1.361416 0.838586 2.055853 -28.836493 1.966054 -1.384918 0.000000 0.822869 21331
car -1 -1 nan nan nan nan nan 1.501583 1.653408 3.228663 5.700740 -2.354103 -0.944025 0.000000 0.953261 21332
car -1 -1 nan nan nan nan nan 0.606086 0.285906 1.157585 32.896294 -4.024668 -0.779537 0.000000 0.681586 21333
car -1 -1 nan nan nan nan nan 0.752916 0.510836 0.496574 41.279564 -4.095156 -0.496085 0.000000 0.752577 21334
car -1 -1 nan nan nan nan nan 1.626093 1.951390 3.941967 -9.102346 -2.331613 -1.133868 0.000000 0.941182 21335
car -1 -1 nan nan nan nan nan 1.467195 1.629441 3.476842 3.759283 2.388053 -0.964524 0.000000 0.937545 21336
car -1 -1 nan nan nan nan nan 1.455800 1.772561 3.899132 -9.925002 2.400374 -1.189269 0.000000 0.953829 21340
car -1 -1 nan nan nan nan nan 0.855971 0.280908 0.269943 43.991741 -1.570985 -0.289427 0.000000 0.655903 21342
car -1 -1 nan nan nan nan nan 1.825066 1.649295 4.032078 -16.807432 -2.395974 -1.184168 0.000000 0.938370 21344
car -1 -1 nan nan nan nan nan 1.392408 1.667447 2.747971 33.178364 -2.274245 -0.539231 0.000000 0.860180 21346
car -1 -1 nan nan nan nan nan 1.611996 1.592476 1.067627 38.100964 2.617637 -0.214673 0.000000 0.758628 21347
car -1 -1 nan nan nan nan nan 1.353416 0.361718 3.717958 -24.164084 1.678574 -1.524538 0.000000 0.820764 21350
person -1 -1 nan nan nan nan nan 0.445147 0.483846 0.406776 39.871986 5.866075 0.108529 0.000000 0.758683 21345
