car -1 -1 nan nan nan nan nan 0.286360 1.075623 0.296886 42.951097 13.752030 -0.002468 0.000000 0.721281 19143
car -1 -1 nan nan nan nan nan 1.535469 2.377951 3.310232 -26.775062 -3.042845 -1.245911 0.000000 0.734269 19146
car -1 -1 nan nan nan nan nan 1.715384 3.491691 2.457287 -6.610275 -15.160252 -1.271551 0.000000 0.945004 19148
car -1 -1 nan nan nan nan nan 1.629373 3.915461 2.330290 -3.397622 -28.029235 -1.441750 0.000000 0.921240 19150
car -1 -1 nan nan nan nan nan 1.374203 1.511407 1.942104 30.793758 9.915488 -0.727546 0.000000 0.854006 19151
car -1 -1 nan nan nan nan nan 0.677913 0.660568 1.191086 -37.671497 3.768618 -1.577709 0.000000 0.682029 19152
car -1 -1 nan nan nan nan nan 1.448696 4.329257 2.274131 -9.358404 11.605287 -1.125772 0.000000 0.903909 19154
car -1 -1 nan nan nan nan nan 1.412999 1.988534 3.879481 11.476513 4.449832 -0.903424 0.000000 0.917328 19155
car -1 -1 nan nan nan nan nan 0.439927 1.339061 0.698235 39.773933 5.097252 -0.855978 0.000000 0.918496 19159
car -1 -1 nan nan nan nan nan 1.590267 1.604033 3.186333 17.488583 6.172560 -0.847556 0.000000 0.949872 19160
car -1 -1 nan nan nan nan nan 0.787904 1.558284 1.308540 -40.594772 -12.712979 -2.042507 0.000000 0.879328 19161
car -1 -1 nan nan nan nan nan 1.444029 2.273805 3.024886 11.005118 -0.751832 -0.997982 0.000000 0.962211 19164
car -1 -1 nan nan nan nan nan 1.844666 3.683819 2.769363 -0.397003 -36.865595 -1.435103 0.000000 0.941550 19165
truck -1 -1 nan nan nan nan nan 1.204806 0.317077 1.378727 -30.318758 -11.580875 -0.828074 0.000000 0.739992 19168
car -1 -1 nan nan nan nan nan 0.414720 0.289807 0.396618 -35.076178 4.125787 -1.372197 0.000000 0.647276 19170
bicycle -1 -1 nan nan nan nan nan 0.249993 0.340419 0.260731 20.058395 -0.880820 -0.567050 0.000000 0.710524 19147
bicycle -1 -1 nan nan nan nan nan 0.865404 1.016366 1.263180 -20.121986 12.472386 -1.271248 0.000000 0.880580 19149
motorcycle -1 -1 nan nan nan nan nan 0.551379 0.599589 0.655869 -10.118525 -6.839214 -1.551313 0.000000 0.708310 19158
person -1 -1 nan nan nan nan nan 1.470314 1.116772 0.938765 1.158913 -40.807062 -1.567369 0.000000 0.648695 19141
person -1 -1 nan nan nan nan nan 0.852068 0.471851 0.421429 -25.579786 -10.532415 -0.585526 0.000000 0.846956 19163
