car -1 -1 nan nan nan nan nan 1.428602 1.902456 3.147771 3.292594 -2.678114 -1.049016 0.000000 0.956304 19423
truck -1 -1 nan nan nan nan nan 1.539065 3.717390 0.764400 -48.223558 13.412341 1.151887 0.000000 0.879109 19424
other-vehicle -1 -1 nan nan nan nan nan 1.182610 0.442188 1.504196 -28.201996 29.560589 0.744525 0.000000 0.863861 19427
other-vehicle -1 -1 nan nan nan nan nan 0.955590 0.996920 1.980688 -3.737166 23.804412 -2.236129 0.000000 0.278885 19428
car -1 -1 nan nan nan nan nan 1.648470 3.601491 2.034437 -17.227153 -13.279461 -1.438474 0.000000 0.936685 19429
car -1 -1 nan nan nan nan nan 1.510912 1.659045 3.658981 25.459160 3.775787 -0.743121 0.000000 0.899855 19430
car -1 -1 nan nan nan nan nan 1.528727 1.706419 3.776524 -34.524916 3.060194 -1.445063 0.000000 0.818862 19431
car -1 -1 nan nan nan nan nan 0.590040 1.562629 0.684418 -49.700836 -3.555487 -2.050368 0.000000 0.576560 19432
car -1 -1 nan nan nan nan nan 1.296635 1.003583 1.487076 -14.182508 11.992420 -1.147811 0.000000 0.656961 19433
car -1 -1 nan nan nan nan nan 1.591935 1.176313 1.246460 37.769974 4.814694 -0.471736 0.000000 0.479605 19434
car -1 -1 nan nan nan nan nan 1.572765 1.657049 3.372922 11.144297 2.923252 -0.863129 0.000000 0.938149 19438
car -1 -1 nan nan nan nan nan 1.488798 1.757185 4.174793 5.070876 2.438577 -0.976276 0.000000 0.940176 19443
truck -1 -1 nan nan nan nan nan 1.062118 1.674471 0.307037 -44.271908 12.722192 0.394689 0.000000 0.858583 19445
car -1 -1 nan nan nan nan nan 0.887009 1.746294 1.157340 1.212545 -26.256963 -1.876981 0.000000 0.635156 19446
car -1 -1 nan nan nan nan nan 0.780413 0.367341 1.190201 -33.395897 6.268552 -1.261282 0.000000 0.621541 19448
car -1 -1 nan nan nan nan nan 1.438990 1.702007 1.229275 48.661684 0.865995 -0.360601 0.000000 0.805924 19449
car -1 -1 nan nan nan nan nan 0.887055 0.906473 1.252705 48.866964 -1.854419 -0.619237 0.000000 0.665160 19453
other-vehicle -1 -1 nan nan nan nan nan 0.318785 0.208772 1.752731 -35.480286 4.831395 -1.765303 0.000000 0.460331 19455
bicycle -1 -1 nan nan nan nan nan 0.524973 0.708519 0.287228 -25.031239 16.620804 -1.375257 0.000000 0.774918 19435
motorcycle -1 -1 nan nan nan nan nan 0.484019 0.702464 0.425203 -18.857343 -4.045019 -1.750591 0.000000 0.732005 19437
bicycle -1 -1 nan nan nan nan nan 0.868984 0.437750 0.664944 -0.684641 -6.771035 -1.167426 0.000000 0.820583 19441
bicycle -1 -1 nan nan nan nan nan 0.584986 0.447745 0.508526 32.425032 6.405284 -0.784562 0.000000 0.789704 19442
bicycle -1 -1 nan nan nan nan nan 0.558919 0.437885 0.451828 5.782642 -6.563833 -0.497647 0.000000 0.767484 19444
bicycle -1 -1 nan nan nan nan nan 0.671991 0.384791 0.352915 -0.539670 -5.818555 -1.241971 0.000000 0.651343 19456
