car -1 -1 nan nan nan nan nan 1.205713 1.798127 3.751824 -3.358159 2.326856 -0.942392 0.000000 0.953482 21070
car -1 -1 nan nan nan nan nan 1.347018 0.737091 1.024038 21.204587 -6.099274 -0.500875 0.000000 0.701761 21073
other-vehicle -1 -1 nan nan nan nan nan 1.566911 1.214276 2.703468 -22.457214 1.813305 -1.311819 0.000000 0.858224 21074
car -1 -1 nan nan nan nan nan 1.156067 2.760346 0.671280 30.799198 6.463837 -0.419400 0.000000 0.848881 21075
car -1 -1 nan nan nan nan nan 1.468989 1.652191 3.326115 10.401986 2.521307 -0.916556 0.000000 0.938843 21076
car -1 -1 nan nan nan nan nan 1.198020 1.796237 3.307110 40.203234 -1.721228 -0.453143 0.000000 0.513007 21078
car -1 -1 nan nan nan nan nan 0.768221 2.920375 1.266251 44.104332 6.812894 -0.035288 0.000000 0.767027 21079
car -1 -1 nan nan nan nan nan 1.581776 1.210582 3.525635 -34.128143 1.368191 -1.709986 0.000000 0.834908 21081
car -1 -1 nan nan nan nan nan 1.084240 3.534447 1.378769 29.088501 -5.552719 -0.564490 0.000000 0.934686 21082
car -1 -1 nan nan nan nan nan 1.742282 1.630908 3.958909 2.685545 2.346607 -0.859279 0.000000 0.860928 21084
car -1 -1 nan nan nan nan nan 1.434412 0.528774 3.368337 -17.138727 1.528377 -1.379989 0.000000 0.926948 21086
car -1 -1 nan nan nan nan nan 1.458953 1.760215 3.102374 12.449894 -2.229279 -0.862505 0.000000 0.950192 21087
car -1 -1 nan nan nan nan nan 1.184774 2.014098 3.780150 -2.425169 -2.466462 -0.795703 0.000000 0.911113 21088
car -1 -1 nan nan nan nan nan 1.909838 2.132234 4.794508 -11.016223 2.247914 -0.995649 0.000000 0.938019 21089
car -1 -1 nan nan nan nan nan 1.402008 1.546204 0.692417 44.663557 3.175420 -0.040595 0.000000 0.766283 21090
car -1 -1 nan nan nan nan nan 1.822429 1.832192 4.562849 -10.084954 -2.616247 -1.054348 0.000000 0.948194 21094
car -1 -1 nan nan nan nan nan 0.519034 0.476062 0.387440 46.536310 6.433847 0.096243 0.000000 0.773998 21096
car -1 -1 nan nan nan nan nan 0.955180 2.189288 3.370346 40.786324 -2.830874 -0.597776 0.000000 0.882872 21100
person -1 -1 nan nan nan nan nan 0.892987 0.500064 0.454218 28.346112 5.185674 -0.643018 0.000000 0.888630 21092
