car -1 -1 nan nan nan nan nan 1.501211 1.797373 4.056283 8.022663 2.647830 -0.957955 0.000000 0.941847 19317
car -1 -1 nan nan nan nan nan 1.512282 2.183405 1.633727 -12.713345 -25.981421 -1.628582 0.000000 0.954217 19321
truck -1 -1 nan nan nan nan nan 1.331463 0.996277 1.399380 -26.790211 -5.536806 -1.146411 0.000000 0.378144 19323
car -1 -1 nan nan nan nan nan 1.521254 1.549853 3.611109 28.554347 4.545594 -0.768720 0.000000 0.882645 19325
car -1 -1 nan nan nan nan nan 0.979550 0.503339 0.243622 -40.279606 8.195319 -1.411191 0.000000 0.485146 19326
car -1 -1 nan nan nan nan nan 1.701848 3.557096 2.000573 -13.647011 -13.680434 -1.385506 0.000000 0.944816 19328
car -1 -1 nan nan nan nan nan 1.475119 2.247597 1.777341 -11.435565 12.275992 -1.096922 0.000000 0.873338 19329
truck -1 -1 nan nan nan nan nan 1.283742 0.901527 1.561451 -33.316366 -5.812390 -0.440073 0.000000 0.752552 19332
car -1 -1 nan nan nan nan nan 0.593884 1.021697 0.435127 11.048498 -5.229406 -0.416920 0.000000 0.654388 19334
car -1 -1 nan nan nan nan nan 1.552261 1.506042 3.513729 14.244640 3.273087 -0.856974 0.000000 0.954645 19335
car -1 -1 nan nan nan nan nan 1.424840 1.912515 3.121658 6.472364 -2.546814 -1.047983 0.000000 0.944655 19336
car -1 -1 nan nan nan nan nan 0.983350 1.046195 0.329124 40.273693 6.071950 -0.154035 0.000000 0.696349 19338
car -1 -1 nan nan nan nan nan 1.558693 1.835673 3.674984 -31.228251 2.098430 -1.435707 0.000000 0.948149 19339
car -1 -1 nan nan nan nan nan 0.824457 1.620108 0.730579 -46.433313 -4.977928 -2.224597 0.000000 0.776006 19341
bicycle -1 -1 nan nan nan nan nan 0.344426 0.503569 1.341513 -21.831792 16.126979 -1.364576 0.000000 0.841739 19322
motorcycle -1 -1 nan nan nan nan nan 0.286919 0.490565 0.335147 -15.527631 -4.604143 -1.746413 0.000000 0.789995 19333
