car -1 -1 nan nan nan nan nan 1.602332 1.660235 3.468703 7.866708 2.916363 -0.898695 0.000000 0.938702 19534
car -1 -1 nan nan nan nan nan 0.613360 0.473094 0.561523 -46.796215 10.033738 -1.344160 0.000000 0.459793 19535
car -1 -1 nan nan nan nan nan 0.243032 0.617058 0.409283 47.331549 -1.012592 -0.908439 0.000000 0.636245 19536
car -1 -1 nan nan nan nan nan 1.545501 2.962896 1.870943 -20.542684 -13.032580 -1.348768 0.000000 0.941835 19537
car -1 -1 nan nan nan nan nan 0.380089 0.599412 1.464294 -17.468981 11.788915 -1.455300 0.000000 0.400155 19538
car -1 -1 nan nan nan nan nan 1.394899 1.792028 3.596680 -37.775375 2.996082 -1.478852 0.000000 0.892844 19543
car -1 -1 nan nan nan nan nan 1.624700 1.632101 3.919893 22.257045 3.767334 -0.780201 0.000000 0.933573 19546
car -1 -1 nan nan nan nan nan 1.170527 1.528033 3.141164 0.182470 -2.764392 -0.925443 0.000000 0.962501 19551
other-vehicle -1 -1 nan nan nan nan nan 1.479994 1.163182 1.775707 34.635542 4.781979 -0.425676 0.000000 0.842346 19553
car -1 -1 nan nan nan nan nan 0.401833 0.288412 0.577717 -36.659388 6.237002 -1.435814 0.000000 0.464765 19554
truck -1 -1 nan nan nan nan nan 1.610953 1.581152 1.563145 45.419950 0.877584 -0.456530 0.000000 0.752135 19555
car -1 -1 nan nan nan nan nan 1.496414 1.555235 4.605823 1.985153 2.533841 -1.010063 0.000000 0.939189 19556
car -1 -1 nan nan nan nan nan 1.083026 1.189115 1.224842 45.521936 -1.703655 -0.691419 0.000000 0.493525 19558
bicycle -1 -1 nan nan nan nan nan 1.129664 1.991703 1.620563 -4.413596 -6.434984 -1.141379 0.000000 0.888534 19540
motorcycle -1 -1 nan nan nan nan nan 0.703005 0.903101 0.435410 29.106199 -2.629756 -0.915361 0.000000 0.867898 19541
bicycle -1 -1 nan nan nan nan nan 0.237065 0.519840 0.878744 -28.113582 16.507767 -1.544190 0.000000 0.704933 19542
motorcycle -1 -1 nan nan nan nan nan 0.928962 0.242023 0.481815 38.538736 4.617440 -0.567111 0.000000 0.762805 19544
bicycle -1 -1 nan nan nan nan nan 0.687862 0.659159 1.228231 12.056783 -5.914083 -1.070250 0.000000 0.813265 19545
motorcycle -1 -1 nan nan nan nan nan 0.418559 0.705259 0.478403 -22.167466 -4.171565 -1.699112 0.000000 0.710858 19547
motorcyclist -1 -1 nan nan nan nan nan 1.068031 0.325008 0.227692 43.957779 4.923998 -0.187595 0.000000 0.864665 19549
