car -1 -1 nan nan nan nan nan 1.857419 3.719502 3.017427 0.489011 -11.012718 -0.321939 0.000000 0.862672 19968
car -1 -1 nan nan nan nan nan 1.299404 0.871960 3.268394 22.436949 3.795039 -0.746552 0.000000 0.912658 19970
car -1 -1 nan nan nan nan nan 1.493654 1.641729 3.672576 -9.076923 3.142766 -1.134118 0.000000 0.957231 19972
car -1 -1 nan nan nan nan nan 1.648525 1.739349 4.172915 5.027802 3.407451 -0.975158 0.000000 0.949860 19973
car -1 -1 nan nan nan nan nan 1.703802 1.858778 3.193693 28.773046 -0.490911 -0.364973 0.000000 0.891118 19976
car -1 -1 nan nan nan nan nan 0.994341 0.601251 0.261799 40.922045 4.375745 -0.157644 0.000000 0.693314 19978
car -1 -1 nan nan nan nan nan 1.356122 1.660354 4.674878 -15.188453 2.880667 -1.338012 0.000000 0.967122 19979
other-vehicle -1 -1 nan nan nan nan nan 1.797310 1.477390 2.341917 17.482163 4.028894 -0.635709 0.000000 0.907402 19981
car -1 -1 nan nan nan nan nan 1.674953 1.681037 3.841806 28.382220 4.248443 -0.344566 0.000000 0.907923 19982
car -1 -1 nan nan nan nan nan 1.412836 1.706122 3.739706 -16.814132 -2.154480 -1.278599 0.000000 0.948035 19983
truck -1 -1 nan nan nan nan nan 1.380314 2.276351 1.327785 44.379011 7.329684 1.041790 0.000000 0.823866 19984
car -1 -1 nan nan nan nan nan 1.306188 0.407477 1.212227 35.130051 4.027184 -0.499835 0.000000 0.800318 19985
car -1 -1 nan nan nan nan nan 0.500777 0.624243 1.946285 31.037252 -2.518497 -0.715703 0.000000 0.484444 19988
bicycle -1 -1 nan nan nan nan nan 0.860547 0.922622 1.061150 -22.317860 -4.808891 -1.227283 0.000000 0.823619 19971
