other-vehicle -1 -1 nan nan nan nan nan 1.705141 1.495486 2.309826 19.581678 4.319955 -0.677330 0.000000 0.906333 19925
car -1 -1 nan nan nan nan nan 0.287596 0.501112 1.722500 -43.735674 -3.143404 -1.088525 0.000000 0.769116 19926
car -1 -1 nan nan nan nan nan 0.455882 0.661178 0.704242 0.667534 10.058787 -0.870729 0.000000 0.618771 19929
car -1 -1 nan nan nan nan nan 1.794865 3.246390 2.012887 2.551314 -10.473192 -0.350474 0.000000 0.889183 19930
car -1 -1 nan nan nan nan nan 0.408019 0.255721 0.321222 32.063815 -1.816023 -0.835652 0.000000 0.478761 19931
car -1 -1 nan nan nan nan nan 1.545205 1.666610 3.734855 -7.033982 2.995888 -1.157925 0.000000 0.944597 19932
car -1 -1 nan nan nan nan nan 1.746041 1.727698 4.264375 7.106400 3.518542 -0.980974 0.000000 0.961606 19933
car -1 -1 nan nan nan nan nan 1.408114 1.785315 4.237161 -12.934765 2.762342 -1.271117 0.000000 0.957247 19936
car -1 -1 nan nan nan nan nan 1.580003 1.596319 3.810638 30.395939 4.649975 -0.484688 0.000000 0.833596 19938
car -1 -1 nan nan nan nan nan 1.386865 1.697876 3.132704 -14.968747 -2.352444 -1.192985 0.000000 0.934811 19939
car -1 -1 nan nan nan nan nan 1.297911 0.782172 3.111462 24.472836 4.098113 -0.779718 0.000000 0.840957 19940
car -1 -1 nan nan nan nan nan 1.460991 1.847986 3.043169 30.861007 -0.040957 -0.430364 0.000000 0.885650 19943
bicycle -1 -1 nan nan nan nan nan 0.806112 0.798666 0.851660 -20.321912 -5.413883 -1.281147 0.000000 0.765759 19934
motorcycle -1 -1 nan nan nan nan nan 0.409966 0.228751 0.257027 36.768337 4.481627 -0.776735 0.000000 0.665393 19935
motorcyclist -1 -1 nan nan nan nan nan 1.068969 0.355612 0.508442 42.990828 4.845708 -0.396266 0.000000 0.841353 19942
person -1 -1 nan nan nan nan nan 0.541870 0.328839 0.426958 -13.079382 -6.338910 -0.277790 0.000000 0.768716 19944
