car -1 -1 nan nan nan nan nan 1.401022 1.714263 3.266043 -13.852963 -2.476994 -1.156723 0.000000 0.921563 19900
other-vehicle -1 -1 nan nan nan nan nan 1.666973 1.454638 2.642607 20.738627 4.450717 -0.658087 0.000000 0.898289 19903
car -1 -1 nan nan nan nan nan 1.759254 2.442589 1.403125 3.982380 -10.300916 -0.324097 0.000000 0.831927 19904
car -1 -1 nan nan nan nan nan 1.722095 1.678738 4.150333 8.217599 3.574054 -0.975693 0.000000 0.962605 19907
other-vehicle -1 -1 nan nan nan nan nan 0.261925 0.508511 0.572979 -46.508986 -3.588019 -1.125808 0.000000 0.447954 19909
car -1 -1 nan nan nan nan nan 0.691012 0.230784 0.985550 38.089554 4.769765 -0.672738 0.000000 0.721696 19911
car -1 -1 nan nan nan nan nan 1.547695 1.652309 3.758615 -6.025326 2.963997 -1.148090 0.000000 0.936731 19913
car -1 -1 nan nan nan nan nan 1.474995 1.612495 3.542461 31.285696 4.879228 -0.429870 0.000000 0.930934 19914
car -1 -1 nan nan nan nan nan 1.363031 0.755310 2.812172 25.393942 4.271852 -0.824992 0.000000 0.904643 19915
car -1 -1 nan nan nan nan nan 1.398463 1.918258 4.449367 -12.010350 2.733714 -1.279882 0.000000 0.960882 19916
car -1 -1 nan nan nan nan nan 0.904325 0.419349 1.171371 -49.512592 -3.651404 -1.257864 0.000000 0.595578 19917
car -1 -1 nan nan nan nan nan 0.848379 0.494383 1.777424 -42.585657 -3.463590 -1.289847 0.000000 0.576255 19919
car -1 -1 nan nan nan nan nan 1.509225 1.799218 1.390886 30.978883 0.141360 -0.450498 0.000000 0.719693 19920
car -1 -1 nan nan nan nan nan 1.074058 0.629410 0.960464 44.470200 5.398636 -0.187103 0.000000 0.709001 19924
motorcycle -1 -1 nan nan nan nan nan 0.216602 0.628816 0.323757 -36.582045 -3.528801 -1.975219 0.000000 0.669245 19905
bicycle -1 -1 nan nan nan nan nan 0.917349 0.579870 1.714514 -19.111125 -5.440313 -1.149801 0.000000 0.806041 19912
