car -1 -1 nan nan nan nan nan 1.602648 1.896016 4.036571 -10.740920 -2.286400 -1.128411 0.000000 0.922572 21384
car -1 -1 nan nan nan nan nan 1.324108 4.730519 1.546404 20.579486 -6.583821 -0.744877 0.000000 0.943633 21386
car -1 -1 nan nan nan nan nan 0.481856 0.845700 1.228386 -41.506481 1.966929 -2.035970 0.000000 0.717824 21387
other-vehicle -1 -1 nan nan nan nan nan 1.282466 0.427320 0.894562 -28.495377 -9.197756 -0.357110 0.000000 0.633876 21388
car -1 -1 nan nan nan nan nan 1.506844 1.794532 3.247915 4.055990 -2.388665 -0.979437 0.000000 0.955918 21389
car -1 -1 nan nan nan nan nan 1.385774 4.371613 1.151823 22.709289 6.723261 -0.526249 0.000000 0.942539 21390
car -1 -1 nan nan nan nan nan 0.484798 0.630795 0.350079 39.546900 -4.224079 -0.592859 0.000000 0.829634 21391
car -1 -1 nan nan nan nan nan 1.022145 0.224001 2.199518 -25.292090 1.701690 -1.530291 0.000000 0.802514 21392
car -1 -1 nan nan nan nan nan 1.299395 1.599453 3.589720 31.704446 -2.293222 -0.684659 0.000000 0.916561 21396
car -1 -1 nan nan nan nan nan 1.787189 1.872898 4.047017 -5.205267 2.434319 -0.946114 0.000000 0.958050 21397
car -1 -1 nan nan nan nan nan 1.883042 2.108420 5.115953 -19.682361 2.466778 -1.112100 0.000000 0.958204 21399
car -1 -1 nan nan nan nan nan 1.424807 0.703982 2.205812 -30.540435 2.050635 -1.291169 0.000000 0.643349 21400
car -1 -1 nan nan nan nan nan 1.507153 1.570555 3.526623 2.195007 2.402607 -1.010662 0.000000 0.940252 21401
car -1 -1 nan nan nan nan nan 1.516935 1.583253 3.906320 -11.698995 2.341114 -1.146308 0.000000 0.937115 21402
car -1 -1 nan nan nan nan nan 1.729060 1.608177 4.165899 -18.452104 -2.337657 -1.092771 0.000000 0.918477 21405
other-vehicle -1 -1 nan nan nan nan nan 1.306041 1.247573 0.446373 42.548302 -2.283230 -0.511359 0.000000 0.675277 21407
car -1 -1 nan nan nan nan nan 1.297446 1.499499 0.794819 36.359301 2.428180 -0.328368 0.000000 0.659654 21409
bicycle -1 -1 nan nan nan nan nan 0.985101 0.455680 1.597622 -12.696304 8.827763 -1.193006 0.000000 0.831383 21393
person -1 -1 nan nan nan nan nan 0.435106 0.337894 0.410404 12.962432 -6.154932 -0.721517 0.000000 0.648785 21398
