car -1 -1 nan nan nan nan nan 1.517580 1.533941 4.802013 -30.676138 1.647610 -1.691478 0.000000 0.891967 20926
car -1 -1 nan nan nan nan nan 1.415737 1.452864 3.459856 14.674661 2.393453 -0.863670 0.000000 0.962245 20927
car -1 -1 nan nan nan nan nan 1.435818 0.928158 3.441760 -12.936710 1.834008 -1.302443 0.000000 0.930734 20928
car -1 -1 nan nan nan nan nan 1.040646 2.187316 0.970112 35.159018 5.863597 -0.203001 0.000000 0.854024 20929
car -1 -1 nan nan nan nan nan 0.535122 0.546336 0.418556 43.457554 -4.007479 -0.669385 0.000000 0.767410 20931
car -1 -1 nan nan nan nan nan 1.726665 1.956983 3.945690 6.806954 2.490400 -0.821332 0.000000 0.947764 20932
car -1 -1 nan nan nan nan nan 1.223400 1.203743 2.237793 -44.409000 1.548382 -1.811274 0.000000 0.475420 20934
other-vehicle -1 -1 nan nan nan nan nan 1.675617 1.248442 2.711884 -18.339977 2.032272 -1.215666 0.000000 0.922382 20936
car -1 -1 nan nan nan nan nan 1.129056 1.153461 3.772231 0.625540 2.577222 -0.839710 0.000000 0.929702 20937
car -1 -1 nan nan nan nan nan 1.432294 1.622976 2.951289 16.514763 -2.368446 -0.843305 0.000000 0.941858 20938
car -1 -1 nan nan nan nan nan 1.843643 2.291885 5.162366 -6.150816 -2.762393 -1.005558 0.000000 0.953013 20939
car -1 -1 nan nan nan nan nan 1.242498 3.176907 1.337799 33.139290 -5.951139 -0.464635 0.000000 0.845421 20941
car -1 -1 nan nan nan nan nan 0.554685 1.280782 1.884777 44.892660 5.854611 -0.144073 0.000000 0.490579 20942
car -1 -1 nan nan nan nan nan 1.182933 1.524944 0.306286 48.740042 2.710680 0.109910 0.000000 0.835351 20943
car -1 -1 nan nan nan nan nan 1.065774 1.408871 0.632236 43.061724 -2.096299 -0.393464 0.000000 0.696470 20945
car -1 -1 nan nan nan nan nan 1.309532 1.763213 3.622919 1.318637 -2.425445 -0.802461 0.000000 0.945711 20946
car -1 -1 nan nan nan nan nan 1.967451 3.282200 4.780167 -6.825911 1.722826 -0.939372 0.000000 0.972012 20948
bicycle -1 -1 nan nan nan nan nan 0.363020 0.235139 0.520552 28.922406 -5.761019 -0.383839 0.000000 0.754113 20925
motorcycle -1 -1 nan nan nan nan nan 0.556159 0.505445 1.715721 -41.440262 -6.136194 -1.714184 0.000000 0.825723 20930
motorcycle -1 -1 nan nan nan nan nan 0.466909 0.489289 0.380907 -2.540738 -6.182797 -0.995141 0.000000 0.787502 20940
