car -1 -1 nan nan nan nan nan 1.403772 0.651808 0.895030 -14.169790 -25.115285 -1.616008 0.000000 0.739950 19342
car -1 -1 nan nan nan nan nan 0.623945 0.378202 0.249573 49.542336 5.773129 -0.181518 0.000000 0.830517 19343
car -1 -1 nan nan nan nan nan 0.602242 1.507477 0.750275 -47.136909 -4.371972 -2.169345 0.000000 0.710962 19345
car -1 -1 nan nan nan nan nan 1.591113 1.505899 3.450653 13.495211 3.088894 -0.864067 0.000000 0.942252 19346
car -1 -1 nan nan nan nan nan 1.464455 3.055148 1.912857 -12.058545 12.786694 -1.117064 0.000000 0.818444 19347
car -1 -1 nan nan nan nan nan 1.653760 1.588812 1.039681 1.744564 -21.000978 -1.406082 0.000000 0.598686 19352
car -1 -1 nan nan nan nan nan 1.431195 1.242402 1.031109 39.876123 5.542634 -0.381181 0.000000 0.740876 19356
car -1 -1 nan nan nan nan nan 1.728148 3.746870 2.104670 -14.578625 -13.583184 -1.425078 0.000000 0.960209 19357
car -1 -1 nan nan nan nan nan 1.452818 2.014525 3.057049 5.705200 -2.674589 -1.039686 0.000000 0.924668 19358
car -1 -1 nan nan nan nan nan 0.239971 0.209547 0.360516 34.818033 -1.718292 -1.026466 0.000000 0.448451 19360
car -1 -1 nan nan nan nan nan 1.486036 1.634911 4.206659 7.332027 2.506758 -0.965927 0.000000 0.922958 19361
car -1 -1 nan nan nan nan nan 0.969155 0.267971 0.535225 4.859874 -31.678808 -1.306712 0.000000 0.491615 19363
car -1 -1 nan nan nan nan nan 1.461192 1.510827 3.696692 27.890559 4.210974 -0.733584 0.000000 0.923855 19365
car -1 -1 nan nan nan nan nan 1.412244 1.853872 3.583372 -31.947434 2.530604 -1.543238 0.000000 0.920451 19366
motorcycle -1 -1 nan nan nan nan nan 0.636883 0.708963 0.664299 -16.376400 -4.394005 -1.699579 0.000000 0.893022 19350
bicycle -1 -1 nan nan nan nan nan 0.863346 0.607169 1.551245 -22.311702 16.279646 -1.320339 0.000000 0.856059 19354
person -1 -1 nan nan nan nan nan 0.434990 0.248476 0.338783 24.587374 6.092603 0.069714 0.000000 0.733935 19355
