car -1 -1 nan nan nan nan nan 1.877576 2.112913 4.365028 10.761777 2.341369 -0.583433 0.000000 0.944867 20328
car -1 -1 nan nan nan nan nan 0.275116 0.260081 0.451450 -44.417677 11.043157 -1.219976 0.000000 0.638909 20329
car -1 -1 nan nan nan nan nan 1.023834 0.574965 1.303097 33.453627 -3.274301 -0.359233 0.000000 0.766754 20330
car -1 -1 nan nan nan nan nan 1.611915 1.929848 4.460507 -12.253489 3.428284 -1.270054 0.000000 0.942466 20331
car -1 -1 nan nan nan nan nan 1.561508 1.771877 3.219437 24.567780 1.523901 -0.496745 0.000000 0.906552 20334
car -1 -1 nan nan nan nan nan 1.121351 2.561866 3.015057 -34.409426 -0.895266 -1.829955 0.000000 0.755417 20335
car -1 -1 nan nan nan nan nan 1.520709 0.982893 1.696533 17.965654 -2.296357 -0.583746 0.000000 0.770832 20336
car -1 -1 nan nan nan nan nan 1.540613 1.826122 3.469829 4.789278 2.733969 -0.969890 0.000000 0.945536 20337
car -1 -1 nan nan nan nan nan 1.831858 1.854962 4.518949 11.236638 -2.462401 -0.602783 0.000000 0.937230 20338
car -1 -1 nan nan nan nan nan 1.262635 0.465744 3.892143 -32.620464 3.970513 -1.772961 0.000000 0.920752 20339
other-vehicle -1 -1 nan nan nan nan nan 1.475284 1.265892 2.665644 0.124225 2.835902 -0.724362 0.000000 0.815234 20340
car -1 -1 nan nan nan nan nan 1.352428 0.697950 1.996420 32.047799 0.771950 -0.518385 0.000000 0.716440 20341
car -1 -1 nan nan nan nan nan 1.352564 1.130918 3.351583 18.238645 1.703396 -0.715837 0.000000 0.956634 20342
car -1 -1 nan nan nan nan nan 1.373947 1.603237 3.406389 -26.626245 4.277181 -1.581893 0.000000 0.937177 20344
car -1 -1 nan nan nan nan nan 0.759503 2.455256 0.834969 -41.545044 9.422230 -1.653612 0.000000 0.840098 20346
