car -1 -1 nan nan nan nan nan 1.402207 1.571072 2.801985 -32.444280 -2.994957 -1.753251 0.000000 0.858965 22549
car -1 -1 nan nan nan nan nan 0.571854 0.740008 0.961475 23.060534 -5.851202 -0.266048 0.000000 0.763534 22553
car -1 -1 nan nan nan nan nan 1.470125 1.777833 3.846122 5.118780 2.507697 -0.967553 0.000000 0.959830 22554
car -1 -1 nan nan nan nan nan 0.482146 1.002163 0.641127 -16.079041 -8.131757 -1.351359 0.000000 0.740266 22555
car -1 -1 nan nan nan nan nan 0.553052 0.596048 0.222351 -46.697418 -2.810309 -2.377406 0.000000 0.614058 22557
car -1 -1 nan nan nan nan nan 1.534988 1.853375 4.060405 -5.151894 -2.460311 -1.191159 0.000000 0.943546 22559
car -1 -1 nan nan nan nan nan 1.404622 1.684014 3.225095 14.759668 -2.173032 -0.877181 0.000000 0.934363 22560
car -1 -1 nan nan nan nan nan 1.376394 1.564990 4.225498 10.853393 2.344500 -0.906264 0.000000 0.960003 22564
car -1 -1 nan nan nan nan nan 1.385995 1.383342 3.898274 0.201483 2.692033 -0.599631 0.000000 0.931731 22565
car -1 -1 nan nan nan nan nan 1.157011 1.601720 3.115025 -35.055044 1.927566 -1.761354 0.000000 0.839097 22566
car -1 -1 nan nan nan nan nan 1.489874 1.712776 4.056316 6.218287 -2.319325 -0.956441 0.000000 0.896879 22568
car -1 -1 nan nan nan nan nan 0.567134 0.750140 0.483967 -44.811357 -7.071922 -1.216763 0.000000 0.816560 22569
car -1 -1 nan nan nan nan nan 0.451008 0.301075 0.497810 -38.478104 -4.956727 -1.475609 0.000000 0.638350 22571
car -1 -1 nan nan nan nan nan 1.091273 0.937045 1.534914 -16.694905 -4.961768 -1.198950 0.000000 0.806862 22573
other-vehicle -1 -1 nan nan nan nan nan 1.385387 1.752088 1.516136 43.934669 5.454281 -0.027479 0.000000 0.779808 22575
car -1 -1 nan nan nan nan nan 1.446300 4.253667 1.898640 -14.386558 6.346757 -1.202461 0.000000 0.941235 22581
bicycle -1 -1 nan nan nan nan nan 0.890568 1.545256 1.708007 -11.122573 7.958571 -1.328602 0.000000 0.867767 22552
motorcycle -1 -1 nan nan nan nan nan 0.261845 0.429018 0.273312 36.853441 -4.043700 -0.444512 0.000000 0.763103 22558
motorcycle -1 -1 nan nan nan nan nan 0.327683 0.200999 0.280769 -24.373932 -6.593154 -1.371343 0.000000 0.779159 22561
motorcycle -1 -1 nan nan nan nan nan 0.531077 0.482192 0.465277 -30.488971 -4.855145 -1.793542 0.000000 0.852359 22574
bicyclist -1 -1 nan nan nan nan nan 0.838217 0.961039 0.809780 34.439360 -4.526711 -0.103646 0.000000 0.886656 22577
