car -1 -1 nan nan nan nan nan 1.361229 1.974621 3.444971 -7.058967 -2.588899 -1.238980 0.000000 0.924806 23107
car -1 -1 nan nan nan nan nan 1.116067 4.110696 0.771049 45.800915 5.257150 -0.206240 0.000000 0.901598 23108
car -1 -1 nan nan nan nan nan 0.711802 1.358470 0.497269 -38.461693 -6.527544 -1.411426 0.000000 0.707408 23109
car -1 -1 nan nan nan nan nan 0.477708 0.440303 0.402641 -19.939995 -4.231909 -1.461818 0.000000 0.679867 23112
car -1 -1 nan nan nan nan nan 1.079522 2.761734 0.637558 -35.876709 6.970777 -1.490584 0.000000 0.897309 23113
truck -1 -1 nan nan nan nan nan 0.760008 1.925884 3.298752 40.209469 -3.049816 -0.727628 0.000000 0.866284 23115
car -1 -1 nan nan nan nan nan 1.376639 1.374574 3.262341 -27.004021 -1.909831 -1.562530 0.000000 0.896594 23116
car -1 -1 nan nan nan nan nan 1.421682 1.519841 4.049286 -16.908293 2.488731 -1.332275 0.000000 0.945189 23117
car -1 -1 nan nan nan nan nan 0.963025 1.814908 3.326645 39.984539 4.928205 -0.590765 0.000000 0.875095 23119
car -1 -1 nan nan nan nan nan 1.396682 1.976151 3.945387 -10.436939 2.449672 -1.239669 0.000000 0.932057 23120
car -1 -1 nan nan nan nan nan 1.795682 1.662558 3.781902 -21.757788 2.381146 -1.260633 0.000000 0.960840 23121
car -1 -1 nan nan nan nan nan 1.422490 1.657602 3.977918 -15.289915 -2.291793 -1.312963 0.000000 0.955699 23122
car -1 -1 nan nan nan nan nan 0.242720 0.492252 0.382038 -36.909472 -6.004211 -1.359635 0.000000 0.527728 23124
bicycle -1 -1 nan nan nan nan nan 0.690979 0.427042 1.569559 6.015344 -4.126359 -0.931467 0.000000 0.623436 23111
bicycle -1 -1 nan nan nan nan nan 0.646107 0.682963 0.334360 2.709318 5.523546 -0.892520 0.000000 0.715127 23114
bicycle -1 -1 nan nan nan nan nan 0.549208 0.578967 1.406296 -23.971174 6.158265 -1.034010 0.000000 0.786176 23123
