car -1 -1 nan nan nan nan nan 1.394071 1.799740 4.204868 -6.221131 2.352895 -1.141823 0.000000 0.955927 23007
car -1 -1 nan nan nan nan nan 1.211972 2.292610 0.236355 49.888136 4.547722 -0.241182 0.000000 0.811675 23008
car -1 -1 nan nan nan nan nan 0.909905 1.504793 0.603146 -49.915026 -1.966981 -1.868839 0.000000 0.721165 23009
car -1 -1 nan nan nan nan nan 0.959921 2.624273 0.688139 -31.475986 7.301608 -1.297060 0.000000 0.821377 23010
other-vehicle -1 -1 nan nan nan nan nan 1.059007 0.390814 0.707607 -20.387150 -7.325994 -0.900190 0.000000 0.619806 23012
car -1 -1 nan nan nan nan nan 0.643914 1.886581 0.553223 -34.077747 -6.917484 -1.242541 0.000000 0.768302 23013
truck -1 -1 nan nan nan nan nan 0.550948 1.717708 3.289829 44.627256 -2.826518 -0.684378 0.000000 0.849051 23016
car -1 -1 nan nan nan nan nan 1.473070 1.756198 4.083704 -10.975563 -2.318185 -1.210786 0.000000 0.922162 23018
car -1 -1 nan nan nan nan nan 0.492986 1.281784 0.972305 43.190853 4.943160 -0.947689 0.000000 0.695784 23019
car -1 -1 nan nan nan nan nan 1.797996 1.675762 3.762895 -17.310813 2.375886 -1.146187 0.000000 0.958137 23020
car -1 -1 nan nan nan nan nan 1.361097 1.817082 4.073112 -22.588905 -2.103915 -1.398553 0.000000 0.950370 23021
car -1 -1 nan nan nan nan nan 1.376161 1.766680 3.603248 -12.098558 2.577601 -1.186579 0.000000 0.949655 23022
car -1 -1 nan nan nan nan nan 1.105832 1.634351 3.165430 -2.638538 -2.400130 -0.991004 0.000000 0.924290 23023
bicycle -1 -1 nan nan nan nan nan 0.559011 0.358951 1.460570 10.412032 -4.173864 -0.997056 0.000000 0.865283 23011
bicycle -1 -1 nan nan nan nan nan 0.745996 0.573943 0.428672 7.112589 5.663250 -0.947604 0.000000 0.799436 23015
