car -1 -1 nan nan nan nan nan 1.011982 1.099307 2.260813 -1.174539 -2.550536 -0.831349 0.000000 0.939565 22963
truck -1 -1 nan nan nan nan nan 0.810000 1.621575 2.290016 45.816353 -2.861249 -0.557617 0.000000 0.879630 22965
car -1 -1 nan nan nan nan nan 1.396162 1.685050 4.458961 -20.867750 -2.215777 -1.489637 0.000000 0.942328 22969
car -1 -1 nan nan nan nan nan 1.439221 1.879409 3.746261 -10.398158 2.611026 -1.236618 0.000000 0.940636 22970
car -1 -1 nan nan nan nan nan 0.712280 2.262636 0.570784 -29.758233 7.265015 -1.287573 0.000000 0.866615 22971
car -1 -1 nan nan nan nan nan 1.390419 1.675992 4.280816 -4.625678 2.302444 -1.150192 0.000000 0.949822 22973
car -1 -1 nan nan nan nan nan 1.737022 1.716981 4.089614 -15.726101 2.384316 -1.143599 0.000000 0.952051 22974
car -1 -1 nan nan nan nan nan 1.443643 1.869313 4.155234 -9.209607 -2.391848 -1.179914 0.000000 0.937444 22975
car -1 -1 nan nan nan nan nan 0.613997 1.256176 0.301044 -32.225164 -7.323367 -1.433713 0.000000 0.757390 22979
car -1 -1 nan nan nan nan nan 1.231625 1.790720 1.238873 -48.312033 -2.152812 -2.040507 0.000000 0.877701 22980
bicycle -1 -1 nan nan nan nan nan 0.504866 0.675902 0.222209 8.704304 5.607056 -0.776043 0.000000 0.813266 22968
