car -1 -1 nan nan nan nan nan 1.466059 1.831908 3.754824 -9.027868 2.386799 -1.115859 0.000000 0.950047 21761
car -1 -1 nan nan nan nan nan 0.945127 0.404059 1.854218 40.463409 -1.993296 -0.592747 0.000000 0.623373 21762
car -1 -1 nan nan nan nan nan 1.676871 0.222200 2.884281 -42.538595 1.903044 -1.504759 0.000000 0.639113 21763
car -1 -1 nan nan nan nan nan 1.460769 4.363403 1.855694 11.473668 6.556217 -0.627614 0.000000 0.963480 21764
car -1 -1 nan nan nan nan nan 1.698372 1.633230 3.478983 26.218301 2.162807 -0.388897 0.000000 0.918686 21765
car -1 -1 nan nan nan nan nan 1.497921 1.766875 4.020716 -22.115407 -2.281119 -1.298424 0.000000 0.918272 21766
car -1 -1 nan nan nan nan nan 1.457133 4.179267 1.693802 8.945769 -6.385105 -0.861927 0.000000 0.941037 21767
car -1 -1 nan nan nan nan nan 1.729481 1.698141 4.896650 -31.140145 2.286274 -1.255986 0.000000 0.899702 21769
car -1 -1 nan nan nan nan nan 1.719172 1.773323 4.789563 -17.095170 2.380714 -1.098860 0.000000 0.950834 21771
car -1 -1 nan nan nan nan nan 1.382350 1.723233 3.784348 20.197628 -2.541853 -0.757054 0.000000 0.946994 21772
car -1 -1 nan nan nan nan nan 1.522385 1.830894 3.408111 -7.119895 -2.517981 -1.133754 0.000000 0.930977 21774
other-vehicle -1 -1 nan nan nan nan nan 1.498388 0.545001 3.293516 -29.833980 -1.801778 -1.217272 0.000000 0.838154 21776
car -1 -1 nan nan nan nan nan 1.375354 0.586359 2.990675 -22.886096 1.873342 -1.347084 0.000000 0.872043 21777
car -1 -1 nan nan nan nan nan 1.098813 0.742106 2.569862 36.657589 1.751258 -0.401103 0.000000 0.801781 21780
car -1 -1 nan nan nan nan nan 1.153119 1.433200 2.888763 31.847328 -2.437854 -0.614766 0.000000 0.778957 21781
