car -1 -1 nan nan nan nan nan 1.832525 1.830009 4.659201 -29.144450 2.371721 -1.321502 0.000000 0.962450 21701
car -1 -1 nan nan nan nan nan 1.483974 4.185674 1.702171 10.950761 -6.399418 -0.846113 0.000000 0.952237 21703
car -1 -1 nan nan nan nan nan 1.639741 1.750855 3.551901 28.004439 2.120322 -0.336574 0.000000 0.890206 21704
car -1 -1 nan nan nan nan nan 1.840912 1.876013 3.766506 -7.208071 2.403201 -0.952675 0.000000 0.928589 21705
car -1 -1 nan nan nan nan nan 1.371013 4.316650 1.627602 13.279778 6.524909 -0.589685 0.000000 0.942872 21707
car -1 -1 nan nan nan nan nan 0.668763 0.297259 2.080494 -40.124548 2.057850 -1.224262 0.000000 0.582978 21708
car -1 -1 nan nan nan nan nan 1.419916 1.866125 4.347292 -19.992425 -2.284104 -1.292522 0.000000 0.915097 21709
car -1 -1 nan nan nan nan nan 1.157120 0.561950 1.101562 37.772957 1.671865 -0.431152 0.000000 0.646948 21710
car -1 -1 nan nan nan nan nan 1.406106 1.698856 3.854219 22.076966 -2.558278 -0.668434 0.000000 0.931261 21712
car -1 -1 nan nan nan nan nan 1.692919 1.756874 4.168071 -14.803338 2.383203 -1.129975 0.000000 0.948474 21713
car -1 -1 nan nan nan nan nan 1.232951 1.375880 1.672020 33.107388 -2.480796 -0.461868 0.000000 0.733980 21716
car -1 -1 nan nan nan nan nan 1.534674 1.912124 3.497546 -5.373725 -2.539965 -1.123401 0.000000 0.905517 21718
car -1 -1 nan nan nan nan nan 1.368029 0.809993 3.186077 -21.033695 1.977250 -1.329452 0.000000 0.946951 21719
car -1 -1 nan nan nan nan nan 1.428214 1.392981 4.331337 -27.740545 -2.222434 -1.225534 0.000000 0.822031 21730
person -1 -1 nan nan nan nan nan 0.921927 0.547941 0.203804 -37.888477 -8.408658 -1.039805 0.000000 0.879002 21706
person -1 -1 nan nan nan nan nan 0.652002 0.486979 0.630861 -26.643655 -7.321912 -1.177806 0.000000 0.463782 21711
person -1 -1 nan nan nan nan nan 0.717002 0.391971 0.303114 28.603879 5.367547 -0.196395 0.000000 0.850574 21723
