car -1 -1 nan nan nan nan nan 1.495868 2.101712 1.826417 -10.366150 -5.480106 -1.176378 0.000000 0.903963 22352
other-vehicle -1 -1 nan nan nan nan nan 0.975021 0.555023 0.381260 49.815714 4.779768 -0.360641 0.000000 0.769563 22353
car -1 -1 nan nan nan nan nan 0.591370 0.270284 0.400513 -48.849712 1.052500 -1.588015 0.000000 0.516073 22354
car -1 -1 nan nan nan nan nan 1.293280 1.317049 3.719002 21.314947 -1.985572 -0.866619 0.000000 0.912321 22355
car -1 -1 nan nan nan nan nan 1.294518 1.621071 3.234999 -28.683459 2.025355 -1.509730 0.000000 0.916668 22356
car -1 -1 nan nan nan nan nan 1.864477 1.847703 3.630683 6.394689 2.282813 -0.772940 0.000000 0.886336 22357
car -1 -1 nan nan nan nan nan 1.432672 4.422476 1.871365 -8.083224 6.467654 -1.003545 0.000000 0.948768 22359
car -1 -1 nan nan nan nan nan 1.457744 1.818919 4.078631 12.479235 -2.364481 -0.903734 0.000000 0.923611 22363
car -1 -1 nan nan nan nan nan 1.463367 1.407735 2.623409 -36.178419 1.756146 -1.427486 0.000000 0.675091 22365
car -1 -1 nan nan nan nan nan 1.317551 1.350047 3.799912 17.105493 2.212069 -0.896103 0.000000 0.948927 22366
car -1 -1 nan nan nan nan nan 1.254585 1.567193 3.305462 -26.828926 -2.872100 -1.510725 0.000000 0.899216 22367
car -1 -1 nan nan nan nan nan 1.358502 0.918012 3.609143 11.439143 2.075021 -0.893794 0.000000 0.943763 22368
car -1 -1 nan nan nan nan nan 1.034559 1.229252 3.710431 0.849211 -2.615060 -0.800988 0.000000 0.920674 22369
car -1 -1 nan nan nan nan nan 0.493798 0.820151 0.644924 -40.394983 -2.657150 -1.912290 0.000000 0.585859 22374
car -1 -1 nan nan nan nan nan 1.082694 1.344382 2.477711 -42.741568 7.607266 -1.175879 0.000000 0.584275 22375
motorcycle -1 -1 nan nan nan nan nan 0.706805 0.611018 0.516850 40.923704 -4.360738 -0.014643 0.000000 0.741757 22358
bicycle -1 -1 nan nan nan nan nan 0.561206 0.316303 0.567917 -17.524620 8.045223 -1.472086 0.000000 0.834580 22360
bicycle -1 -1 nan nan nan nan nan 1.126061 1.707368 1.612202 -4.866225 8.079865 -1.039575 0.000000 0.881070 22371
motorcycle -1 -1 nan nan nan nan nan 0.791248 2.083083 0.560040 42.957335 -5.025762 -0.525897 0.000000 0.680575 22373
