car -1 -1 nan nan nan nan nan 1.093108 2.573113 3.623569 -31.931921 -1.266164 -1.584299 0.000000 0.901187 23644
car -1 -1 nan nan nan nan nan 1.363653 0.927874 3.205082 16.275406 22.039401 -0.388523 0.000000 0.932917 23646
car -1 -1 nan nan nan nan nan 0.981036 1.309995 1.697834 20.455631 -10.402364 -1.028161 0.000000 0.774839 23647
car -1 -1 nan nan nan nan nan 1.463125 1.630680 3.762405 17.132259 7.585402 -0.677251 0.000000 0.940229 23651
car -1 -1 nan nan nan nan nan 0.948903 1.534631 1.198441 -35.129814 -12.938632 -0.300395 0.000000 0.784204 23652
car -1 -1 nan nan nan nan nan 0.941196 1.400861 1.518211 9.943238 15.402433 -0.766177 0.000000 0.474144 23654
car -1 -1 nan nan nan nan nan 1.191785 1.802084 2.776054 -43.344517 -2.741354 -1.303602 0.000000 0.737571 23655
other-vehicle -1 -1 nan nan nan nan nan 0.951035 1.988558 3.787891 18.289743 -0.160949 -1.046503 0.000000 0.843805 23656
car -1 -1 nan nan nan nan nan 0.829873 1.026777 2.286407 -36.378765 -6.509633 -1.411098 0.000000 0.709382 23657
car -1 -1 nan nan nan nan nan 0.972903 1.471569 3.060953 -28.533521 -5.769057 -1.726583 0.000000 0.903553 23659
car -1 -1 nan nan nan nan nan 0.328731 1.341152 0.777782 -49.643972 -0.303434 -1.833737 0.000000 0.420334 23665
bicycle -1 -1 nan nan nan nan nan 0.395580 0.299395 0.823923 -14.890656 -5.873502 -1.438443 0.000000 0.887016 23649
motorcycle -1 -1 nan nan nan nan nan 1.055163 0.476534 1.951756 16.256343 19.453280 -0.524108 0.000000 0.936677 23662
person -1 -1 nan nan nan nan nan 0.355140 0.522995 0.378447 -27.856259 2.488451 -0.880737 0.000000 0.354183 23660
