car -1 -1 nan nan nan nan nan 1.917390 3.841733 2.014424 2.451638 -6.190055 -0.759538 0.000000 0.946856 21963
car -1 -1 nan nan nan nan nan 1.543097 1.662692 3.054817 -36.995594 2.158489 -1.101289 0.000000 0.914811 21964
car -1 -1 nan nan nan nan nan 1.478087 1.688332 4.277232 -15.992632 2.327545 -1.178059 0.000000 0.917385 21966
car -1 -1 nan nan nan nan nan 1.764981 1.745127 3.502676 19.538409 2.150700 -0.617528 0.000000 0.876434 21967
car -1 -1 nan nan nan nan nan 1.461308 4.217007 1.696984 4.732902 6.455834 -0.787098 0.000000 0.929918 21968
car -1 -1 nan nan nan nan nan 1.395713 1.762401 4.335537 -28.384071 -2.385298 -1.218985 0.000000 0.909502 21969
car -1 -1 nan nan nan nan nan 0.928992 0.307032 2.249512 33.872734 -1.897691 -0.994697 0.000000 0.835899 21970
car -1 -1 nan nan nan nan nan 1.366912 1.589172 3.898821 25.609221 -2.444748 -0.819698 0.000000 0.893460 21972
car -1 -1 nan nan nan nan nan 1.498886 1.818102 3.576735 13.633041 -2.497215 -0.900603 0.000000 0.956624 21974
car -1 -1 nan nan nan nan nan 1.613289 1.639753 3.523058 -23.238902 2.221085 -1.111451 0.000000 0.946442 21975
car -1 -1 nan nan nan nan nan 1.493342 1.769346 3.666775 -13.522297 -2.555474 -1.176312 0.000000 0.930557 21977
car -1 -1 nan nan nan nan nan 1.260009 0.642091 3.393894 30.290710 1.704173 -0.841918 0.000000 0.891436 21978
car -1 -1 nan nan nan nan nan 1.266988 0.315065 2.575373 24.690766 1.674671 -0.774451 0.000000 0.754938 21979
car -1 -1 nan nan nan nan nan 1.176418 0.347996 2.963116 -29.677828 1.713849 -1.347031 0.000000 0.872180 21980
car -1 -1 nan nan nan nan nan 0.428695 0.939751 1.840187 -37.179642 -2.506883 -0.518554 0.000000 0.715680 21981
person -1 -1 nan nan nan nan nan 0.808606 0.910361 0.570333 -5.018282 -6.535308 -1.130567 0.000000 0.772385 21973
