car -1 -1 nan nan nan nan nan 1.444313 4.250582 1.981725 -9.941029 6.387718 -1.082502 0.000000 0.944300 22411
other-vehicle -1 -1 nan nan nan nan nan 0.940484 1.538080 0.770676 48.179783 5.249279 -0.336138 0.000000 0.597072 22412
car -1 -1 nan nan nan nan nan 1.390101 1.597288 3.624285 -28.542998 -2.896696 -1.573391 0.000000 0.901004 22415
car -1 -1 nan nan nan nan nan 1.446224 1.650007 3.734585 9.571350 2.448006 -0.906714 0.000000 0.919366 22416
car -1 -1 nan nan nan nan nan 1.538169 1.683110 2.084846 -12.370298 -5.290296 -1.235133 0.000000 0.844339 22419
car -1 -1 nan nan nan nan nan 1.035736 1.218839 3.704998 -0.791217 -2.609452 -0.818584 0.000000 0.948193 22420
car -1 -1 nan nan nan nan nan 1.525509 0.966631 2.765450 -38.131760 1.519495 -1.609665 0.000000 0.765406 22422
car -1 -1 nan nan nan nan nan 0.368993 0.224009 0.858719 28.188015 -5.474233 -0.210125 0.000000 0.682790 22425
car -1 -1 nan nan nan nan nan 0.456245 0.584418 1.434036 -43.860939 7.758170 -1.020249 0.000000 0.741149 22426
car -1 -1 nan nan nan nan nan 1.277881 1.372035 3.655315 19.524082 -1.997062 -0.822464 0.000000 0.928254 22427
car -1 -1 nan nan nan nan nan 1.481524 1.114823 1.471340 -42.678801 -2.709292 -1.620548 0.000000 0.837810 22428
car -1 -1 nan nan nan nan nan 1.382263 1.370018 3.837934 15.415362 2.244049 -0.885494 0.000000 0.959629 22429
car -1 -1 nan nan nan nan nan 1.188053 1.645583 3.793222 -30.872333 1.976211 -1.601987 0.000000 0.914931 22430
car -1 -1 nan nan nan nan nan 1.884869 1.762770 3.703748 4.625453 2.236309 -0.797995 0.000000 0.956374 22431
car -1 -1 nan nan nan nan nan 1.449919 1.770992 3.980496 10.706956 -2.359508 -0.898228 0.000000 0.970116 22432
car -1 -1 nan nan nan nan nan 1.723674 1.257291 1.237907 -47.598537 7.895895 -1.097239 0.000000 0.812792 22435
motorcycle -1 -1 nan nan nan nan nan 0.258093 0.392021 0.339584 41.173962 -4.201214 -0.249410 0.000000 0.470536 22417
bicyclist -1 -1 nan nan nan nan nan 0.687889 0.767028 0.660292 21.105786 6.089709 -0.310257 0.000000 0.854243 22418
bicycle -1 -1 nan nan nan nan nan 0.842884 0.395952 0.376755 -19.409166 7.961635 -1.419658 0.000000 0.843565 22423
bicycle -1 -1 nan nan nan nan nan 0.920930 1.507125 1.620981 -6.664984 7.988911 -1.220828 0.000000 0.889630 22434
motorcycle -1 -1 nan nan nan nan nan 0.881559 0.835138 0.521135 -19.967841 -6.771708 -1.292205 0.000000 0.866423 22436
