car -1 -1 nan nan nan nan nan 1.445239 1.702105 3.686429 10.661137 -2.164101 -0.985876 0.000000 0.953904 22683
car -1 -1 nan nan nan nan nan 0.401902 0.431968 0.255713 -20.181720 -7.570899 -1.105326 0.000000 0.612542 22685
truck -1 -1 nan nan nan nan nan 1.952597 2.411859 1.540951 -45.382498 4.272512 -1.378998 0.000000 0.857713 22687
car -1 -1 nan nan nan nan nan 1.506710 1.849788 3.963848 -9.415539 -2.493052 -1.218491 0.000000 0.926608 22689
car -1 -1 nan nan nan nan nan 1.107741 1.436933 2.251068 -38.938004 1.859453 -1.581600 0.000000 0.899409 22691
car -1 -1 nan nan nan nan nan 1.388725 1.555212 4.142203 6.764531 2.314711 -1.017367 0.000000 0.972690 22692
car -1 -1 nan nan nan nan nan 1.459930 1.947851 4.056309 2.099896 -2.432190 -1.017192 0.000000 0.961572 22693
car -1 -1 nan nan nan nan nan 1.361945 2.460815 1.624969 -18.774837 5.436267 -1.198002 0.000000 0.901086 22695
car -1 -1 nan nan nan nan nan 0.417342 0.487969 0.944904 -20.853874 -4.927138 -0.851522 0.000000 0.841756 22698
car -1 -1 nan nan nan nan nan 1.649800 1.981653 3.787494 -3.762070 2.284135 -0.810862 0.000000 0.954109 22699
car -1 -1 nan nan nan nan nan 1.048779 1.339001 3.878897 1.070474 2.669645 -0.810733 0.000000 0.977498 22700
car -1 -1 nan nan nan nan nan 1.349690 1.556897 3.064327 -36.750330 -3.045285 -1.698149 0.000000 0.879022 22701
bicycle -1 -1 nan nan nan nan nan 0.283950 0.271983 0.408868 -8.651096 8.144388 -1.081084 0.000000 0.734928 22694
