car -1 -1 nan nan nan nan nan 1.282016 3.938941 1.785879 21.152381 5.892421 -0.998249 0.000000 0.955446 24798
car -1 -1 nan nan nan nan nan 0.287045 0.561116 0.862167 -46.419319 -10.934213 -0.310821 0.000000 0.710160 24799
car -1 -1 nan nan nan nan nan 1.091347 3.755570 1.466078 -30.566041 5.423000 -1.146481 0.000000 0.925443 24803
car -1 -1 nan nan nan nan nan 1.109276 2.838388 1.522991 -45.562197 5.479969 -1.310384 0.000000 0.943114 24805
car -1 -1 nan nan nan nan nan 1.510991 2.271038 1.221876 31.187284 5.256532 -0.797547 0.000000 0.850345 24806
other-vehicle -1 -1 nan nan nan nan nan 0.960880 1.185289 0.527352 -6.271203 22.971505 -1.042938 0.000000 0.069623 24809
other-vehicle -1 -1 nan nan nan nan nan 1.083853 1.362829 1.432959 -12.204829 6.460033 -1.268392 0.000000 0.793711 24810
other-vehicle -1 -1 nan nan nan nan nan 0.933471 4.275433 1.850672 -22.605323 5.667892 -1.379898 0.000000 0.928685 24811
car -1 -1 nan nan nan nan nan 0.734947 1.647022 2.064690 29.524191 27.518772 0.248908 0.000000 0.704886 24812
car -1 -1 nan nan nan nan nan 1.238206 1.781589 4.057091 -27.813196 -1.431868 -1.008076 0.000000 0.860371 24813
car -1 -1 nan nan nan nan nan 0.798931 2.140032 1.069204 26.088119 5.484001 -0.747630 0.000000 0.842220 24815
car -1 -1 nan nan nan nan nan 0.864912 1.083904 1.079239 -47.845058 3.743431 -1.481713 0.000000 0.801757 24817
car -1 -1 nan nan nan nan nan 0.525016 1.468017 1.032509 -44.893471 -10.364495 -1.021267 0.000000 0.715502 24819
motorcycle -1 -1 nan nan nan nan nan 0.863357 1.527994 0.253067 7.569289 21.277164 -1.096626 0.000000 0.615567 24807
