car -1 -1 nan nan nan nan nan 1.594052 3.108882 1.639144 12.669302 5.562320 -0.697175 0.000000 0.891691 25117
car -1 -1 nan nan nan nan nan 1.152068 1.742921 1.625042 -48.461111 11.361033 -2.290276 0.000000 0.756499 25118
car -1 -1 nan nan nan nan nan 0.588921 1.809958 0.636112 41.595285 -17.862853 -0.448153 0.000000 0.815419 25119
car -1 -1 nan nan nan nan nan 0.590701 0.667866 1.276155 -16.798640 28.446247 -2.376030 0.000000 0.774647 25120
other-vehicle -1 -1 nan nan nan nan nan 1.223786 3.209900 2.079101 10.957531 28.161417 0.057251 0.000000 0.713187 25121
other-vehicle -1 -1 nan nan nan nan nan 0.987105 1.507899 1.153746 -30.706513 6.446711 -2.046877 0.000000 0.875251 25122
car -1 -1 nan nan nan nan nan 1.168634 1.621093 2.787876 -42.162859 -1.604046 -1.733720 0.000000 0.742509 25123
car -1 -1 nan nan nan nan nan 0.874817 3.919972 1.841854 -41.143244 5.733603 -2.300103 0.000000 0.883242 25126
car -1 -1 nan nan nan nan nan 1.438573 3.744854 2.124595 2.825856 5.616048 -1.037191 0.000000 0.935693 25127
car -1 -1 nan nan nan nan nan 0.649805 1.670798 1.251793 -48.966747 4.782007 -2.315963 0.000000 0.875157 25128
car -1 -1 nan nan nan nan nan 1.458079 3.510886 1.734918 7.698079 6.078223 -0.884670 0.000000 0.889784 25129
