car -1 -1 nan nan nan nan nan 1.013542 3.738431 1.551102 -34.474907 5.360256 -1.666837 0.000000 0.922236 24887
other-vehicle -1 -1 nan nan nan nan nan 0.874667 2.282160 1.820948 25.492455 27.832725 0.346848 0.000000 0.762115 24888
other-vehicle -1 -1 nan nan nan nan nan 0.636290 0.926027 1.194122 -2.038359 28.576968 -2.112411 0.000000 0.844619 24889
car -1 -1 nan nan nan nan nan 1.395913 3.930295 1.771738 17.227656 5.880452 -0.866770 0.000000 0.942963 24890
other-vehicle -1 -1 nan nan nan nan nan 0.520299 1.025195 0.243809 -38.442400 -14.229565 -0.075435 0.000000 0.814060 24892
other-vehicle -1 -1 nan nan nan nan nan 1.053687 1.673902 1.313099 -16.083965 6.588936 -1.497608 0.000000 0.794731 24893
car -1 -1 nan nan nan nan nan 0.877677 2.279299 0.507175 -48.968451 5.289593 -1.867191 0.000000 0.886179 24894
car -1 -1 nan nan nan nan nan 1.498250 2.263204 1.288795 27.265453 5.201857 -0.584390 0.000000 0.879992 24895
truck -1 -1 nan nan nan nan nan 0.852361 4.197194 1.940550 -26.530360 5.683594 -1.717578 0.000000 0.833502 24896
car -1 -1 nan nan nan nan nan 1.205312 1.812719 3.967688 -30.828240 -1.454272 -1.190521 0.000000 0.945701 24897
car -1 -1 nan nan nan nan nan 1.110163 1.953207 1.553240 22.314979 5.373908 -0.663629 0.000000 0.863679 24898
