car -1 -1 nan nan nan nan nan 1.634069 3.779103 1.652608 -4.738472 5.730663 -0.846486 0.000000 0.941147 25496
car -1 -1 nan nan nan nan nan 1.128309 0.445345 1.058165 27.806268 -26.869859 -0.239321 0.000000 0.662938 25499
car -1 -1 nan nan nan nan nan 1.601059 3.572778 2.041252 -14.034183 1.453901 -1.195809 0.000000 0.936847 25505
car -1 -1 nan nan nan nan nan 0.437164 0.706479 0.360146 35.502541 -2.932254 -0.508485 0.000000 0.613719 25506
other-vehicle -1 -1 nan nan nan nan nan 0.833784 1.850336 1.717602 -10.308820 25.979068 -1.129247 0.000000 0.836060 25510
other-vehicle -1 -1 nan nan nan nan nan 1.270982 1.831552 1.891718 22.862639 -14.242869 -0.468655 0.000000 0.845057 25511
car -1 -1 nan nan nan nan nan 1.496356 3.703507 1.793350 -9.646380 3.993516 -1.055944 0.000000 0.937707 25512
car -1 -1 nan nan nan nan nan 0.204104 0.878681 0.434025 -36.289293 14.341882 0.706669 0.000000 0.461614 25514
other-vehicle -1 -1 nan nan nan nan nan 2.339818 5.861879 3.654347 -16.396955 25.522632 -0.518944 0.000000 0.703158 25515
car -1 -1 nan nan nan nan nan 0.872335 1.298838 0.890305 -45.419846 -11.473460 -2.101064 0.000000 0.799298 25517
person -1 -1 nan nan nan nan nan 1.345004 0.610968 0.673956 -11.804126 19.045890 -0.799279 0.000000 0.850592 25507
person -1 -1 nan nan nan nan nan 0.240069 0.335610 0.370113 39.253275 -2.179434 -0.222219 0.000000 0.457151 25513
