car -1 -1 nan nan nan nan nan 1.696449 3.634162 3.103001 -12.577724 1.511115 -0.832405 0.000000 0.939971 25689
car -1 -1 nan nan nan nan nan 0.602085 0.303976 0.372181 37.744287 -29.531087 -1.360507 0.000000 0.759461 25690
other-vehicle -1 -1 nan nan nan nan nan 2.342524 4.784525 4.106661 -31.421638 14.802943 -0.226712 0.000000 0.859156 25693
other-vehicle -1 -1 nan nan nan nan nan 0.208904 1.064577 0.657713 29.511983 -11.900348 -0.909622 0.000000 0.556096 25695
car -1 -1 nan nan nan nan nan 1.387564 3.075217 2.964491 -19.011920 -6.343039 -1.100594 0.000000 0.907133 25697
car -1 -1 nan nan nan nan nan 1.482025 1.768951 1.630604 20.800194 -3.863601 -0.827394 0.000000 0.788584 25700
car -1 -1 nan nan nan nan nan 0.705073 0.420057 0.291334 31.938294 -24.429395 -1.000513 0.000000 0.715642 25701
other-vehicle -1 -1 nan nan nan nan nan 0.897239 1.894468 2.211460 -26.666071 17.832664 -0.945080 0.000000 0.890779 25702
car -1 -1 nan nan nan nan nan 1.314189 2.484340 2.615976 20.789769 -15.856373 -0.985413 0.000000 0.936947 25703
car -1 -1 nan nan nan nan nan 1.548787 4.086553 2.752417 -16.069837 -1.710432 -0.960593 0.000000 0.915748 25704
car -1 -1 nan nan nan nan nan 1.329424 3.033238 2.572268 16.057509 -11.424060 -0.989519 0.000000 0.896815 25709
bicyclist -1 -1 nan nan nan nan nan 0.395082 0.961517 0.824631 30.737925 17.044361 -0.724381 0.000000 0.781826 25691
bicycle -1 -1 nan nan nan nan nan 0.366045 0.393139 1.317059 22.335676 3.325888 -1.011815 0.000000 0.684090 25694
bicyclist -1 -1 nan nan nan nan nan 1.167791 0.566784 0.498003 -25.396369 9.990118 -0.459667 0.000000 0.879816 25699
person -1 -1 nan nan nan nan nan 0.496917 0.646900 0.473656 39.404877 -20.508608 -0.978847 0.000000 0.798316 25698
person -1 -1 nan nan nan nan nan 0.775136 0.780174 0.423021 30.375257 14.217394 -0.886991 0.000000 0.767057 25705
