other-vehicle -1 -1 nan nan nan nan nan 0.855969 4.242310 1.892637 -12.159654 6.593648 -1.408820 0.000000 0.924240 24591
car -1 -1 nan nan nan nan nan 0.747006 0.892720 0.380589 40.900434 2.081347 -0.489439 0.000000 0.740012 24592
other-vehicle -1 -1 nan nan nan nan nan 0.322966 0.652842 0.615936 19.121609 22.280869 -0.576073 0.000000 0.863192 24593
car -1 -1 nan nan nan nan nan 1.467209 1.528912 3.004692 -38.499767 6.468075 -1.760025 0.000000 0.839241 24594
truck -1 -1 nan nan nan nan nan 0.729849 1.389120 1.130858 5.661531 19.934276 -0.094576 0.000000 0.077891 24597
car -1 -1 nan nan nan nan nan 1.366308 2.734221 4.618530 -20.615246 -0.260849 -1.328436 0.000000 0.910436 24598
car -1 -1 nan nan nan nan nan 1.340003 4.093271 0.927872 31.096893 4.060776 -0.511970 0.000000 0.916840 24599
other-vehicle -1 -1 nan nan nan nan nan 1.077701 1.587488 1.617856 -1.903663 6.773681 -1.112038 0.000000 0.602288 24600
car -1 -1 nan nan nan nan nan 0.622011 1.659029 0.475670 36.167740 3.203754 0.011052 0.000000 0.841290 24603
car -1 -1 nan nan nan nan nan 1.447881 3.164896 1.639832 -35.189766 8.027580 -1.664735 0.000000 0.922494 24604
car -1 -1 nan nan nan nan nan 1.237903 3.560934 1.889614 -20.081282 6.690660 -1.345996 0.000000 0.944157 24606
motorcycle -1 -1 nan nan nan nan nan 0.945945 1.744663 0.508856 -32.064618 7.956549 -1.740135 0.000000 0.899886 24602
