car -1 -1 nan nan nan nan nan 1.445088 3.120107 2.768288 -18.497932 -5.345011 -1.056448 0.000000 0.910454 25665
truck -1 -1 nan nan nan nan nan 0.568966 0.624001 0.384857 38.801868 -22.617195 -1.241348 0.000000 0.739402 25666
car -1 -1 nan nan nan nan nan 0.205910 0.342539 0.376820 31.718349 12.767102 -0.797863 0.000000 0.727982 25667
other-vehicle -1 -1 nan nan nan nan nan 2.487700 4.930573 3.664413 -29.880125 16.365595 -0.064825 0.000000 0.858948 25671
car -1 -1 nan nan nan nan nan 1.634528 3.994526 2.807285 -11.892189 1.977877 -0.759823 0.000000 0.936017 25675
car -1 -1 nan nan nan nan nan 0.722178 0.580696 1.186491 31.703317 -26.043978 -0.729685 0.000000 0.840625 25676
car -1 -1 nan nan nan nan nan 1.500104 3.137424 2.655064 20.501036 -16.724371 -1.090228 0.000000 0.928370 25679
car -1 -1 nan nan nan nan nan 1.459019 3.319164 3.690252 -15.632001 -1.244505 -0.939510 0.000000 0.872852 25680
car -1 -1 nan nan nan nan nan 1.354964 3.143580 2.604417 16.140630 -12.344477 -1.125175 0.000000 0.930694 25683
car -1 -1 nan nan nan nan nan 1.387113 1.825470 0.912008 20.839477 -5.036096 -0.936011 0.000000 0.783608 25687
bicycle -1 -1 nan nan nan nan nan 0.392018 0.369987 0.734858 29.465804 -13.322047 -0.836445 0.000000 0.680073 25685
person -1 -1 nan nan nan nan nan 1.289292 0.781204 0.527727 -24.113435 11.385220 -0.462863 0.000000 0.861800 25677
