car -1 -1 nan nan nan nan nan 1.301867 3.839302 2.064081 27.040933 5.713042 -0.658389 0.000000 0.923205 24676
car -1 -1 nan nan nan nan nan 1.231936 1.263637 0.892723 -41.967422 4.087446 -1.759932 0.000000 0.790799 24677
car -1 -1 nan nan nan nan nan 0.703971 0.861443 1.212812 7.711354 28.494825 -1.487478 0.000000 0.807645 24680
car -1 -1 nan nan nan nan nan 1.170496 3.467206 1.562199 -24.808155 5.463504 -1.344409 0.000000 0.957094 24683
other-vehicle -1 -1 nan nan nan nan nan 1.132929 1.412625 1.555331 -6.562027 6.491527 -1.241266 0.000000 0.764945 24687
truck -1 -1 nan nan nan nan nan 1.145456 1.272799 0.638074 -0.552664 20.946029 0.117749 0.000000 0.054608 24688
car -1 -1 nan nan nan nan nan 1.295023 0.951853 1.053642 36.723530 4.374434 -0.323697 0.000000 0.817071 24689
other-vehicle -1 -1 nan nan nan nan nan 0.862662 4.251484 1.952781 -16.813776 5.834646 -1.463403 0.000000 0.915253 24690
car -1 -1 nan nan nan nan nan 1.413577 1.963787 3.840736 -23.436762 -1.095263 -1.291238 0.000000 0.858693 24691
car -1 -1 nan nan nan nan nan 0.979940 2.010800 0.654903 31.822859 5.252200 -0.333251 0.000000 0.719239 24693
car -1 -1 nan nan nan nan nan 1.163114 2.993970 1.802204 -39.883898 5.900817 -1.645587 0.000000 0.926309 24694
truck -1 -1 nan nan nan nan nan 0.611980 0.331326 0.376582 2.488276 20.856709 -0.546295 0.000000 0.040292 24695
bicyclist -1 -1 nan nan nan nan nan 0.564959 0.475574 0.613558 8.558599 -47.454020 0.402351 0.000000 0.818088 24678
motorcycle -1 -1 nan nan nan nan nan 1.051849 0.678305 0.744662 13.554786 20.702935 -0.673497 0.000000 0.867214 24686
motorcycle -1 -1 nan nan nan nan nan 0.847415 1.636603 0.337921 -36.708740 5.824693 -1.659428 0.000000 0.932017 24692
