other-vehicle -1 -1 nan nan nan nan nan 0.896417 3.071781 3.988945 9.349894 6.634771 -1.322093 0.000000 0.902726 24084
car -1 -1 nan nan nan nan nan 0.310587 0.480419 0.302090 35.146441 -34.645308 -0.047821 0.000000 0.694777 24086
car -1 -1 nan nan nan nan nan 0.362384 0.300243 0.925718 -7.118263 28.681168 -1.333845 0.000000 0.496302 24089
car -1 -1 nan nan nan nan nan 1.510063 3.456348 3.092979 -4.083179 14.059029 -1.365434 0.000000 0.896604 24091
other-vehicle -1 -1 nan nan nan nan nan 0.986005 1.419477 1.447664 15.552367 -1.713492 -0.994865 0.000000 0.856602 24094
car -1 -1 nan nan nan nan nan 0.530873 0.257786 0.371861 -34.729422 -26.211353 -0.752173 0.000000 0.723850 24095
car -1 -1 nan nan nan nan nan 1.405184 2.657896 3.908138 4.591354 12.675076 -1.309711 0.000000 0.920259 24096
car -1 -1 nan nan nan nan nan 0.802317 1.975887 1.950344 -29.336987 -20.000504 -1.022392 0.000000 0.715089 24097
car -1 -1 nan nan nan nan nan 0.899750 3.225677 2.707851 -35.093683 -18.402208 -1.165670 0.000000 0.833997 24100
car -1 -1 nan nan nan nan nan 1.446117 1.865751 2.984102 -3.632824 24.939685 -1.679684 0.000000 0.915361 24103
car -1 -1 nan nan nan nan nan 0.580925 1.796021 1.058992 32.344436 -30.563808 -0.451110 0.000000 0.863160 24105
car -1 -1 nan nan nan nan nan 1.266352 2.033865 1.624015 -6.152446 27.021510 -1.690103 0.000000 0.820557 24106
car -1 -1 nan nan nan nan nan 0.765879 1.279472 1.806629 42.327925 -1.478298 -1.272797 0.000000 0.850536 24108
bicyclist -1 -1 nan nan nan nan nan 0.886298 0.630318 0.442532 -33.165052 -12.618205 -0.786822 0.000000 0.822117 24090
motorcycle -1 -1 nan nan nan nan nan 1.102700 1.105625 1.724087 -1.798222 22.871977 -1.549475 0.000000 0.912893 24098
bicyclist -1 -1 nan nan nan nan nan 0.344571 0.427586 0.347488 -39.658848 -29.154793 -0.749785 0.000000 0.815272 24101
person -1 -1 nan nan nan nan nan 0.508914 0.299723 0.256794 36.982981 -11.781105 -0.357085 0.000000 0.785180 24092
person -1 -1 nan nan nan nan nan 1.582010 0.446973 0.222092 44.818272 -2.888168 -0.442674 0.000000 0.873042 24104
