car -1 -1 nan nan nan nan nan 1.542954 2.341229 1.288782 23.234963 5.185103 -0.754247 0.000000 0.890162 24942
car -1 -1 nan nan nan nan nan 0.932577 3.794424 0.527058 -37.982435 5.453532 -1.463764 0.000000 0.920181 24943
other-vehicle -1 -1 nan nan nan nan nan 0.818931 0.860741 1.204088 -6.008059 28.505232 -2.210188 0.000000 0.841602 24944
other-vehicle -1 -1 nan nan nan nan nan 1.032946 1.981340 1.459444 -20.179084 6.436204 -1.490523 0.000000 0.906752 24945
car -1 -1 nan nan nan nan nan 1.412199 3.884396 1.809542 13.248318 5.815647 -0.958906 0.000000 0.949404 24946
truck -1 -1 nan nan nan nan nan 0.419106 0.872219 0.742495 -11.553449 21.503317 0.080884 0.000000 0.032193 24949
car -1 -1 nan nan nan nan nan 1.299660 1.738062 3.569389 -34.108852 -1.503518 -1.212730 0.000000 0.935469 24950
other-vehicle -1 -1 nan nan nan nan nan 0.840389 4.101847 1.874907 -30.523768 5.730158 -1.697787 0.000000 0.698204 24951
car -1 -1 nan nan nan nan nan 1.423913 2.377229 1.601059 18.364021 5.582139 -0.906807 0.000000 0.887351 24952
motorcycle -1 -1 nan nan nan nan nan 1.098094 0.765852 0.597821 -0.308037 20.840886 -1.275272 0.000000 0.680360 24948
