car -1 -1 nan nan nan nan nan 1.465107 3.720689 3.741945 -14.881461 -0.308557 -0.957531 0.000000 0.869840 25642
car -1 -1 nan nan nan nan nan 0.313589 1.345081 0.958122 38.501652 -24.447683 -1.377456 0.000000 0.763085 25643
car -1 -1 nan nan nan nan nan 1.210389 1.199376 0.575764 19.721649 -4.140339 -0.815959 0.000000 0.534802 25645
car -1 -1 nan nan nan nan nan 0.611063 0.542805 0.568150 31.938894 -12.073199 -1.190811 0.000000 0.670105 25648
car -1 -1 nan nan nan nan nan 1.424409 2.911589 2.359478 20.253923 -17.923028 -1.047409 0.000000 0.939988 25649
car -1 -1 nan nan nan nan nan 1.244239 0.679277 1.171698 30.945977 -27.645507 -0.978601 0.000000 0.803239 25651
car -1 -1 nan nan nan nan nan 0.891854 1.973589 1.939678 -23.558254 20.691243 -0.831908 0.000000 0.682866 25652
car -1 -1 nan nan nan nan nan 1.322368 3.116473 2.726320 -18.136279 -4.364001 -1.075789 0.000000 0.921542 25654
car -1 -1 nan nan nan nan nan 1.594904 4.024884 2.645556 -10.988909 2.649356 -0.800367 0.000000 0.936024 25655
car -1 -1 nan nan nan nan nan 1.300376 2.047547 1.963411 21.468902 -5.967370 -0.901540 0.000000 0.825776 25658
car -1 -1 nan nan nan nan nan 1.398639 3.211735 2.514139 16.133094 -13.232404 -1.046554 0.000000 0.922628 25660
other-vehicle -1 -1 nan nan nan nan nan 2.253276 5.148109 4.028389 -28.560465 17.910713 -0.100115 0.000000 0.825042 25661
motorcycle -1 -1 nan nan nan nan nan 0.790227 0.962498 0.630405 29.427235 -15.233266 -1.042563 0.000000 0.738977 25656
person -1 -1 nan nan nan nan nan 1.262023 0.971784 0.672527 -22.828705 12.831597 -0.578196 0.000000 0.905774 25650
person -1 -1 nan nan nan nan nan 0.984860 0.376182 0.610504 14.937462 -14.216803 -1.065293 0.000000 0.453925 25653
