car -1 -1 nan nan nan nan nan 1.448867 3.347731 3.316183 -18.698417 -6.020516 -1.060420 0.000000 0.907115 25788
car -1 -1 nan nan nan nan nan 0.671940 0.648960 0.830162 34.461327 -15.633394 -0.431756 0.000000 0.390250 25790
car -1 -1 nan nan nan nan nan 0.642888 1.127359 1.732883 7.344877 24.868415 0.588921 0.000000 0.763126 25793
other-vehicle -1 -1 nan nan nan nan nan 2.271220 4.061489 5.646702 -37.669645 6.514271 -0.348125 0.000000 0.888522 25794
car -1 -1 nan nan nan nan nan 1.373962 2.276650 1.378420 28.260102 -4.241780 -0.709318 0.000000 0.740483 25797
car -1 -1 nan nan nan nan nan 0.465903 1.213758 2.783958 20.668509 -9.608960 -0.488694 0.000000 0.867033 25798
car -1 -1 nan nan nan nan nan 0.526976 0.860758 1.153864 26.606475 -15.361124 -1.256988 0.000000 0.614111 25800
car -1 -1 nan nan nan nan nan 0.730017 1.283902 1.006252 39.928926 -10.638406 -1.017853 0.000000 0.802778 25801
car -1 -1 nan nan nan nan nan 1.592639 3.445522 3.754582 -15.978147 -1.436287 -0.939459 0.000000 0.925285 25802
car -1 -1 nan nan nan nan nan 1.489038 2.160297 3.393678 15.180730 -7.238775 -0.998437 0.000000 0.880337 25804
car -1 -1 nan nan nan nan nan 1.302339 2.640409 3.346310 -20.478828 -10.850883 -1.198967 0.000000 0.896224 25805
car -1 -1 nan nan nan nan nan 1.451078 1.624743 1.646872 17.650514 0.850625 -0.756948 0.000000 0.729687 25806
bicyclist -1 -1 nan nan nan nan nan 0.529798 0.623325 0.426975 29.767675 34.041605 0.379066 0.000000 0.726942 25789
bicyclist -1 -1 nan nan nan nan nan 0.310852 0.275599 0.305626 -41.374992 -15.488548 0.454053 0.000000 0.471394 25792
bicyclist -1 -1 nan nan nan nan nan 1.124219 0.600702 0.476128 -30.633184 2.961821 -0.584153 0.000000 0.854323 25799
bicyclist -1 -1 nan nan nan nan nan 1.518311 1.853569 2.479225 27.943342 31.785992 -0.640063 0.000000 0.775863 25807
person -1 -1 nan nan nan nan nan 0.343043 0.254286 0.433544 22.660246 20.915294 -0.628140 0.000000 0.806773 25796
