car -1 -1 nan nan nan nan nan 1.365979 1.724737 4.285528 21.622819 -2.688071 -0.642154 0.000000 0.912945 27639
truck -1 -1 nan nan nan nan nan 0.575190 2.550430 0.923462 -47.584972 7.794515 -0.780582 0.000000 0.789172 27640
car -1 -1 nan nan nan nan nan 1.868052 1.789734 3.845580 -8.712643 3.183593 -1.132548 0.000000 0.928269 27641
car -1 -1 nan nan nan nan nan 0.295023 0.211966 0.621746 47.830019 1.056832 -0.321319 0.000000 0.483353 27642
car -1 -1 nan nan nan nan nan 1.394753 1.724730 3.806459 -29.053599 -1.251471 -1.768999 0.000000 0.900904 27643
car -1 -1 nan nan nan nan nan 0.264668 0.887066 1.214081 -44.950928 -3.698747 -2.477850 0.000000 0.850250 27645
car -1 -1 nan nan nan nan nan 1.443568 3.785515 1.982688 -3.718880 -6.365179 -0.999494 0.000000 0.961514 27647
car -1 -1 nan nan nan nan nan 0.682989 1.001839 1.433674 36.702360 1.576744 -0.430319 0.000000 0.857828 27648
car -1 -1 nan nan nan nan nan 1.504596 1.698341 4.334364 -20.950479 3.887730 -1.722358 0.000000 0.928916 27649
car -1 -1 nan nan nan nan nan 0.773897 1.317784 0.900578 42.111826 -3.291471 -0.513468 0.000000 0.807051 27651
other-vehicle -1 -1 nan nan nan nan nan 1.591730 1.066923 2.849190 -35.909504 -0.594436 -1.972140 0.000000 0.836022 27652
car -1 -1 nan nan nan nan nan 1.474141 1.757737 3.495914 21.381371 2.599591 -0.703710 0.000000 0.912992 27654
car -1 -1 nan nan nan nan nan 1.042693 1.225313 0.480309 -42.669098 6.860947 -2.252011 0.000000 0.514743 27655
car -1 -1 nan nan nan nan nan 1.306113 1.351761 3.157660 27.785748 2.109654 -0.489658 0.000000 0.903262 27656
car -1 -1 nan nan nan nan nan 1.112543 0.210667 0.512173 -44.360373 6.665518 -1.800287 0.000000 0.377370 27657
bicycle -1 -1 nan nan nan nan nan 0.222027 0.240948 0.368205 15.434911 8.034295 -0.981815 0.000000 0.808918 27644
bicycle -1 -1 nan nan nan nan nan 0.804298 3.065587 1.196613 11.533841 -6.092074 -0.941047 0.000000 0.645033 27646
bicyclist -1 -1 nan nan nan nan nan 1.255984 0.610899 1.166002 29.258374 -0.978338 -0.121115 0.000000 0.904121 27653
