car -1 -1 nan nan nan nan nan 1.484732 1.903662 3.677576 6.047002 2.472442 -0.899153 0.000000 0.938703 28166
car -1 -1 nan nan nan nan nan 0.588016 1.671793 0.381508 -49.910858 -2.420987 -2.011985 0.000000 0.900945 28167
car -1 -1 nan nan nan nan nan 0.549000 0.490222 0.605583 49.215256 -4.725164 0.088331 0.000000 0.714698 28168
car -1 -1 nan nan nan nan nan 1.288216 3.755958 1.669481 -25.422151 -7.059343 -1.431565 0.000000 0.949359 28169
car -1 -1 nan nan nan nan nan 1.222012 1.031463 3.421558 26.325239 -2.455613 -0.774957 0.000000 0.918304 28170
car -1 -1 nan nan nan nan nan 1.575026 0.885401 2.001968 38.046196 2.031429 -0.458440 0.000000 0.772617 28173
car -1 -1 nan nan nan nan nan 1.757002 1.742765 5.013110 16.685702 2.349043 -0.615638 0.000000 0.934532 28175
car -1 -1 nan nan nan nan nan 1.143002 1.383409 4.252350 0.370119 -2.691709 -0.855227 0.000000 0.943439 28177
car -1 -1 nan nan nan nan nan 1.535005 0.376166 2.911594 22.496731 1.858839 -0.736557 0.000000 0.853256 28179
car -1 -1 nan nan nan nan nan 1.028507 1.358400 3.709507 -0.199418 2.679385 -0.766000 0.000000 0.953676 28180
car -1 -1 nan nan nan nan nan 1.747952 1.664720 2.707039 -30.271057 2.550281 -1.294753 0.000000 0.895149 28181
car -1 -1 nan nan nan nan nan 1.402061 1.856825 3.149487 21.599955 -2.800258 -0.807902 0.000000 0.915896 28182
car -1 -1 nan nan nan nan nan 1.051009 0.437198 2.773228 27.105747 1.816327 -0.897509 0.000000 0.868325 28183
car -1 -1 nan nan nan nan nan 0.279001 0.263467 0.217651 -44.078621 5.310546 -2.158326 0.000000 0.445403 28184
car -1 -1 nan nan nan nan nan 0.933034 1.057487 0.636173 48.072802 -3.069910 -0.334614 0.000000 0.710915 28186
bicyclist -1 -1 nan nan nan nan nan 1.038692 1.049651 0.443336 -34.175682 5.327658 -1.225156 0.000000 0.737012 28171
bicycle -1 -1 nan nan nan nan nan 0.904969 0.784952 0.966068 -9.906062 -5.024562 -1.393608 0.000000 0.895702 28172
bicyclist -1 -1 nan nan nan nan nan 0.731991 0.781350 0.721104 40.023287 -4.636614 0.251896 0.000000 0.843041 28178
bicyclist -1 -1 nan nan nan nan nan 1.504993 0.600270 1.432697 18.990894 -0.946426 -0.576443 0.000000 0.867869 28185
