car -1 -1 nan nan nan nan nan 1.699839 1.663905 2.854118 -29.393526 2.641738 -1.239675 0.000000 0.923796 28141
car -1 -1 nan nan nan nan nan 0.907055 0.987381 0.683922 49.817497 -5.260562 0.263794 0.000000 0.756188 28142
car -1 -1 nan nan nan nan nan 0.494093 0.333100 0.955806 2.638640 -15.770648 -1.307860 0.000000 0.548939 28143
car -1 -1 nan nan nan nan nan 1.460975 0.451169 2.835157 23.387589 1.826213 -0.706689 0.000000 0.870545 28144
car -1 -1 nan nan nan nan nan 0.578856 1.565559 0.459179 -49.009703 -2.348513 -1.987293 0.000000 0.887127 28145
car -1 -1 nan nan nan nan nan 1.191001 1.334940 3.654212 0.709767 2.667498 -0.812100 0.000000 0.964868 28146
car -1 -1 nan nan nan nan nan 1.243548 3.887608 1.645994 -24.559382 -7.036039 -1.380778 0.000000 0.947647 28150
car -1 -1 nan nan nan nan nan 1.481032 1.916645 3.857689 7.151340 2.465900 -0.895289 0.000000 0.937039 28152
car -1 -1 nan nan nan nan nan 1.739968 1.818690 3.939103 17.053262 2.347908 -0.604260 0.000000 0.923540 28153
car -1 -1 nan nan nan nan nan 1.248067 0.729277 3.466116 27.046285 -2.405442 -0.800755 0.000000 0.891227 28154
car -1 -1 nan nan nan nan nan 1.568701 1.700700 4.210759 1.231492 -2.564937 -0.681149 0.000000 0.881108 28155
car -1 -1 nan nan nan nan nan 1.338100 1.789688 3.177090 22.506756 -2.881621 -0.785690 0.000000 0.920360 28156
other-vehicle -1 -1 nan nan nan nan nan 0.742005 0.834310 1.307629 30.470695 -5.329063 0.146544 0.000000 0.460319 28157
car -1 -1 nan nan nan nan nan 0.946987 0.283107 1.836164 27.462701 1.665155 -0.864637 0.000000 0.750942 28158
car -1 -1 nan nan nan nan nan 1.611962 1.027398 3.090546 39.557419 1.959270 -0.474112 0.000000 0.861061 28160
car -1 -1 nan nan nan nan nan 0.949974 1.078430 0.555149 48.930193 -3.205264 -0.344806 0.000000 0.737552 28161
bicycle -1 -1 nan nan nan nan nan 0.978019 1.062713 1.338959 -9.111947 -5.129110 -1.359350 0.000000 0.899778 28148
bicyclist -1 -1 nan nan nan nan nan 0.747045 0.571216 0.663609 40.894308 -4.815383 0.252833 0.000000 0.850917 28151
bicyclist -1 -1 nan nan nan nan nan 1.489004 0.675263 1.273340 19.480371 -0.965876 -0.568375 0.000000 0.900686 28159
person -1 -1 nan nan nan nan nan 0.600043 0.585221 0.306164 34.515970 -5.181514 0.017448 0.000000 0.876391 28162
