car -1 -1 nan nan nan nan nan 0.973710 1.042669 1.545246 -6.901945 4.532270 -0.909928 0.000000 0.912528 26596
car -1 -1 nan nan nan nan nan 1.441243 3.233501 1.225422 -21.438133 6.097508 -0.804273 0.000000 0.708673 26604
car -1 -1 nan nan nan nan nan 1.617758 1.762195 3.872314 4.116799 -3.105945 -0.966445 0.000000 0.948925 26606
car -1 -1 nan nan nan nan nan 1.517223 1.869244 4.361811 -11.219824 -3.463458 -1.192688 0.000000 0.939403 26607
car -1 -1 nan nan nan nan nan 1.516990 1.665765 3.013426 32.174878 2.059455 -0.602597 0.000000 0.918884 26609
car -1 -1 nan nan nan nan nan 1.413990 1.866904 4.249506 19.780299 2.331098 -0.924114 0.000000 0.932134 26610
car -1 -1 nan nan nan nan nan 1.441044 1.389090 3.590998 -17.229821 -3.441408 -1.278433 0.000000 0.943830 26611
car -1 -1 nan nan nan nan nan 1.536014 1.719727 3.927406 11.418051 -3.225951 -0.920391 0.000000 0.955383 26613
car -1 -1 nan nan nan nan nan 0.680053 2.331033 1.375721 38.052794 -6.690108 -0.666103 0.000000 0.851331 26615
car -1 -1 nan nan nan nan nan 0.695126 0.759212 0.315821 -18.611167 8.182496 -1.257098 0.000000 0.199293 26616
car -1 -1 nan nan nan nan nan 1.358035 3.785546 1.694851 -19.011658 5.937445 -0.969569 0.000000 0.877015 26618
bicyclist -1 -1 nan nan nan nan nan 1.225979 0.576268 1.110905 49.671644 -0.951447 -0.483917 0.000000 0.912233 26597
bicycle -1 -1 nan nan nan nan nan 0.283876 0.336677 0.363943 -19.933217 -9.009284 -0.915370 0.000000 0.747147 26617
motorcycle -1 -1 nan nan nan nan nan 0.254065 0.623290 0.490463 36.083557 -5.076892 -1.080300 0.000000 0.780683 26619
person -1 -1 nan nan nan nan nan 0.910816 0.537188 0.560927 6.021187 -24.395238 -1.646482 0.000000 0.856549 26599
person -1 -1 nan nan nan nan nan 0.561099 0.462102 0.215420 21.556242 8.145575 -0.397982 0.000000 0.820498 26600
