car -1 -1 nan nan nan nan nan 0.306960 1.006909 0.489639 -48.535648 -3.653655 -2.438165 0.000000 0.769653 27704
car -1 -1 nan nan nan nan nan 0.494987 1.787989 0.300393 -3.172576 28.057748 -2.093436 0.000000 0.844074 27705
car -1 -1 nan nan nan nan nan 1.439884 3.918545 2.047140 -6.898171 -6.466468 -1.081894 0.000000 0.956665 27706
truck -1 -1 nan nan nan nan nan 0.573048 0.347961 1.657238 45.319872 0.914896 -0.444708 0.000000 0.434750 27708
car -1 -1 nan nan nan nan nan 1.166046 1.734138 3.886072 -32.134490 -1.242764 -1.829687 0.000000 0.836853 27710
other-vehicle -1 -1 nan nan nan nan nan 1.178555 1.242403 1.792942 -47.548903 7.049262 -1.586554 0.000000 0.818891 27712
car -1 -1 nan nan nan nan nan 1.839380 1.865435 3.991335 -11.766214 3.217686 -1.175538 0.000000 0.951398 27713
car -1 -1 nan nan nan nan nan 1.446880 1.720799 3.561762 18.305018 2.547210 -0.781172 0.000000 0.925452 27714
car -1 -1 nan nan nan nan nan 1.369460 1.559936 4.276386 -24.054445 3.835232 -1.644371 0.000000 0.944038 27716
car -1 -1 nan nan nan nan nan 1.388284 1.637814 1.944946 39.620949 -3.501601 -0.358084 0.000000 0.943966 27717
car -1 -1 nan nan nan nan nan 1.038824 1.218857 1.242680 33.725138 1.602317 -0.581865 0.000000 0.759971 27718
car -1 -1 nan nan nan nan nan 1.372293 1.730816 4.149082 18.672850 -2.755197 -0.731114 0.000000 0.920027 27720
other-vehicle -1 -1 nan nan nan nan nan 0.421004 0.304966 0.219048 23.189995 4.456993 -0.500732 0.000000 0.782806 27721
car -1 -1 nan nan nan nan nan 1.245780 1.523815 3.273901 24.713590 2.044765 -0.613513 0.000000 0.851475 27724
bicyclist -1 -1 nan nan nan nan nan 1.334018 0.615929 0.965506 27.856082 -1.080874 -0.371676 0.000000 0.873249 27703
bicycle -1 -1 nan nan nan nan nan 0.303734 0.257201 0.391117 -24.311483 11.400400 -0.486384 0.000000 0.796162 27707
bicycle -1 -1 nan nan nan nan nan 0.574938 0.498955 0.333192 8.989798 -4.857999 -1.062171 0.000000 0.466586 27722
bicycle -1 -1 nan nan nan nan nan 1.114379 1.392903 0.749138 8.088001 -7.416772 -0.785292 0.000000 0.799263 27725
