car -1 -1 nan nan nan nan nan 1.476295 1.911511 4.664254 9.443498 2.938463 -0.856365 0.000000 0.932083 26805
other-vehicle -1 -1 nan nan nan nan nan 0.580287 1.547104 0.434923 -31.733045 6.028614 -0.799844 0.000000 0.733266 26806
car -1 -1 nan nan nan nan nan 1.010741 3.017711 1.600073 28.106185 -5.398457 -0.524499 0.000000 0.951226 26810
car -1 -1 nan nan nan nan nan 0.804638 0.340656 1.337910 -17.265293 3.539519 -1.216924 0.000000 0.798250 26811
other-vehicle -1 -1 nan nan nan nan nan 0.337124 1.604564 1.067202 -27.420211 -7.438603 -1.042520 0.000000 0.666689 26812
car -1 -1 nan nan nan nan nan 1.798186 1.879693 3.329088 21.771905 3.469173 -0.452814 0.000000 0.902525 26813
car -1 -1 nan nan nan nan nan 1.572335 1.757641 4.545348 -5.782523 -3.178644 -1.153804 0.000000 0.925345 26814
car -1 -1 nan nan nan nan nan 1.347819 1.752177 3.870195 -21.166455 -4.389418 -1.543929 0.000000 0.955775 26815
car -1 -1 nan nan nan nan nan 1.614451 1.747434 4.097750 1.571068 -2.857903 -0.710484 0.000000 0.937597 26816
car -1 -1 nan nan nan nan nan 1.432019 1.340873 3.242130 -27.453825 -4.618158 -1.689675 0.000000 0.937907 26818
car -1 -1 nan nan nan nan nan 1.105801 1.294883 1.581263 -29.616448 3.323400 -1.324470 0.000000 0.848162 26820
car -1 -1 nan nan nan nan nan 1.070956 1.435829 0.349810 -29.150489 5.572023 -1.321547 0.000000 0.781325 26821
bicyclist -1 -1 nan nan nan nan nan 1.308905 0.636600 1.054802 44.726261 1.912804 -0.305572 0.000000 0.907058 26817
