car -1 -1 nan nan nan nan nan 1.918374 1.844607 4.483263 -5.088685 3.106554 -0.981930 0.000000 0.951765 27208
car -1 -1 nan nan nan nan nan 0.775783 1.029874 1.624676 43.667719 5.276466 -0.535215 0.000000 0.483418 27209
car -1 -1 nan nan nan nan nan 1.545222 1.375958 3.415049 -20.690202 -2.595650 -1.168347 0.000000 0.888430 27213
car -1 -1 nan nan nan nan nan 0.682758 0.324080 1.790300 -32.203197 4.294792 -1.726409 0.000000 0.492662 27214
car -1 -1 nan nan nan nan nan 1.792801 1.798311 3.893300 6.828368 3.299533 -0.865938 0.000000 0.964359 27215
car -1 -1 nan nan nan nan nan 1.422323 1.696653 3.754320 -13.175561 -2.555915 -1.104984 0.000000 0.899666 27218
car -1 -1 nan nan nan nan nan 1.205885 4.085251 1.656482 12.644134 -5.932236 -0.674030 0.000000 0.941136 27219
car -1 -1 nan nan nan nan nan 0.830182 1.602224 3.228416 37.393005 5.009251 -1.021712 0.000000 0.860572 27220
car -1 -1 nan nan nan nan nan 0.762617 0.283905 1.574451 -35.399015 -2.848967 -1.646970 0.000000 0.672865 27221
other-vehicle -1 -1 nan nan nan nan nan 0.569475 0.892001 0.351105 -42.432301 -6.097838 -0.487706 0.000000 0.756363 27226
car -1 -1 nan nan nan nan nan 1.352597 1.901803 3.371487 37.921164 -0.114865 -0.764953 0.000000 0.875855 27231
motorcycle -1 -1 nan nan nan nan nan 0.697958 0.424470 0.356136 -37.858744 -6.179186 -0.746379 0.000000 0.646489 27224
bicyclist -1 -1 nan nan nan nan nan 1.389846 0.582334 0.781025 37.329462 1.974239 -0.548186 0.000000 0.851469 27227
motorcycle -1 -1 nan nan nan nan nan 0.783682 0.532443 0.567715 42.367933 7.304155 -0.790952 0.000000 0.865365 27229
person -1 -1 nan nan nan nan nan 0.298307 0.488098 0.288929 -49.530802 3.000265 -1.154802 0.000000 0.871421 27233
