car -1 -1 nan nan nan nan nan 1.507980 1.540362 3.756252 13.759752 -3.668779 -0.963953 0.000000 0.921446 26063
other-vehicle -1 -1 nan nan nan nan nan 2.108061 2.774537 5.636280 -46.911688 -7.243208 -0.354401 0.000000 0.832032 26064
car -1 -1 nan nan nan nan nan 0.329999 0.366845 0.402702 46.835438 0.419967 -0.616009 0.000000 0.851759 26066
other-vehicle -1 -1 nan nan nan nan nan 1.629855 1.208015 1.353296 -15.641084 25.378433 0.396726 0.000000 0.757849 26067
car -1 -1 nan nan nan nan nan 1.353997 1.631618 2.825766 28.836282 -5.302074 -0.872966 0.000000 0.794093 26070
car -1 -1 nan nan nan nan nan 1.459996 2.276128 1.574929 7.040136 5.708549 -0.939973 0.000000 0.868997 26073
car -1 -1 nan nan nan nan nan 1.488996 1.731552 3.762538 7.585757 -3.063767 -1.011426 0.000000 0.894293 26076
car -1 -1 nan nan nan nan nan 1.114844 1.132334 3.148027 -10.537205 24.989200 0.059743 0.000000 0.815470 26077
car -1 -1 nan nan nan nan nan 0.902019 0.309572 2.733103 -25.327310 -12.392894 -1.177542 0.000000 0.781189 26078
car -1 -1 nan nan nan nan nan 1.173043 3.448480 1.803961 19.194934 4.818333 -0.887841 0.000000 0.793866 26081
car -1 -1 nan nan nan nan nan 0.574995 1.587647 0.975346 43.959562 -1.732987 -1.223467 0.000000 0.792635 26083
car -1 -1 nan nan nan nan nan 0.536896 1.322411 1.861819 -12.736692 27.087744 -0.307894 0.000000 0.628439 26084
car -1 -1 nan nan nan nan nan 1.528340 1.915627 3.648836 -24.230330 -8.138084 -0.909216 0.000000 0.852470 26086
