truck -1 -1 nan nan nan nan nan 0.923566 3.805769 0.464691 -20.453362 -19.860404 0.707540 0.000000 0.448608 26899
car -1 -1 nan nan nan nan nan 0.853920 1.547741 1.302082 47.479410 6.636502 -0.905266 0.000000 0.673479 26900
car -1 -1 nan nan nan nan nan 1.515180 1.862949 4.847075 5.427049 3.037811 -0.990493 0.000000 0.920695 26901
car -1 -1 nan nan nan nan nan 1.011042 3.086288 1.686865 24.107566 -4.926647 -0.641894 0.000000 0.969449 26903
car -1 -1 nan nan nan nan nan 1.614833 1.889416 4.187247 -9.474344 -3.405893 -1.165113 0.000000 0.902373 26904
other-vehicle -1 -1 nan nan nan nan nan 0.490419 0.784259 0.219982 -20.254766 3.677860 0.435611 0.000000 0.396468 26905
other-vehicle -1 -1 nan nan nan nan nan 1.926001 1.666621 1.573986 -31.431967 -7.934881 -1.272071 0.000000 0.743168 26906
car -1 -1 nan nan nan nan nan 1.747541 1.923818 3.810418 17.716066 3.825180 -0.698225 0.000000 0.927741 26909
car -1 -1 nan nan nan nan nan 1.573826 1.478888 3.991355 -2.154815 -2.758377 -1.073439 0.000000 0.902380 26910
car -1 -1 nan nan nan nan nan 1.345936 1.804348 3.313063 -24.824748 -4.792466 -1.516773 0.000000 0.965821 26911
other-vehicle -1 -1 nan nan nan nan nan 0.605456 1.722782 1.245087 48.047153 1.476673 -0.764446 0.000000 0.677588 26913
car -1 -1 nan nan nan nan nan 1.279084 1.103694 2.704559 -31.169193 -5.024872 -1.509467 0.000000 0.906041 26915
car -1 -1 nan nan nan nan nan 1.172374 1.070904 1.247494 -33.653181 2.765399 -1.207837 0.000000 0.796396 26916
car -1 -1 nan nan nan nan nan 1.002757 0.961271 0.511562 -33.456114 4.559022 -1.134451 0.000000 0.785034 26918
bicyclist -1 -1 nan nan nan nan nan 1.309099 0.712363 0.829750 42.714108 3.002374 -0.516041 0.000000 0.905816 26912
person -1 -1 nan nan nan nan nan 0.233216 0.664607 0.327560 -36.088150 1.399163 -1.649583 0.000000 0.780182 26914
