car -1 -1 nan nan nan nan nan 1.325424 3.951237 1.831728 -16.922626 -6.707275 -1.349390 0.000000 0.955495 27938
car -1 -1 nan nan nan nan nan 0.612961 0.736017 0.713078 46.052118 1.399035 -0.461777 0.000000 0.692418 27939
other-vehicle -1 -1 nan nan nan nan nan 0.481839 0.544030 0.306271 -36.747862 9.717379 -1.225180 0.000000 0.811897 27941
other-vehicle -1 -1 nan nan nan nan nan 0.581730 4.487334 1.202105 -17.729793 13.859923 0.719009 0.000000 0.913834 27942
car -1 -1 nan nan nan nan nan 1.367283 1.594023 3.036970 30.128400 -3.193054 -0.523777 0.000000 0.916839 27943
car -1 -1 nan nan nan nan nan 0.675215 1.665249 1.837940 -40.779810 -1.742241 -2.009764 0.000000 0.874050 27945
car -1 -1 nan nan nan nan nan 1.753909 1.740795 4.141455 -22.139617 2.920973 -1.318614 0.000000 0.921943 27946
car -1 -1 nan nan nan nan nan 1.523296 1.750900 4.845724 8.975351 -2.615400 -0.884300 0.000000 0.956049 27950
car -1 -1 nan nan nan nan nan 0.861069 0.322010 1.714657 35.205801 1.321029 -0.730780 0.000000 0.823737 27951
car -1 -1 nan nan nan nan nan 1.561878 1.773962 3.835144 8.172678 2.646914 -0.878070 0.000000 0.931744 27953
car -1 -1 nan nan nan nan nan 0.796459 1.193155 1.059505 -34.049799 6.752124 -1.094945 0.000000 0.862495 27955
car -1 -1 nan nan nan nan nan 1.025073 0.455009 2.878063 34.772116 -2.542550 -0.585916 0.000000 0.878232 27956
car -1 -1 nan nan nan nan nan 1.379767 1.503989 3.511442 14.730720 2.371986 -0.697660 0.000000 0.915078 27959
car -1 -1 nan nan nan nan nan 1.321663 0.847614 3.107151 -33.736860 3.138601 -1.752626 0.000000 0.828008 27960
car -1 -1 nan nan nan nan nan 1.435976 1.609010 3.868763 24.761354 2.058526 -0.432333 0.000000 0.851880 27961
bicycle -1 -1 nan nan nan nan nan 1.159146 3.560079 1.305436 -1.520375 -6.165855 -1.107454 0.000000 0.842452 27947
bicyclist -1 -1 nan nan nan nan nan 1.384071 0.613006 1.117292 22.985217 -0.998510 -0.411746 0.000000 0.882931 27948
motorcycle -1 -1 nan nan nan nan nan 0.863815 1.491960 0.388322 11.788102 6.222926 -0.833858 0.000000 0.884474 27952
