car -1 -1 nan nan nan nan nan 1.365448 1.808796 4.257572 -20.015272 3.914720 -1.621699 0.000000 0.916060 27614
car -1 -1 nan nan nan nan nan 1.467466 1.723529 3.503790 22.335427 2.613289 -0.709250 0.000000 0.889438 27617
car -1 -1 nan nan nan nan nan 1.478481 3.771423 2.378438 -2.748452 -6.343407 -0.979911 0.000000 0.944892 27618
other-vehicle -1 -1 nan nan nan nan nan 1.057349 0.517649 1.873287 -34.333509 -0.385847 -2.036653 0.000000 0.723109 27619
truck -1 -1 nan nan nan nan nan 0.609110 2.984512 1.371872 -46.790867 7.918895 -0.563372 0.000000 0.747205 27620
car -1 -1 nan nan nan nan nan 1.879861 1.838395 3.614415 -7.806669 3.194032 -1.124495 0.000000 0.967712 27621
car -1 -1 nan nan nan nan nan 1.374802 1.723201 4.066156 -28.110585 -1.297394 -1.673309 0.000000 0.879349 27625
car -1 -1 nan nan nan nan nan 1.272835 1.244663 1.548340 43.588799 -3.097660 -0.291161 0.000000 0.803576 27626
car -1 -1 nan nan nan nan nan 0.262433 1.425705 1.247364 -43.878016 -3.978589 -2.357562 0.000000 0.802858 27627
other-vehicle -1 -1 nan nan nan nan nan 1.011983 0.336914 0.311831 27.307815 4.562261 -0.684464 0.000000 0.847493 27629
car -1 -1 nan nan nan nan nan 1.338833 1.725544 4.049719 22.783195 -2.659282 -0.638569 0.000000 0.889727 27630
car -1 -1 nan nan nan nan nan 1.145652 1.159676 3.068161 28.716740 1.986459 -0.594420 0.000000 0.806983 27632
motorcyclist -1 -1 nan nan nan nan nan 0.908909 0.919754 1.374706 37.906927 1.508591 -0.551852 0.000000 0.810265 27622
bicyclist -1 -1 nan nan nan nan nan 1.245199 0.615832 1.288349 29.768826 -0.949739 -0.322038 0.000000 0.890740 27623
