car -1 -1 nan nan nan nan nan 1.455190 1.746045 3.957119 -23.004370 -1.574304 -1.413142 0.000000 0.899297 27491
car -1 -1 nan nan nan nan nan 0.254072 0.541683 0.340534 48.225492 -2.434588 -0.930600 0.000000 0.716450 27492
car -1 -1 nan nan nan nan nan 1.462939 3.768334 1.825155 2.156581 -6.296484 -0.845669 0.000000 0.906733 27493
car -1 -1 nan nan nan nan nan 1.263172 1.660043 3.252508 27.438718 2.872834 -0.817078 0.000000 0.898054 27495
car -1 -1 nan nan nan nan nan 1.891527 2.088032 3.807849 -2.846388 3.220491 -0.999928 0.000000 0.954769 27496
car -1 -1 nan nan nan nan nan 1.442112 1.868567 4.496810 -15.018687 3.763703 -1.419232 0.000000 0.940394 27497
car -1 -1 nan nan nan nan nan 0.442473 0.916583 0.956833 -39.454872 -7.031534 -1.833647 0.000000 0.690156 27498
car -1 -1 nan nan nan nan nan 1.093869 1.076351 1.011440 34.785425 2.571994 -0.612409 0.000000 0.708124 27499
car -1 -1 nan nan nan nan nan 0.744042 0.870499 1.532730 42.969303 2.052305 -0.780271 0.000000 0.613292 27500
other-vehicle -1 -1 nan nan nan nan nan 1.271266 1.280402 2.034241 -29.151882 -1.067656 -1.404618 0.000000 0.896116 27501
car -1 -1 nan nan nan nan nan 1.457279 1.706022 3.826616 27.863917 -2.384112 -0.738997 0.000000 0.869183 27503
car -1 -1 nan nan nan nan nan 0.575272 0.216745 0.457516 -45.528913 -0.326595 -2.122842 0.000000 0.484164 27506
car -1 -1 nan nan nan nan nan 0.269615 0.843934 0.260605 -39.107418 -4.411733 -1.922420 0.000000 0.685592 27509
car -1 -1 nan nan nan nan nan 1.095328 2.104203 1.174370 -45.198887 -4.430767 -1.314894 0.000000 0.879488 27510
car -1 -1 nan nan nan nan nan 0.576920 0.661610 1.145145 32.872049 2.014826 -1.137849 0.000000 0.742086 27513
motorcycle -1 -1 nan nan nan nan nan 0.768959 1.638041 0.927803 30.955332 6.328854 -1.010447 0.000000 0.934989 27504
bicyclist -1 -1 nan nan nan nan nan 1.400997 0.665608 0.847200 32.302463 -0.465726 -0.544402 0.000000 0.883003 27505
motorcycle -1 -1 nan nan nan nan nan 0.819962 0.655616 0.843090 32.605635 4.756228 -0.664728 0.000000 0.796673 27508
