car -1 -1 nan nan nan nan nan 1.802878 1.873945 3.985960 3.872971 3.216801 -0.861029 0.000000 0.965224 27288
car -1 -1 nan nan nan nan nan 0.594016 0.514415 0.972744 49.586805 4.162765 -0.789034 0.000000 0.794139 27290
car -1 -1 nan nan nan nan nan 1.445403 1.162695 3.878807 -23.464012 -2.023097 -1.248310 0.000000 0.848536 27291
car -1 -1 nan nan nan nan nan 1.238930 1.834913 3.894035 35.109138 -0.950419 -0.683733 0.000000 0.886570 27292
car -1 -1 nan nan nan nan nan 1.481203 1.800112 4.387321 -7.920225 3.271369 -1.308670 0.000000 0.939835 27294
car -1 -1 nan nan nan nan nan 1.264809 3.999055 1.843799 9.370855 -6.141131 -0.654628 0.000000 0.961378 27295
truck -1 -1 nan nan nan nan nan 1.480196 2.233934 0.544640 -40.088623 11.615422 0.801662 0.000000 0.579460 27296
car -1 -1 nan nan nan nan nan 0.702310 1.768102 1.493408 37.446789 8.085930 -0.941296 0.000000 0.852716 27297
car -1 -1 nan nan nan nan nan 0.378784 0.921846 0.631575 -31.909341 -8.822508 -1.610293 0.000000 0.786719 27298
car -1 -1 nan nan nan nan nan 0.320198 0.273804 0.835415 -44.143824 -2.403795 -1.283839 0.000000 0.543727 27299
car -1 -1 nan nan nan nan nan 1.479746 1.845967 3.544052 -16.262936 -2.366239 -1.214811 0.000000 0.836412 27300
car -1 -1 nan nan nan nan nan 0.477285 0.611313 0.764343 39.769962 3.643857 -1.084791 0.000000 0.648292 27302
car -1 -1 nan nan nan nan nan 1.421787 1.624178 3.197468 34.426447 4.251181 -0.781934 0.000000 0.896224 27303
car -1 -1 nan nan nan nan nan 0.419224 0.351844 1.306278 -37.897284 -2.150335 -1.869971 0.000000 0.601621 27304
bicycle -1 -1 nan nan nan nan nan 0.996136 0.607328 0.623325 39.498999 6.302882 -0.847087 0.000000 0.845481 27305
bicyclist -1 -1 nan nan nan nan nan 1.330157 0.579344 0.904190 35.802887 1.155685 -0.514482 0.000000 0.866219 27308
person -1 -1 nan nan nan nan nan 0.408132 0.291862 0.238109 2.234630 9.546613 -0.689730 0.000000 0.680492 27301
