car -1 -1 nan nan nan nan nan 1.762657 1.826661 4.163019 1.720307 -3.111566 -0.835633 0.000000 0.949042 26337
car -1 -1 nan nan nan nan nan 1.201106 0.447191 2.598564 -46.658417 -10.925095 -1.085388 0.000000 0.866584 26338
car -1 -1 nan nan nan nan nan 0.218418 1.235863 0.858940 46.149105 0.139598 0.244956 0.000000 0.806257 26339
car -1 -1 nan nan nan nan nan 1.288271 0.987628 3.378204 24.766430 -3.813160 -0.784506 0.000000 0.913500 26341
car -1 -1 nan nan nan nan nan 0.582947 0.784030 0.674020 -7.431025 6.464413 -0.335393 0.000000 0.380592 26342
car -1 -1 nan nan nan nan nan 1.338825 1.836293 4.100328 33.174434 0.974187 -0.730706 0.000000 0.845678 26345
car -1 -1 nan nan nan nan nan 1.605720 1.645172 3.754512 17.234055 -3.617559 -0.832158 0.000000 0.924625 26346
car -1 -1 nan nan nan nan nan 1.576458 1.686222 3.506736 -4.089245 -2.888247 -1.083734 0.000000 0.921161 26348
car -1 -1 nan nan nan nan nan 1.475155 4.581374 1.758611 -5.468411 6.945450 -0.971406 0.000000 0.955744 26352
car -1 -1 nan nan nan nan nan 0.229006 0.435308 0.303276 44.244274 -0.113580 -0.836509 0.000000 0.479212 26353
car -1 -1 nan nan nan nan nan 1.532105 3.969476 1.987024 6.535597 6.044451 -0.854436 0.000000 0.925095 26354
person -1 -1 nan nan nan nan nan 0.976840 1.231861 0.670551 39.953367 3.025638 -0.843409 0.000000 0.857469 26347
