car -1 -1 nan nan nan nan nan 1.499294 1.714428 4.160990 15.653256 -2.714661 -0.759832 0.000000 0.930308 27775
car -1 -1 nan nan nan nan nan 1.835301 1.718597 3.572593 -14.878823 3.119786 -1.230011 0.000000 0.942262 27777
car -1 -1 nan nan nan nan nan 0.506008 0.278076 0.581921 41.684721 1.008268 -0.632080 0.000000 0.701754 27778
car -1 -1 nan nan nan nan nan 1.341597 1.410848 4.253685 -27.180132 3.671766 -1.658683 0.000000 0.906475 27780
car -1 -1 nan nan nan nan nan 0.932013 1.099277 1.379187 30.645389 1.556901 -0.699103 0.000000 0.769470 27781
car -1 -1 nan nan nan nan nan 1.434754 4.019053 1.835710 -9.949800 -6.525764 -1.171584 0.000000 0.964156 27782
car -1 -1 nan nan nan nan nan 1.481142 1.683071 2.004055 -34.071634 -1.340231 -1.899254 0.000000 0.879554 27785
car -1 -1 nan nan nan nan nan 1.103725 1.617393 2.475117 36.806826 -3.473389 -0.403504 0.000000 0.840595 27786
car -1 -1 nan nan nan nan nan 1.544988 1.717468 3.629951 15.235182 2.533118 -0.793795 0.000000 0.929130 27788
car -1 -1 nan nan nan nan nan 1.323975 1.408295 3.307444 21.638080 2.043492 -0.629192 0.000000 0.923509 27789
other-vehicle -1 -1 nan nan nan nan nan 0.513999 0.565156 0.466507 20.230001 4.595582 -0.341235 0.000000 0.670842 27794
motorcycle -1 -1 nan nan nan nan nan 0.956033 0.950187 0.498688 18.949472 5.673406 -0.784176 0.000000 0.907436 27783
bicycle -1 -1 nan nan nan nan nan 0.953259 1.478124 0.740117 5.093745 -7.881809 -0.786139 0.000000 0.867498 27784
bicyclist -1 -1 nan nan nan nan nan 1.259017 0.603151 1.322592 26.346519 -1.069762 -0.338359 0.000000 0.917323 27787
bicycle -1 -1 nan nan nan nan nan 0.949276 1.848190 1.240545 5.468066 -5.344791 -1.110893 0.000000 0.846131 27792
