car -1 -1 nan nan nan nan nan 1.475491 1.574519 3.647076 -4.886096 -2.406055 -1.157855 0.000000 0.969245 29189
car -1 -1 nan nan nan nan nan 1.471010 0.821930 3.598507 25.478111 2.617792 -0.443490 0.000000 0.922067 29191
car -1 -1 nan nan nan nan nan 1.324177 1.692827 3.789562 -25.981728 -2.561822 -1.648516 0.000000 0.941685 29192
car -1 -1 nan nan nan nan nan 2.052017 5.495762 2.302919 5.292945 9.432398 -0.488466 0.000000 0.603123 29193
car -1 -1 nan nan nan nan nan 1.188003 1.932893 1.706363 8.665898 -9.150850 -0.727964 0.000000 0.760699 29194
car -1 -1 nan nan nan nan nan 1.958016 1.988833 4.292984 11.834088 2.784260 -0.630101 0.000000 0.936139 29196
car -1 -1 nan nan nan nan nan 1.918595 1.762400 3.904094 -10.237039 2.557072 -1.058428 0.000000 0.911949 29197
car -1 -1 nan nan nan nan nan 0.964059 1.533931 3.785003 0.279864 2.815710 -1.005358 0.000000 0.945246 29198
car -1 -1 nan nan nan nan nan 1.526478 1.698043 3.665262 -20.799832 2.478624 -1.550921 0.000000 0.879753 29199
other-vehicle -1 -1 nan nan nan nan nan 0.357739 0.393051 1.132360 3.089428 -7.068075 -1.164442 0.000000 0.394168 29200
car -1 -1 nan nan nan nan nan 1.290991 1.595874 2.653231 21.823209 -2.305816 -0.472459 0.000000 0.835256 29201
car -1 -1 nan nan nan nan nan 1.772019 1.216897 4.177308 17.584993 2.438297 -0.620034 0.000000 0.942193 29202
car -1 -1 nan nan nan nan nan 1.452543 1.277559 3.557856 -27.033574 2.430495 -1.703975 0.000000 0.932420 29203
car -1 -1 nan nan nan nan nan 1.592577 1.956519 3.802871 -4.333988 2.767840 -1.014314 0.000000 0.960397 29204
car -1 -1 nan nan nan nan nan 1.148242 1.205849 3.871913 -0.441620 -2.603846 -0.903130 0.000000 0.951090 29205
car -1 -1 nan nan nan nan nan 1.440032 3.180797 1.926005 7.598533 6.302010 -0.849375 0.000000 0.872568 29206
bicycle -1 -1 nan nan nan nan nan 0.255088 0.435924 0.206070 -41.870716 7.052533 -1.555566 0.000000 0.611824 29190
bicycle -1 -1 nan nan nan nan nan 0.330952 0.350030 0.218079 -4.867380 8.404351 -0.832531 0.000000 0.807695 29195
bicyclist -1 -1 nan nan nan nan nan 1.618994 0.599947 1.820071 11.126752 -0.913919 -0.693444 0.000000 0.907671 29207
motorcycle -1 -1 nan nan nan nan nan 1.130979 2.018940 0.882220 5.341678 -6.351053 -1.085347 0.000000 0.826421 29208
