car -1 -1 nan nan nan nan nan 1.714314 2.490065 3.822561 -10.556439 1.126096 -1.026423 0.000000 0.934666 31279
car -1 -1 nan nan nan nan nan 0.304922 0.675036 0.859653 47.921392 12.989250 -1.233946 0.000000 0.736389 31280
car -1 -1 nan nan nan nan nan 1.474843 3.423897 1.602503 20.268981 -37.889374 -0.414821 0.000000 0.933926 31281
car -1 -1 nan nan nan nan nan 0.900550 0.406132 1.366897 -0.156483 49.752352 -1.882726 0.000000 0.772121 31282
car -1 -1 nan nan nan nan nan 0.296709 0.355618 0.299774 -49.749027 -6.011305 -1.225384 0.000000 0.667642 31283
car -1 -1 nan nan nan nan nan 1.358428 3.354454 2.078560 6.546576 19.225611 -1.393660 0.000000 0.930947 31284
car -1 -1 nan nan nan nan nan 0.546004 0.655511 0.257860 -27.863078 -11.068079 -0.483729 0.000000 0.703822 31286
car -1 -1 nan nan nan nan nan 1.171933 1.855347 1.216633 36.002020 13.868689 -0.922302 0.000000 0.844598 31291
car -1 -1 nan nan nan nan nan 1.745386 2.075400 4.046015 -23.905503 -2.283230 -1.132275 0.000000 0.895605 31293
car -1 -1 nan nan nan nan nan 0.957940 1.659606 3.110809 -35.427055 -5.052234 -1.605811 0.000000 0.849658 31294
car -1 -1 nan nan nan nan nan 0.752519 0.487984 1.325812 -4.312164 39.770142 -2.224249 0.000000 0.732519 31295
car -1 -1 nan nan nan nan nan 1.449482 4.345110 2.338810 -1.078842 26.137038 -1.561404 0.000000 0.924378 31296
car -1 -1 nan nan nan nan nan 1.756102 4.397032 1.889082 17.659905 -28.212838 -0.335586 0.000000 0.911009 31298
car -1 -1 nan nan nan nan nan 1.550178 3.513689 2.256482 8.042117 13.033684 -1.193496 0.000000 0.929148 31299
car -1 -1 nan nan nan nan nan 0.462880 0.535886 0.594231 -35.568592 -12.118413 -1.003870 0.000000 0.495385 31300
car -1 -1 nan nan nan nan nan 1.489902 1.438389 1.787536 1.829264 40.865194 -1.876808 0.000000 0.697681 31301
car -1 -1 nan nan nan nan nan 1.434598 1.951947 3.942360 -12.757698 -4.566621 -1.124530 0.000000 0.914885 31302
car -1 -1 nan nan nan nan nan 1.804039 2.415776 4.147278 -18.192173 -0.799108 -1.126205 0.000000 0.959282 31303
car -1 -1 nan nan nan nan nan 1.609001 4.355745 1.899093 16.569544 -22.755240 -0.516953 0.000000 0.935141 31306
car -1 -1 nan nan nan nan nan 0.758161 1.112450 0.701260 -39.151041 -5.855412 -1.414971 0.000000 0.677491 31307
car -1 -1 nan nan nan nan nan 1.798967 2.082591 1.422306 42.495920 4.871602 -0.558960 0.000000 0.730450 31308
car -1 -1 nan nan nan nan nan 1.330303 1.644774 3.317364 -34.966257 -9.724990 -1.394660 0.000000 0.877881 31310
bicyclist -1 -1 nan nan nan nan nan 1.602002 0.636115 1.754142 10.441519 -0.536787 -0.743026 0.000000 0.942551 31288
bicycle -1 -1 nan nan nan nan nan 0.363460 0.895502 0.247089 18.531515 -20.192073 -0.848523 0.000000 0.804251 31289
bicycle -1 -1 nan nan nan nan nan 0.646115 1.259985 0.703176 -4.395330 -11.147567 -1.175657 0.000000 0.806146 31290
bicycle -1 -1 nan nan nan nan nan 0.456944 0.751401 1.179775 42.794264 2.604870 -0.934144 0.000000 0.758097 31292
bicyclist -1 -1 nan nan nan nan nan 1.643372 0.878430 0.907120 -44.785519 -7.400482 -1.237250 0.000000 0.773402 31305
bicycle -1 -1 nan nan nan nan nan 0.244970 0.276878 0.594570 44.868299 3.250442 -0.854077 0.000000 0.833733 31309
