car -1 -1 nan nan nan nan nan 1.591792 1.150986 3.702887 20.067964 2.713445 -0.522928 0.000000 0.913539 29435
car -1 -1 nan nan nan nan nan 1.369327 1.679447 4.102993 -31.676825 -2.534199 -1.742828 0.000000 0.954118 29436
car -1 -1 nan nan nan nan nan 1.361836 2.856094 2.636054 2.691440 -9.620225 -0.910388 0.000000 0.936442 29439
truck -1 -1 nan nan nan nan nan 1.780277 2.331932 2.045750 48.775129 8.940728 1.018344 0.000000 0.841661 29440
car -1 -1 nan nan nan nan nan 1.920339 1.936946 4.532645 6.363629 2.751497 -0.768358 0.000000 0.962685 29441
car -1 -1 nan nan nan nan nan 1.432326 1.435761 3.642701 -10.441554 -2.338963 -1.229054 0.000000 0.948623 29442
other-vehicle -1 -1 nan nan nan nan nan 0.766568 2.003099 0.944264 2.039146 11.405748 -0.946516 0.000000 0.603346 29443
car -1 -1 nan nan nan nan nan 1.334809 1.134956 2.513901 -25.945477 2.439302 -1.558537 0.000000 0.887472 29444
car -1 -1 nan nan nan nan nan 1.253417 1.591529 3.430303 -4.963227 2.691990 -1.251783 0.000000 0.945459 29445
car -1 -1 nan nan nan nan nan 1.833896 1.538046 3.894241 -15.676640 2.466593 -1.096004 0.000000 0.935666 29446
car -1 -1 nan nan nan nan nan 1.427878 1.652948 2.347113 16.126470 -2.332440 -0.637023 0.000000 0.911574 29447
car -1 -1 nan nan nan nan nan 1.801971 1.613006 4.211839 11.965812 2.562481 -0.714954 0.000000 0.953595 29448
other-vehicle -1 -1 nan nan nan nan nan 0.869571 1.504079 1.108457 -2.288391 -7.312591 -1.211752 0.000000 0.716114 29449
car -1 -1 nan nan nan nan nan 1.459697 3.487072 1.872704 1.944168 6.380672 -0.967398 0.000000 0.945281 29450
car -1 -1 nan nan nan nan nan 1.633063 1.826500 3.664482 -9.987282 2.709268 -1.143992 0.000000 0.899825 29451
car -1 -1 nan nan nan nan nan 1.286769 1.277140 2.852444 -32.414545 2.443044 -1.649270 0.000000 0.874125 29452
car -1 -1 nan nan nan nan nan 1.434028 1.933334 3.933803 -5.821543 -2.491152 -1.129754 0.000000 0.966978 29453
other-vehicle -1 -1 nan nan nan nan nan 1.124995 0.243992 0.446949 45.721125 -8.521720 0.114762 0.000000 0.777923 29456
car -1 -1 nan nan nan nan nan 2.141019 3.663494 2.594262 -0.114189 8.485073 -0.612472 0.000000 0.659723 29457
truck -1 -1 nan nan nan nan nan 0.867162 0.800959 0.353832 46.000036 6.367329 1.347435 0.000000 0.350551 29458
bicyclist -1 -1 nan nan nan nan nan 1.511904 0.664994 2.032228 10.928056 -0.755492 -0.636648 0.000000 0.951675 29455
motorcycle -1 -1 nan nan nan nan nan 1.268769 2.382945 0.787787 -0.310399 -6.380818 -1.106127 0.000000 0.924026 29459
person -1 -1 nan nan nan nan nan 0.434886 0.284134 0.222592 -7.914132 9.012581 -0.107832 0.000000 0.674902 29438
