car -1 -1 nan nan nan nan nan 1.931540 1.567621 4.365609 -12.009287 2.447068 -1.061499 0.000000 0.933327 30444
car -1 -1 nan nan nan nan nan 0.913667 1.440291 0.355183 49.910673 4.667947 -0.644483 0.000000 0.826991 30445
car -1 -1 nan nan nan nan nan 1.288378 2.776404 1.579563 22.554724 16.272833 -0.824252 0.000000 0.900419 30447
car -1 -1 nan nan nan nan nan 1.561692 1.401332 1.407654 -33.597630 2.101906 -1.349939 0.000000 0.823718 30453
car -1 -1 nan nan nan nan nan 0.580154 0.654792 1.413131 -15.519188 -9.007505 -1.071725 0.000000 0.872859 30454
car -1 -1 nan nan nan nan nan 1.237302 1.578507 3.892223 -1.662693 -2.480008 -0.961382 0.000000 0.966974 30455
car -1 -1 nan nan nan nan nan 1.011172 1.578181 3.233034 -23.756194 2.358600 -1.505096 0.000000 0.930382 30456
car -1 -1 nan nan nan nan nan 1.379526 3.765614 1.427647 22.562124 10.334426 -0.824002 0.000000 0.936684 30460
car -1 -1 nan nan nan nan nan 1.847820 1.767311 4.164310 -6.337033 2.567505 -1.036064 0.000000 0.952942 30461
car -1 -1 nan nan nan nan nan 1.171255 1.252976 2.296530 -28.551127 -2.715094 -1.447981 0.000000 0.852301 30464
car -1 -1 nan nan nan nan nan 1.471392 1.614904 3.009411 -28.639839 2.420287 -1.319688 0.000000 0.873473 30465
car -1 -1 nan nan nan nan nan 0.626561 1.407120 0.729488 -49.184198 -2.923666 -2.218317 0.000000 0.703013 30466
car -1 -1 nan nan nan nan nan 1.336723 1.503522 3.865526 -24.650321 -2.699217 -1.501671 0.000000 0.850771 30467
car -1 -1 nan nan nan nan nan 1.271180 0.804018 1.272821 -25.368011 -4.736845 -1.410036 0.000000 0.496525 30470
car -1 -1 nan nan nan nan nan 1.660440 2.570002 4.168116 1.373609 3.254288 -0.879290 0.000000 0.947024 30472
bicyclist -1 -1 nan nan nan nan nan 1.626937 0.642124 1.563715 10.114161 -1.570302 -0.830161 0.000000 0.917566 30448
bicyclist -1 -1 nan nan nan nan nan 1.260904 0.743146 1.345036 42.785555 5.070525 -0.285060 0.000000 0.886180 30457
bicyclist -1 -1 nan nan nan nan nan 0.208126 1.204233 0.626942 43.024042 -9.563914 0.237006 0.000000 0.779756 30473
person -1 -1 nan nan nan nan nan 0.811215 0.828245 0.454819 -22.001926 -5.109362 -0.642408 0.000000 0.723462 30462
