car -1 -1 nan nan nan nan nan 1.110961 3.024864 1.536051 18.098870 -40.387573 -0.703960 0.000000 0.885761 31004
car -1 -1 nan nan nan nan nan 0.531015 1.535992 1.919179 14.080173 45.387449 -1.091643 0.000000 0.831783 31005
car -1 -1 nan nan nan nan nan 0.965265 0.669722 0.523014 -41.936747 -1.508362 -1.976907 0.000000 0.774998 31006
car -1 -1 nan nan nan nan nan 0.302146 0.254673 0.345098 -6.326216 -48.571367 -0.369067 0.000000 0.449372 31009
car -1 -1 nan nan nan nan nan 1.355968 3.556629 1.780561 12.326199 17.920210 -0.948137 0.000000 0.934745 31010
car -1 -1 nan nan nan nan nan 1.867846 1.801907 4.130404 -20.995233 0.768618 -1.317366 0.000000 0.931587 31011
car -1 -1 nan nan nan nan nan 1.575161 4.320244 1.554390 16.412819 -25.016197 -0.629950 0.000000 0.935738 31013
car -1 -1 nan nan nan nan nan 1.352274 1.643412 3.294880 -32.830328 -5.276537 -1.800535 0.000000 0.867895 31016
car -1 -1 nan nan nan nan nan 1.020999 1.930040 1.567081 40.954382 8.476003 -0.373697 0.000000 0.889207 31017
car -1 -1 nan nan nan nan nan 1.520428 1.767123 3.864856 -10.145665 -3.113609 -1.220355 0.000000 0.940205 31019
other-vehicle -1 -1 nan nan nan nan nan 0.352019 1.399009 1.853006 -28.287698 5.712498 0.020793 0.000000 0.802782 31020
other-vehicle -1 -1 nan nan nan nan nan 1.631333 4.596896 1.894400 -26.170920 -8.994933 -0.567900 0.000000 0.851121 31024
car -1 -1 nan nan nan nan nan 1.399213 3.702125 1.784481 12.887611 11.610416 -0.863542 0.000000 0.920871 31027
car -1 -1 nan nan nan nan nan 1.722187 2.134925 3.721184 -7.294475 2.413351 -1.059941 0.000000 0.958623 31028
car -1 -1 nan nan nan nan nan 1.784861 4.327278 1.881105 16.944476 -30.599419 -0.576261 0.000000 0.931468 31029
car -1 -1 nan nan nan nan nan 1.922599 2.163150 4.337430 -15.503129 1.403081 -1.206578 0.000000 0.955543 31030
other-vehicle -1 -1 nan nan nan nan nan 1.603766 2.209649 0.871578 44.273539 9.953683 0.932471 0.000000 0.671861 31034
truck -1 -1 nan nan nan nan nan 0.996154 0.490010 0.732590 40.860970 -7.574781 1.131344 0.000000 0.436717 31035
car -1 -1 nan nan nan nan nan 0.929778 1.093164 3.025690 -32.241878 -0.334603 -1.760618 0.000000 0.907528 31036
other-vehicle -1 -1 nan nan nan nan nan 0.925976 0.201092 2.311883 -2.981933 -49.615892 1.392812 0.000000 0.490663 31038
truck -1 -1 nan nan nan nan nan 1.135107 2.532100 1.391609 35.863480 -9.117904 0.894502 0.000000 0.488571 31047
bicyclist -1 -1 nan nan nan nan nan 1.578019 0.638370 1.351683 9.767319 -2.070100 -0.598031 0.000000 0.922833 31018
bicycle -1 -1 nan nan nan nan nan 0.754978 0.426830 1.187052 14.685446 38.489511 -1.280778 0.000000 0.837722 31033
person -1 -1 nan nan nan nan nan 0.499976 0.244505 0.263813 43.995531 -9.579466 1.489083 0.000000 0.495282 31043
