car -1 -1 nan nan nan nan nan 1.459175 1.620253 3.973191 -0.107815 2.810274 -0.620258 0.000000 0.949721 30535
car -1 -1 nan nan nan nan nan 1.149606 1.500646 3.852514 -25.599576 2.251355 -1.815335 0.000000 0.919353 30538
car -1 -1 nan nan nan nan nan 1.387334 3.401411 1.540049 20.932155 16.690957 -0.694982 0.000000 0.953957 30539
car -1 -1 nan nan nan nan nan 0.485168 0.464764 1.247360 -17.080248 -8.987639 -1.227839 0.000000 0.836680 30541
car -1 -1 nan nan nan nan nan 0.226781 0.229130 0.542660 -39.414576 4.278016 -1.492488 0.000000 0.579268 30542
car -1 -1 nan nan nan nan nan 1.981778 1.669203 4.359474 -13.578298 2.342477 -1.208144 0.000000 0.923421 30543
car -1 -1 nan nan nan nan nan 1.378396 3.709515 1.757072 21.051598 10.367156 -0.661126 0.000000 0.912550 30548
car -1 -1 nan nan nan nan nan 1.223130 1.844547 3.895730 -3.183101 -2.607192 -1.010401 0.000000 0.959053 30549
car -1 -1 nan nan nan nan nan 0.227124 0.510677 0.884645 -21.297866 6.738682 -0.814582 0.000000 0.498942 30550
car -1 -1 nan nan nan nan nan 1.880897 2.089105 4.102503 -7.944915 2.495147 -1.142545 0.000000 0.944829 30551
car -1 -1 nan nan nan nan nan 1.250378 1.598065 3.796774 -26.185973 -2.817214 -1.678518 0.000000 0.930465 30552
car -1 -1 nan nan nan nan nan 1.412152 1.495233 2.930229 -30.212946 2.306084 -1.668384 0.000000 0.866163 30553
car -1 -1 nan nan nan nan nan 1.663838 1.407127 1.501873 -35.292685 2.002691 -1.604204 0.000000 0.778979 30554
other-vehicle -1 -1 nan nan nan nan nan 0.528223 0.569095 1.436821 41.124893 5.204374 -0.118533 0.000000 0.714931 30555
car -1 -1 nan nan nan nan nan 0.837652 1.106918 2.185394 -30.175026 -2.742226 -1.542346 0.000000 0.880006 30556
car -1 -1 nan nan nan nan nan 0.334427 0.710351 0.734076 -26.656232 -4.854695 -1.797168 0.000000 0.752170 30559
truck -1 -1 nan nan nan nan nan 0.494994 0.416062 1.038074 44.320257 -11.068848 1.500016 0.000000 0.444233 30562
car -1 -1 nan nan nan nan nan 0.942912 1.566261 0.305229 48.258854 4.858807 -0.338142 0.000000 0.815827 30564
bicyclist -1 -1 nan nan nan nan nan 1.581966 0.662119 1.417851 9.978760 -1.853343 -0.731725 0.000000 0.924423 30545
