car -1 -1 nan nan nan nan nan 1.436016 1.675291 4.042202 -12.863730 -2.685888 -1.346480 0.000000 0.933283 28635
car -1 -1 nan nan nan nan nan 0.322150 0.558149 0.271820 -47.755600 7.222786 -1.541425 0.000000 0.759557 28637
car -1 -1 nan nan nan nan nan 0.745767 2.353818 1.595776 -38.943319 -7.140657 -1.653142 0.000000 0.842207 28639
car -1 -1 nan nan nan nan nan 1.120022 1.726937 2.194485 18.748289 7.948903 0.344542 0.000000 0.489312 28643
car -1 -1 nan nan nan nan nan 1.414043 0.438986 3.754616 31.036026 2.594295 -0.399509 0.000000 0.844424 28645
car -1 -1 nan nan nan nan nan 0.476269 1.331888 2.400938 17.437491 -7.121399 -0.794599 0.000000 0.621603 28646
truck -1 -1 nan nan nan nan nan 1.536011 1.635934 1.011372 -43.205011 1.713638 -1.721182 0.000000 0.890161 28647
car -1 -1 nan nan nan nan nan 1.654025 1.709851 3.862531 8.451734 2.756721 -0.862198 0.000000 0.935898 28649
car -1 -1 nan nan nan nan nan 1.494312 1.970351 3.566304 -7.377674 2.475407 -1.191357 0.000000 0.922644 28650
car -1 -1 nan nan nan nan nan 1.129861 1.669858 2.835873 35.487364 -1.842850 -0.412309 0.000000 0.917674 28651
car -1 -1 nan nan nan nan nan 0.521920 0.536030 0.638939 -41.978794 7.275604 -1.451792 0.000000 0.689539 28653
car -1 -1 nan nan nan nan nan 1.454838 1.902714 3.508852 8.069422 -2.490182 -0.964561 0.000000 0.945046 28654
car -1 -1 nan nan nan nan nan 1.461545 1.665481 3.453357 -13.500144 2.410565 -1.335813 0.000000 0.940054 28656
car -1 -1 nan nan nan nan nan 1.193058 1.138900 3.373650 13.446585 2.650252 -1.011351 0.000000 0.942255 28657
car -1 -1 nan nan nan nan nan 1.045854 1.290905 2.620340 30.150014 -4.324156 -0.218953 0.000000 0.719711 28658
car -1 -1 nan nan nan nan nan 0.515415 0.829935 0.799450 -48.261095 4.458342 -1.122187 0.000000 0.476094 28659
car -1 -1 nan nan nan nan nan 0.492622 0.902171 1.418289 -41.399086 -5.796173 -2.094544 0.000000 0.775731 28660
car -1 -1 nan nan nan nan nan 1.405840 1.429881 3.785187 12.795025 -2.134799 -0.921248 0.000000 0.899229 28663
car -1 -1 nan nan nan nan nan 1.748061 1.975847 4.162933 25.231997 3.138749 -0.581573 0.000000 0.901749 28664
car -1 -1 nan nan nan nan nan 1.891658 1.712811 4.213305 2.654853 2.545114 -0.779900 0.000000 0.919354 28665
bicyclist -1 -1 nan nan nan nan nan 1.582008 0.665940 1.285988 13.835261 -0.784929 -0.695094 0.000000 0.916878 28638
motorcycle -1 -1 nan nan nan nan nan 1.069238 1.725391 0.513700 -5.077330 7.119359 -1.211590 0.000000 0.923226 28641
bicycle -1 -1 nan nan nan nan nan 0.528081 1.168129 0.647882 -20.226769 7.112688 -1.417349 0.000000 0.831958 28642
motorcycle -1 -1 nan nan nan nan nan 1.144809 1.275633 0.638192 -10.559551 6.169014 -1.267732 0.000000 0.897403 28655
bicycle -1 -1 nan nan nan nan nan 0.303194 0.355124 0.264423 -44.811274 7.331663 -1.438217 0.000000 0.697897 28661
motorcycle -1 -1 nan nan nan nan nan 0.464067 0.544140 0.590353 -5.162440 5.481885 -1.033818 0.000000 0.438715 28662
person -1 -1 nan nan nan nan nan 0.646889 0.678948 0.722490 26.439088 -3.867204 0.156613 0.000000 0.772729 28640
