car -1 -1 nan nan nan nan nan 1.685031 1.791397 3.698591 -3.330662 2.690075 -1.045581 0.000000 0.956791 29144
car -1 -1 nan nan nan nan nan 1.369009 0.749919 3.476391 26.762421 2.541721 -0.391862 0.000000 0.896508 29146
car -1 -1 nan nan nan nan nan 1.303041 1.331319 3.400511 -25.904860 2.483877 -1.661620 0.000000 0.908170 29147
car -1 -1 nan nan nan nan nan 1.126056 1.563890 1.489664 9.777587 -8.991085 -0.705299 0.000000 0.699035 29148
car -1 -1 nan nan nan nan nan 1.418221 3.158728 1.968143 8.787397 6.302797 -0.852699 0.000000 0.864442 29149
car -1 -1 nan nan nan nan nan 0.792960 0.687775 0.518501 -33.736526 -4.794467 -1.521406 0.000000 0.589000 29152
car -1 -1 nan nan nan nan nan 1.677989 1.172871 4.097853 18.687806 2.425225 -0.569382 0.000000 0.935033 29153
car -1 -1 nan nan nan nan nan 0.981120 1.216941 3.979917 0.683639 -2.609098 -0.804701 0.000000 0.968052 29155
car -1 -1 nan nan nan nan nan 1.852346 1.771202 3.896685 -9.106965 2.554714 -1.045538 0.000000 0.937910 29156
car -1 -1 nan nan nan nan nan 1.353378 1.784888 3.763613 -19.671292 2.509068 -1.499452 0.000000 0.927929 29157
car -1 -1 nan nan nan nan nan 1.238974 1.691810 3.490932 23.084778 -2.264748 -0.448060 0.000000 0.900937 29159
car -1 -1 nan nan nan nan nan 1.393592 1.691724 4.319862 -24.768116 -2.544579 -1.643383 0.000000 0.964557 29160
car -1 -1 nan nan nan nan nan 1.456119 1.593331 3.538313 -3.783824 -2.389291 -1.124134 0.000000 0.953027 29161
car -1 -1 nan nan nan nan nan 0.994418 2.169861 3.760734 1.422658 3.085547 -0.999967 0.000000 0.956125 29162
car -1 -1 nan nan nan nan nan 1.893811 1.957765 4.406119 12.962280 2.825662 -0.587549 0.000000 0.932934 29164
car -1 -1 nan nan nan nan nan 1.736951 4.761740 2.145405 6.517137 9.113132 -0.486481 0.000000 0.678747 29165
bicyclist -1 -1 nan nan nan nan nan 1.593987 0.642922 1.475279 10.985395 -0.910388 -0.680796 0.000000 0.926169 29154
motorcycle -1 -1 nan nan nan nan nan 1.056152 2.129847 0.823022 6.435694 -6.379293 -1.105457 0.000000 0.928953 29163
person -1 -1 nan nan nan nan nan 0.483985 0.261970 1.080210 19.455680 -6.494289 -0.198989 0.000000 0.627611 29151
