car -1 -1 nan nan nan nan nan 1.699769 1.791700 4.379219 1.578365 2.622549 -0.788340 0.000000 0.954828 30012
car -1 -1 nan nan nan nan nan 1.050610 1.550895 1.330868 -41.288179 -2.076051 -1.613668 0.000000 0.717678 30014
car -1 -1 nan nan nan nan nan 1.504463 1.616373 3.006178 -20.225463 2.897311 -1.065767 0.000000 0.859842 30015
car -1 -1 nan nan nan nan nan 0.589307 0.242958 0.579465 1.440224 -14.235794 -0.902191 0.000000 0.443622 30016
car -1 -1 nan nan nan nan nan 0.224893 1.431063 0.544348 -10.775179 -6.436552 -1.473274 0.000000 0.885089 30017
car -1 -1 nan nan nan nan nan 1.416138 1.616731 3.802479 -16.353188 -2.270742 -1.208081 0.000000 0.965346 30022
car -1 -1 nan nan nan nan nan 1.667392 1.376624 3.463835 -26.278728 2.665415 -1.002604 0.000000 0.833031 30024
car -1 -1 nan nan nan nan nan 1.994063 1.892804 4.406294 -3.698593 2.622017 -0.848294 0.000000 0.889723 30025
car -1 -1 nan nan nan nan nan 1.211684 1.756702 3.504253 -15.429480 2.894559 -1.265521 0.000000 0.912073 30027
car -1 -1 nan nan nan nan nan 1.519958 1.720838 3.823333 6.187225 -2.533183 -0.947883 0.000000 0.955362 30028
car -1 -1 nan nan nan nan nan 1.296385 1.382468 2.810282 -21.011619 -2.162612 -1.214170 0.000000 0.938450 30029
car -1 -1 nan nan nan nan nan 0.534407 0.334840 0.384521 -41.795593 2.551952 -1.420397 0.000000 0.661626 30030
car -1 -1 nan nan nan nan nan 1.709197 1.929799 4.069708 9.562065 2.732703 -0.795238 0.000000 0.960973 30031
car -1 -1 nan nan nan nan nan 1.161314 3.926040 1.644270 -7.401401 -10.222271 -1.044309 0.000000 0.969140 30035
bicyclist -1 -1 nan nan nan nan nan 1.465994 0.650930 1.406013 10.481831 -0.814413 -0.677069 0.000000 0.897979 30019
motorcycle -1 -1 nan nan nan nan nan 0.449065 0.343975 0.508469 39.403069 4.059688 -0.844710 0.000000 0.844056 30021
bicycle -1 -1 nan nan nan nan nan 0.588244 1.055960 0.256596 -18.423145 7.682303 -0.988557 0.000000 0.867815 30026
