car -1 -1 nan nan nan nan nan 1.934544 1.879851 4.528751 3.716079 2.672693 -0.742561 0.000000 0.949249 29590
truck -1 -1 nan nan nan nan nan 1.443996 2.921723 1.276436 45.781063 9.274179 1.073980 0.000000 0.789063 29592
car -1 -1 nan nan nan nan nan 1.786893 1.515830 4.067228 -18.718181 2.476054 -1.262394 0.000000 0.951794 29593
car -1 -1 nan nan nan nan nan 0.300990 0.335979 0.431051 24.164067 -6.386394 -0.600523 0.000000 0.558346 29594
car -1 -1 nan nan nan nan nan 1.422288 1.609767 3.980297 -34.289507 -2.495957 -1.849621 0.000000 0.904919 29595
car -1 -1 nan nan nan nan nan 1.464873 1.796161 3.980389 -8.527264 -2.450881 -1.225747 0.000000 0.952901 29597
car -1 -1 nan nan nan nan nan 1.664041 1.505867 3.768353 17.348181 2.773734 -0.566187 0.000000 0.929992 29598
car -1 -1 nan nan nan nan nan 2.229835 5.578386 2.562428 -2.777153 9.433149 -0.616049 0.000000 0.773769 29599
car -1 -1 nan nan nan nan nan 1.349045 0.816615 2.907715 -28.861584 2.362374 -1.711973 0.000000 0.909189 29601
car -1 -1 nan nan nan nan nan 1.609902 1.822242 3.579351 -12.652722 2.727957 -1.214374 0.000000 0.893673 29602
car -1 -1 nan nan nan nan nan 1.412990 1.399504 3.487328 -13.235364 -2.342807 -1.303454 0.000000 0.950013 29606
car -1 -1 nan nan nan nan nan 1.258585 1.707257 3.500350 -7.651139 2.744018 -1.331283 0.000000 0.924927 29608
truck -1 -1 nan nan nan nan nan 0.343018 1.297884 2.359074 45.974871 5.397527 1.633550 0.000000 0.412251 29609
car -1 -1 nan nan nan nan nan 1.468491 3.144112 1.957107 -0.670154 6.123688 -1.011433 0.000000 0.910452 29610
car -1 -1 nan nan nan nan nan 1.537041 1.782799 3.779842 14.076073 -2.290259 -0.672312 0.000000 0.959343 29611
car -1 -1 nan nan nan nan nan 1.806974 1.668837 4.645132 9.314986 2.561230 -0.712998 0.000000 0.974032 29612
other-vehicle -1 -1 nan nan nan nan nan 0.834047 1.886107 1.259789 -4.979850 -7.151423 -1.276889 0.000000 0.805855 29613
car -1 -1 nan nan nan nan nan 1.361804 2.922968 1.840054 0.394981 -9.687067 -0.941820 0.000000 0.946445 29615
car -1 -1 nan nan nan nan nan 0.302000 0.209984 0.484341 47.174776 4.748566 -0.017939 0.000000 0.681439 29616
car -1 -1 nan nan nan nan nan 1.157651 1.157399 1.423992 -34.234579 2.506926 -1.731069 0.000000 0.861507 29618
bicyclist -1 -1 nan nan nan nan nan 1.569000 0.616936 1.389234 10.626475 -0.623435 -0.595408 0.000000 0.908921 29600
motorcycle -1 -1 nan nan nan nan nan 1.098851 1.826151 0.705195 -2.966132 -6.259043 -1.248382 0.000000 0.842878 29603
