car -1 -1 nan nan nan nan nan 1.223820 1.618016 3.824662 -0.389244 2.809093 -0.740528 0.000000 0.968553 29026
car -1 -1 nan nan nan nan nan 0.558003 1.210775 0.287643 -47.678139 -6.450835 -1.949840 0.000000 0.804309 29027
car -1 -1 nan nan nan nan nan 1.374010 0.612924 3.666260 29.949385 2.637158 -0.382399 0.000000 0.853371 29028
car -1 -1 nan nan nan nan nan 1.374485 1.394115 3.539459 -22.743179 2.433308 -1.587628 0.000000 0.887345 29029
car -1 -1 nan nan nan nan nan 1.835783 1.949725 4.190660 16.036455 2.892582 -0.526627 0.000000 0.938680 29030
other-vehicle -1 -1 nan nan nan nan nan 0.324075 1.148890 0.322200 7.794525 -7.163421 -1.001047 0.000000 0.558446 29031
car -1 -1 nan nan nan nan nan 1.952517 4.077689 2.314816 9.466280 8.858825 -0.300386 0.000000 0.764477 29033
car -1 -1 nan nan nan nan nan 1.412017 1.974786 3.761189 -16.498868 2.580634 -1.442918 0.000000 0.902991 29034
car -1 -1 nan nan nan nan nan 1.214860 1.672774 3.477442 26.540021 -2.178208 -0.317070 0.000000 0.862387 29035
car -1 -1 nan nan nan nan nan 1.434411 1.790668 4.113494 3.685395 -2.356931 -0.986907 0.000000 0.951319 29036
car -1 -1 nan nan nan nan nan 1.591018 0.806898 3.870026 21.812124 2.372178 -0.516925 0.000000 0.905216 29038
car -1 -1 nan nan nan nan nan 1.908867 1.954282 4.037755 -6.034878 2.639653 -0.996986 0.000000 0.924830 29039
car -1 -1 nan nan nan nan nan 1.368656 1.703726 3.963146 -21.620811 -2.608342 -1.606698 0.000000 0.929531 29040
car -1 -1 nan nan nan nan nan 1.511180 1.228028 3.393390 -0.866720 -2.614079 -0.792029 0.000000 0.917936 29041
car -1 -1 nan nan nan nan nan 1.297858 1.696756 3.749356 4.385661 2.786890 -1.109490 0.000000 0.943258 29042
car -1 -1 nan nan nan nan nan 1.305485 2.598667 1.774663 11.830542 6.091600 -0.733630 0.000000 0.902091 29043
bicyclist -1 -1 nan nan nan nan nan 1.611006 0.622901 1.680254 11.364767 -0.900358 -0.692245 0.000000 0.901338 29037
