car -1 -1 nan nan nan nan nan 1.214823 0.872045 3.318102 16.711331 2.502115 -0.954182 0.000000 0.935095 28522
car -1 -1 nan nan nan nan nan 0.243962 0.623067 0.277699 -42.718294 -6.156819 -1.864940 0.000000 0.696739 28523
car -1 -1 nan nan nan nan nan 1.537478 1.764667 3.608767 -10.341436 2.489209 -1.250445 0.000000 0.944958 28524
car -1 -1 nan nan nan nan nan 0.266064 0.340019 0.295118 23.191892 -6.513349 0.151353 0.000000 0.608438 28527
car -1 -1 nan nan nan nan nan 1.909075 1.730970 4.155695 5.685402 2.552442 -0.761741 0.000000 0.929846 28528
car -1 -1 nan nan nan nan nan 0.437177 1.289078 0.619122 33.642027 -4.351766 -0.281721 0.000000 0.679938 28531
other-vehicle -1 -1 nan nan nan nan nan 1.439021 1.544222 0.965965 -39.961514 1.705709 -1.536293 0.000000 0.839490 28532
car -1 -1 nan nan nan nan nan 0.569986 1.581072 1.049458 22.482903 8.338936 0.295025 0.000000 0.627963 28533
car -1 -1 nan nan nan nan nan 1.429133 1.924073 3.783859 11.182870 -2.499078 -0.958771 0.000000 0.948888 28534
car -1 -1 nan nan nan nan nan 1.087935 2.679480 1.506760 -35.702061 -7.297630 -1.744459 0.000000 0.864398 28535
car -1 -1 nan nan nan nan nan 1.457494 1.696019 4.279743 -9.677991 -2.685419 -1.255774 0.000000 0.914446 28538
car -1 -1 nan nan nan nan nan 1.660691 1.525051 3.634862 11.658214 2.687581 -0.803383 0.000000 0.946523 28539
car -1 -1 nan nan nan nan nan 1.228215 1.559097 2.847015 38.717777 -1.793613 -0.466710 0.000000 0.837920 28541
car -1 -1 nan nan nan nan nan 1.402248 1.375061 3.603935 15.884388 -2.073589 -0.921437 0.000000 0.939607 28542
car -1 -1 nan nan nan nan nan 1.573955 0.529037 2.670021 33.710220 2.683665 -0.469485 0.000000 0.755128 28544
car -1 -1 nan nan nan nan nan 1.472248 2.054163 3.506083 -4.179846 2.505215 -1.094764 0.000000 0.935909 28545
car -1 -1 nan nan nan nan nan 0.713993 0.993151 0.403271 -37.700785 -5.741987 -2.088202 0.000000 0.751284 28546
car -1 -1 nan nan nan nan nan 0.244149 1.064050 1.035025 19.912885 -7.250351 -0.752397 0.000000 0.567390 28547
car -1 -1 nan nan nan nan nan 1.779003 1.724102 3.939754 28.341990 3.151182 -0.590028 0.000000 0.806378 28552
motorcycle -1 -1 nan nan nan nan nan 1.126059 2.576057 0.499425 -1.946507 6.552753 -1.120758 0.000000 0.928453 28530
bicyclist -1 -1 nan nan nan nan nan 1.526957 0.653027 1.620278 15.034156 -0.760532 -0.676272 0.000000 0.898547 28548
