car -1 -1 nan nan nan nan nan 1.382601 1.656920 3.896431 -14.270729 -2.322737 -1.128728 0.000000 0.958791 29918
car -1 -1 nan nan nan nan nan 1.146142 0.609490 0.788124 -39.888149 2.654015 -1.149332 0.000000 0.737160 29921
car -1 -1 nan nan nan nan nan 1.626212 1.859650 4.122463 11.534244 2.754456 -0.785074 0.000000 0.924581 29922
car -1 -1 nan nan nan nan nan 1.916839 2.019305 4.365613 -1.730921 2.839490 -0.717454 0.000000 0.918199 29924
car -1 -1 nan nan nan nan nan 1.400115 3.578571 1.605790 -5.371801 -10.056835 -1.045953 0.000000 0.933598 29925
car -1 -1 nan nan nan nan nan 1.477538 1.441257 3.620083 -24.312517 2.650964 -0.989333 0.000000 0.945432 29926
car -1 -1 nan nan nan nan nan 1.888838 2.107032 2.412532 -8.378232 7.769173 -0.328886 0.000000 0.842934 29929
car -1 -1 nan nan nan nan nan 1.894183 1.872595 3.785885 8.203425 -2.485987 -0.717956 0.000000 0.950827 29930
car -1 -1 nan nan nan nan nan 1.195299 0.419466 1.126831 -33.804100 2.565859 -1.057996 0.000000 0.741723 29931
car -1 -1 nan nan nan nan nan 1.793404 1.726919 4.483099 3.554272 2.587176 -0.848728 0.000000 0.962326 29933
car -1 -1 nan nan nan nan nan 1.574317 1.594876 3.079163 -18.193697 2.880285 -1.015885 0.000000 0.922846 29934
car -1 -1 nan nan nan nan nan 1.349329 1.600339 2.008221 -39.443361 -2.126215 -1.384198 0.000000 0.763067 29936
car -1 -1 nan nan nan nan nan 1.177503 1.775459 3.492531 -13.420395 2.856587 -1.181146 0.000000 0.943397 29937
car -1 -1 nan nan nan nan nan 1.380135 1.359702 3.259497 -18.731395 -2.185278 -1.113062 0.000000 0.949719 29938
car -1 -1 nan nan nan nan nan 1.066193 3.188638 1.488437 -6.352114 6.257723 -0.778365 0.000000 0.907429 29939
car -1 -1 nan nan nan nan nan 0.227034 1.351079 0.454022 -8.795780 -6.542310 -1.426163 0.000000 0.866793 29941
car -1 -1 nan nan nan nan nan 0.207208 0.900887 0.571185 1.948904 -20.944193 -0.353354 0.000000 0.487896 29942
bicycle -1 -1 nan nan nan nan nan 0.256867 0.236955 0.557487 41.348728 4.139616 -1.007734 0.000000 0.799102 29919
bicyclist -1 -1 nan nan nan nan nan 1.563962 0.634875 1.335939 10.380376 -0.697361 -0.724654 0.000000 0.916443 29940
person -1 -1 nan nan nan nan nan 0.539043 0.390854 0.294568 0.327962 -17.156824 0.106458 0.000000 0.837781 29928
