car -1 -1 nan nan nan nan nan 1.332009 1.687953 3.379934 28.012454 2.488907 -0.673909 0.000000 0.892819 33383
car -1 -1 nan nan nan nan nan 0.559605 0.729461 0.481998 -43.084387 8.508605 -1.248824 0.000000 0.751617 33384
car -1 -1 nan nan nan nan nan 2.037747 2.198465 3.800010 -3.922664 3.466688 -0.916457 0.000000 0.961311 33386
car -1 -1 nan nan nan nan nan 1.444991 4.205006 1.715595 9.574317 -20.405006 -1.098361 0.000000 0.924549 33387
car -1 -1 nan nan nan nan nan 1.946220 1.765085 3.986935 -26.419949 4.065276 -1.323227 0.000000 0.897912 33388
car -1 -1 nan nan nan nan nan 1.733168 1.639400 3.342706 -16.539375 4.066853 -1.377769 0.000000 0.887040 33391
car -1 -1 nan nan nan nan nan 1.419150 1.798995 3.738647 22.323757 -2.105195 -0.800680 0.000000 0.914062 33392
car -1 -1 nan nan nan nan nan 1.415822 3.250710 1.706952 9.423291 -26.389374 -1.094804 0.000000 0.896115 33393
car -1 -1 nan nan nan nan nan 1.272394 0.212885 2.983543 -31.778622 3.548391 -1.639561 0.000000 0.872442 33394
car -1 -1 nan nan nan nan nan 1.309103 1.352268 0.870650 4.824848 -17.121418 -1.134202 0.000000 0.852205 33396
car -1 -1 nan nan nan nan nan 0.544997 0.476248 0.237167 44.926960 5.537065 -0.701136 0.000000 0.748554 33398
motorcycle -1 -1 nan nan nan nan nan 0.618916 0.713253 0.967700 5.311073 4.267926 -1.224474 0.000000 0.794232 33390
bicycle -1 -1 nan nan nan nan nan 0.871010 1.266619 0.694927 26.732979 7.634227 -0.616740 0.000000 0.862086 33395
