car -1 -1 nan nan nan nan nan 1.848136 2.286812 4.033726 24.607288 -3.694225 -0.754374 0.000000 0.938150 32234
car -1 -1 nan nan nan nan nan 0.255309 0.250667 0.420486 -45.015198 12.073431 -1.934582 0.000000 0.564665 32235
car -1 -1 nan nan nan nan nan 1.088928 0.665249 1.423588 7.491655 44.943037 -1.306609 0.000000 0.780433 32236
other-vehicle -1 -1 nan nan nan nan nan 1.564851 1.464741 2.201363 -12.538540 -34.436735 -0.217017 0.000000 0.868615 32237
car -1 -1 nan nan nan nan nan 1.531178 1.931849 3.803161 -15.793936 8.609675 -1.246901 0.000000 0.945355 32238
car -1 -1 nan nan nan nan nan 1.680244 3.918342 1.940175 -14.705592 -13.626822 -1.068445 0.000000 0.959868 32240
car -1 -1 nan nan nan nan nan 0.274745 0.929832 0.337513 44.926485 -9.890061 -1.125371 0.000000 0.814841 32241
car -1 -1 nan nan nan nan nan 1.243477 2.281670 3.958544 -3.132605 33.678909 -1.287404 0.000000 0.947556 32242
car -1 -1 nan nan nan nan nan 1.241503 1.963664 2.601614 -30.879201 7.051030 -1.413416 0.000000 0.899680 32244
car -1 -1 nan nan nan nan nan 0.332030 0.303151 0.540300 -23.683692 15.295414 -1.681353 0.000000 0.728599 32246
car -1 -1 nan nan nan nan nan 1.734842 4.209856 1.331888 -18.141376 -26.965159 -1.120614 0.000000 0.858763 32247
car -1 -1 nan nan nan nan nan 1.532708 1.236918 2.881355 34.209507 -6.681003 -0.834713 0.000000 0.820947 32248
car -1 -1 nan nan nan nan nan 0.539291 0.431608 0.813024 -10.411806 -28.024182 -1.036045 0.000000 0.612592 32251
car -1 -1 nan nan nan nan nan 1.282351 3.841368 2.019301 -10.612704 -18.297179 -1.022057 0.000000 0.918737 32252
car -1 -1 nan nan nan nan nan 1.640387 2.550736 3.697872 19.192402 -1.897496 -0.893577 0.000000 0.927312 32253
car -1 -1 nan nan nan nan nan 1.390178 1.683273 3.053333 -21.899836 10.305379 -1.399392 0.000000 0.919973 32254
car -1 -1 nan nan nan nan nan 1.407426 1.539732 1.264942 -42.863085 17.234384 -1.654437 0.000000 0.671151 32255
car -1 -1 nan nan nan nan nan 1.588917 4.136160 1.953885 -16.772045 -21.392859 -1.148553 0.000000 0.913847 32256
car -1 -1 nan nan nan nan nan 1.752284 1.315277 2.793424 9.136542 34.120052 -0.953636 0.000000 0.524575 32259
bicyclist -1 -1 nan nan nan nan nan 1.638926 1.403969 0.679146 2.365937 17.071251 -0.984912 0.000000 0.938936 32250
person -1 -1 nan nan nan nan nan 0.482985 0.291271 0.368901 10.519173 25.348808 -0.617319 0.000000 0.706635 32257
