car -1 -1 nan nan nan nan nan 1.261211 2.045567 3.938649 -4.968915 33.574083 -1.329170 0.000000 0.955308 32261
car -1 -1 nan nan nan nan nan 0.250192 0.389343 0.556953 -21.827341 -42.349178 -0.994720 0.000000 0.757683 32262
car -1 -1 nan nan nan nan nan 0.875848 1.766824 1.242302 -44.047646 15.368635 -1.675806 0.000000 0.764931 32264
car -1 -1 nan nan nan nan nan 1.874824 2.323449 4.216709 24.338696 -2.657812 -0.767096 0.000000 0.940748 32266
car -1 -1 nan nan nan nan nan 1.266235 1.670093 3.020002 -22.807210 9.424284 -1.355673 0.000000 0.899490 32267
car -1 -1 nan nan nan nan nan 1.186717 3.660156 1.892328 -10.367003 -18.686821 -0.984257 0.000000 0.913797 32268
car -1 -1 nan nan nan nan nan 1.567006 3.197657 1.292328 -17.611221 -27.126071 -0.879955 0.000000 0.885544 32272
car -1 -1 nan nan nan nan nan 1.315772 1.184822 2.732769 33.869726 -5.285660 -0.928744 0.000000 0.869912 32275
car -1 -1 nan nan nan nan nan 1.933976 1.217709 1.826311 6.732423 34.456541 -1.068416 0.000000 0.869347 32276
car -1 -1 nan nan nan nan nan 1.459340 1.897433 4.141688 -16.792845 7.993843 -1.224128 0.000000 0.961168 32277
car -1 -1 nan nan nan nan nan 1.599593 3.932937 2.521851 -14.984077 -14.200556 -1.036947 0.000000 0.958919 32278
car -1 -1 nan nan nan nan nan 1.599837 2.439370 3.702831 18.764000 -1.093837 -0.994392 0.000000 0.940532 32279
car -1 -1 nan nan nan nan nan 1.635425 4.272867 2.010555 -16.567860 -22.027972 -1.025585 0.000000 0.924568 32280
car -1 -1 nan nan nan nan nan 0.865643 0.532707 0.543144 -44.296928 18.957014 -0.869986 0.000000 0.791007 32282
car -1 -1 nan nan nan nan nan 0.312782 1.172562 0.319607 44.698919 -8.044677 -1.396216 0.000000 0.738280 32283
car -1 -1 nan nan nan nan nan 1.449656 2.386975 4.309116 -32.472689 6.012620 -1.343424 0.000000 0.900424 32284
car -1 -1 nan nan nan nan nan 1.332946 0.676193 1.524724 5.136804 45.220345 -1.461547 0.000000 0.811220 32285
bicyclist -1 -1 nan nan nan nan nan 1.503735 1.393223 0.715631 1.301203 17.741680 -1.034618 0.000000 0.911924 32271
bicycle -1 -1 nan nan nan nan nan 0.209800 0.359332 0.664885 7.090817 8.519945 -0.333332 0.000000 0.781492 32274
bicycle -1 -1 nan nan nan nan nan 0.502776 0.503954 1.056876 8.382114 25.749257 -0.775925 0.000000 0.719557 32281
person -1 -1 nan nan nan nan nan 0.699169 0.259829 0.309958 11.026984 28.056855 0.290896 0.000000 0.636640 32269
