car -1 -1 nan nan nan nan nan 1.934754 1.788497 4.133953 -22.127605 4.358094 -1.205902 0.000000 0.881582 33264
car -1 -1 nan nan nan nan nan 0.709699 1.882328 0.534210 39.770958 5.259869 -0.712232 0.000000 0.831748 33265
car -1 -1 nan nan nan nan nan 1.273947 2.128466 1.711465 13.626027 -19.376210 -0.739657 0.000000 0.837771 33266
car -1 -1 nan nan nan nan nan 1.380911 1.671471 3.645382 26.493732 -2.252293 -0.689394 0.000000 0.919963 33269
car -1 -1 nan nan nan nan nan 1.700381 1.657038 3.289207 -12.243078 4.184886 -1.227927 0.000000 0.917243 33271
car -1 -1 nan nan nan nan nan 1.641123 0.599825 3.578613 -27.741552 4.081956 -1.491942 0.000000 0.897149 33273
car -1 -1 nan nan nan nan nan 1.337171 1.681516 2.731230 32.021100 2.226331 -0.708199 0.000000 0.892479 33274
car -1 -1 nan nan nan nan nan 1.636957 1.888883 3.837612 0.157351 3.386744 -0.698620 0.000000 0.965328 33275
motorcycle -1 -1 nan nan nan nan nan 0.482770 0.599901 0.738374 9.562539 4.245841 -1.179976 0.000000 0.497886 33267
bicycle -1 -1 nan nan nan nan nan 0.984583 1.550600 0.674389 31.034868 7.399270 -0.730006 0.000000 0.874943 33272
