car -1 -1 nan nan nan nan nan 1.665964 1.894571 3.807670 -0.503868 3.386519 -0.704454 0.000000 0.921856 33278
car -1 -1 nan nan nan nan nan 1.524521 0.516512 3.494860 -28.339213 4.059842 -1.424949 0.000000 0.899197 33281
car -1 -1 nan nan nan nan nan 1.365330 1.701415 3.585949 25.804560 -2.314193 -0.676780 0.000000 0.947921 33282
car -1 -1 nan nan nan nan nan 1.695800 1.587589 3.324638 -12.958981 4.261686 -1.192660 0.000000 0.936906 33283
car -1 -1 nan nan nan nan nan 1.146126 1.655432 2.830114 31.140485 2.128256 -0.608686 0.000000 0.913417 33287
car -1 -1 nan nan nan nan nan 1.962554 1.811857 4.098059 -22.833484 4.379103 -1.218233 0.000000 0.919155 33288
car -1 -1 nan nan nan nan nan 1.375828 3.108820 1.693312 12.887808 -19.929099 -0.798045 0.000000 0.881703 33289
car -1 -1 nan nan nan nan nan 0.281088 1.234550 0.293556 39.229271 5.668493 -0.490707 0.000000 0.849202 33291
bicyclist -1 -1 nan nan nan nan nan 0.773942 0.806714 0.429981 44.582811 4.934737 -0.040078 0.000000 0.866027 33279
bicycle -1 -1 nan nan nan nan nan 0.483143 0.439659 0.751020 16.080548 -21.295652 -0.866283 0.000000 0.821334 33280
motorcycle -1 -1 nan nan nan nan nan 0.577004 0.603881 0.859517 8.893507 4.223631 -1.215756 0.000000 0.699907 33285
motorcycle -1 -1 nan nan nan nan nan 0.427025 0.655793 1.302532 36.953024 6.797635 -0.805877 0.000000 0.453522 33286
bicycle -1 -1 nan nan nan nan nan 0.782057 1.132617 0.588634 30.408777 7.296940 -0.622413 0.000000 0.855867 33290
