car -1 -1 nan nan nan nan nan 1.334117 3.693222 2.580021 -4.517653 25.617651 -1.650442 0.000000 0.924957 31423
car -1 -1 nan nan nan nan nan 1.266096 3.235561 1.790028 21.711645 -36.058836 -0.291596 0.000000 0.846713 31424
car -1 -1 nan nan nan nan nan 1.109944 0.392580 0.866821 -45.374298 -10.918448 -1.586441 0.000000 0.627972 31425
car -1 -1 nan nan nan nan nan 0.902085 0.717087 1.441572 -5.591262 49.671680 -2.467668 0.000000 0.802227 31428
car -1 -1 nan nan nan nan nan 1.874779 2.322258 3.989029 -25.048120 -4.163460 -1.368380 0.000000 0.908116 31429
car -1 -1 nan nan nan nan nan 1.548794 4.291323 1.988894 16.767962 -21.300103 -0.477851 0.000000 0.916973 31431
car -1 -1 nan nan nan nan nan 1.124982 2.120428 1.521236 33.464716 16.678317 -0.880211 0.000000 0.898073 31433
car -1 -1 nan nan nan nan nan 1.538260 3.423302 2.499343 5.547141 13.571421 -1.234955 0.000000 0.947002 31434
car -1 -1 nan nan nan nan nan 1.672772 2.595797 3.778473 -12.167004 0.327671 -1.136146 0.000000 0.922113 31435
car -1 -1 nan nan nan nan nan 0.771158 1.283859 1.551191 -9.016137 39.644238 -2.454880 0.000000 0.819455 31437
truck -1 -1 nan nan nan nan nan 1.731011 1.847467 0.895409 40.136345 7.949165 -0.531209 0.000000 0.486990 31439
other-vehicle -1 -1 nan nan nan nan nan 0.269028 0.616680 1.820245 -0.636494 44.194368 -2.423191 0.000000 0.844548 31440
car -1 -1 nan nan nan nan nan 1.718167 2.260236 2.243805 -36.081993 -7.424731 -1.449457 0.000000 0.888477 31441
car -1 -1 nan nan nan nan nan 1.461598 2.127510 3.600415 -13.653430 -5.559328 -1.211263 0.000000 0.946709 31442
car -1 -1 nan nan nan nan nan 1.873871 4.224398 1.979145 18.282856 -26.809579 -0.230708 0.000000 0.951922 31443
car -1 -1 nan nan nan nan nan 1.805762 2.995690 3.969755 -19.620311 -2.144838 -1.300842 0.000000 0.950346 31444
car -1 -1 nan nan nan nan nan 1.427202 3.224493 2.352126 3.579104 19.636527 -1.431592 0.000000 0.921695 31445
truck -1 -1 nan nan nan nan nan 1.722654 2.518909 0.779816 36.040703 19.631979 0.743458 0.000000 0.731672 31446
other-vehicle -1 -1 nan nan nan nan nan 0.811299 2.016613 2.088764 -2.980586 41.199907 -2.020913 0.000000 0.703625 31447
car -1 -1 nan nan nan nan nan 1.269169 0.804081 0.583542 -40.000042 -8.965669 -1.507878 0.000000 0.719925 31448
car -1 -1 nan nan nan nan nan 0.472830 0.646882 0.536518 -36.012526 -14.977188 -1.066642 0.000000 0.755047 31449
car -1 -1 nan nan nan nan nan 1.124060 1.231000 1.392128 -34.578548 -12.098854 -1.559463 0.000000 0.692782 31450
other-vehicle -1 -1 nan nan nan nan nan 0.477993 0.334702 0.352371 34.177708 19.830553 0.567859 0.000000 0.291783 31453
bicyclist -1 -1 nan nan nan nan nan 1.573987 0.652053 1.834077 10.851017 0.563778 -0.736068 0.000000 0.933822 31430
