car -1 -1 nan nan nan nan nan 1.625964 2.186130 3.868217 17.304987 0.922196 -1.077013 0.000000 0.943018 32348
car -1 -1 nan nan nan nan nan 1.395474 0.489292 1.566640 -1.297326 45.471643 -1.095436 0.000000 0.851554 32350
car -1 -1 nan nan nan nan nan 1.412453 1.029919 1.158028 -16.303892 -27.779016 -0.923173 0.000000 0.815850 32351
car -1 -1 nan nan nan nan nan 1.418292 1.908442 4.389750 -19.240458 6.261046 -1.007949 0.000000 0.950983 32352
car -1 -1 nan nan nan nan nan 1.182279 1.916607 4.007561 -10.143296 32.918455 -1.061566 0.000000 0.948728 32357
car -1 -1 nan nan nan nan nan 1.519899 3.006458 3.521820 -34.021431 2.077215 -1.030334 0.000000 0.803258 32359
car -1 -1 nan nan nan nan nan 1.489960 0.759868 3.051912 32.690360 -1.697611 -1.226878 0.000000 0.931462 32360
car -1 -1 nan nan nan nan nan 1.395233 2.657001 1.680401 -10.034157 -19.184601 -1.066404 0.000000 0.893658 32361
car -1 -1 nan nan nan nan nan 1.324312 1.338803 3.121490 -25.334269 6.934733 -1.120464 0.000000 0.904194 32365
car -1 -1 nan nan nan nan nan 1.598745 4.077631 1.621847 -14.692820 -15.839768 -1.008311 0.000000 0.943695 32367
car -1 -1 nan nan nan nan nan 1.927945 2.025277 4.198086 22.882917 -0.076899 -0.939004 0.000000 0.960138 32368
car -1 -1 nan nan nan nan nan 0.620508 1.696285 0.985088 -46.916925 10.711630 -1.323882 0.000000 0.759841 32369
car -1 -1 nan nan nan nan nan 1.678318 4.258253 1.775699 -15.757596 -23.749560 -0.994813 0.000000 0.896072 32371
bicyclist -1 -1 nan nan nan nan nan 0.268952 0.910598 0.360138 43.756321 -3.359025 -1.615148 0.000000 0.732120 32353
bicyclist -1 -1 nan nan nan nan nan 1.499104 1.808563 0.628091 -1.983174 19.309387 -0.937450 0.000000 0.919511 32354
bicycle -1 -1 nan nan nan nan nan 0.443085 0.440473 0.232492 -22.924928 -10.603841 -1.446587 0.000000 0.817474 32356
