car -1 -1 nan nan nan nan nan 2.001040 2.093199 4.639328 3.200828 3.646856 -0.890519 0.000000 0.929393 32854
car -1 -1 nan nan nan nan nan 0.562528 0.265965 1.846786 -39.406071 26.844315 -1.177921 0.000000 0.843074 32855
other-vehicle -1 -1 nan nan nan nan nan 0.866363 0.284496 1.917231 21.285424 -40.187796 1.280059 0.000000 0.834839 32857
car -1 -1 nan nan nan nan nan 1.517916 1.688572 3.718960 25.722729 3.880677 -0.760344 0.000000 0.876381 32859
car -1 -1 nan nan nan nan nan 1.354331 1.643953 3.181805 -38.881186 3.361538 -1.811588 0.000000 0.828926 32862
car -1 -1 nan nan nan nan nan 1.658899 1.993700 3.454580 13.026557 4.161233 -0.994629 0.000000 0.936592 32864
car -1 -1 nan nan nan nan nan 1.266345 0.500816 1.851879 -45.138216 2.689041 -1.989051 0.000000 0.666089 32867
other-vehicle -1 -1 nan nan nan nan nan 0.255781 0.868977 1.202965 -34.384987 23.177256 -1.604889 0.000000 0.735586 32868
car -1 -1 nan nan nan nan nan 0.320974 0.606897 0.830807 -40.353220 24.887214 -1.573375 0.000000 0.564327 32872
other-vehicle -1 -1 nan nan nan nan nan 0.225333 0.214275 0.461395 -36.621899 23.914049 -0.927807 0.000000 0.781428 32873
car -1 -1 nan nan nan nan nan 1.905499 1.802387 4.256292 -1.958158 3.661975 -0.905053 0.000000 0.974674 32874
bicycle -1 -1 nan nan nan nan nan 0.287604 0.278034 0.923763 -40.086435 -14.264158 -1.789232 0.000000 0.692653 32858
bicycle -1 -1 nan nan nan nan nan 0.445251 1.338812 0.428777 12.054168 -13.701345 -0.924579 0.000000 0.778287 32860
bicycle -1 -1 nan nan nan nan nan 0.947117 1.378830 0.523010 0.951769 13.376937 -1.492173 0.000000 0.861522 32865
bicycle -1 -1 nan nan nan nan nan 1.053701 2.536041 1.233233 1.983807 12.046298 -1.457423 0.000000 0.839339 32871
