car -1 -1 nan nan nan nan nan 1.327926 1.648927 3.410877 25.693665 2.723354 -0.979447 0.000000 0.936766 33475
car -1 -1 nan nan nan nan nan 0.558057 0.646813 0.388409 -45.490679 7.990241 -0.696410 0.000000 0.825548 33476
car -1 -1 nan nan nan nan nan 1.457235 2.713039 1.963464 10.958141 -44.698141 -0.882155 0.000000 0.747749 33477
car -1 -1 nan nan nan nan nan 1.709243 1.796344 3.612583 -6.221515 3.346400 -1.030218 0.000000 0.968292 33478
car -1 -1 nan nan nan nan nan 1.450154 3.996191 1.688736 7.372018 -20.232116 -1.192636 0.000000 0.949964 33479
car -1 -1 nan nan nan nan nan 1.115970 3.022125 1.580050 11.422347 18.630373 -1.032762 0.000000 0.927657 33480
car -1 -1 nan nan nan nan nan 1.881266 1.645184 3.965326 -28.854178 3.850387 -1.108893 0.000000 0.914255 33481
car -1 -1 nan nan nan nan nan 1.676696 1.600436 3.038391 -18.946497 3.927093 -1.203811 0.000000 0.934882 33484
car -1 -1 nan nan nan nan nan 1.399873 1.754950 3.898972 20.031910 -1.901438 -0.989528 0.000000 0.882075 33485
car -1 -1 nan nan nan nan nan 1.423168 3.498163 1.674983 7.242656 -26.377210 -1.192020 0.000000 0.924300 33486
car -1 -1 nan nan nan nan nan 1.445914 0.988033 1.551792 6.926584 -39.486273 -1.360361 0.000000 0.720466 33487
car -1 -1 nan nan nan nan nan 1.381020 2.585369 1.529040 2.229602 -17.682661 -1.239005 0.000000 0.914139 33489
car -1 -1 nan nan nan nan nan 1.195833 0.234719 0.965168 -33.152216 3.292255 -1.238303 0.000000 0.773807 33494
motorcycle -1 -1 nan nan nan nan nan 0.595950 0.710139 0.932553 2.951254 4.255385 -1.339256 0.000000 0.724266 33483
motorcycle -1 -1 nan nan nan nan nan 0.914894 1.245945 0.471378 24.192406 7.774617 -0.916053 0.000000 0.807001 33490
