car -1 -1 nan nan nan nan nan 1.697411 1.756068 4.335628 6.517642 3.781128 -1.021176 0.000000 0.923176 32687
car -1 -1 nan nan nan nan nan 0.853837 1.482266 1.497238 -43.441265 -4.111696 -1.862411 0.000000 0.830336 32688
car -1 -1 nan nan nan nan nan 0.419993 2.165140 0.485243 28.645331 -20.706300 0.356968 0.000000 0.760115 32690
car -1 -1 nan nan nan nan nan 1.548340 1.635051 3.413868 34.577536 4.832181 -0.847545 0.000000 0.873527 32691
car -1 -1 nan nan nan nan nan 1.345233 1.862219 1.622751 -22.086986 -17.571647 -0.837386 0.000000 0.892025 32692
car -1 -1 nan nan nan nan nan 1.354833 1.833277 3.906149 -30.480908 2.359267 -1.454837 0.000000 0.939796 32693
car -1 -1 nan nan nan nan nan 1.630363 1.702017 3.289907 22.027415 4.541803 -0.937584 0.000000 0.930212 32694
car -1 -1 nan nan nan nan nan 1.024621 0.747872 2.124752 -36.264906 1.656485 -1.498778 0.000000 0.831396 32696
car -1 -1 nan nan nan nan nan 1.999514 1.993863 4.677184 11.999187 4.020031 -0.811167 0.000000 0.955637 32698
person -1 -1 nan nan nan nan nan 0.749026 0.499971 0.419729 3.019541 9.869616 -0.006744 0.000000 0.873276 32697
person -1 -1 nan nan nan nan nan 0.880001 0.282864 0.278023 30.734993 -19.463182 0.131004 0.000000 0.822716 32699
