car -1 -1 nan nan nan nan nan 1.671801 2.708496 3.742380 -12.551358 -0.202548 -1.173912 0.000000 0.942731 31488
car -1 -1 nan nan nan nan nan 1.493136 0.806690 1.304700 -8.485267 49.401571 -2.155065 0.000000 0.701748 31490
car -1 -1 nan nan nan nan nan 1.259841 3.185986 1.928047 22.578993 -35.040510 -0.289234 0.000000 0.902364 31491
car -1 -1 nan nan nan nan nan 1.424290 3.413736 2.358148 2.051169 19.767764 -1.414833 0.000000 0.911383 31493
car -1 -1 nan nan nan nan nan 1.525934 4.242189 2.096896 17.000403 -20.541200 -0.468854 0.000000 0.905325 31495
car -1 -1 nan nan nan nan nan 1.171928 2.042006 1.887920 32.203474 18.077153 -0.889116 0.000000 0.831495 31496
car -1 -1 nan nan nan nan nan 1.772990 2.613792 3.971909 -25.562254 -5.219982 -1.452320 0.000000 0.857780 31499
car -1 -1 nan nan nan nan nan 1.372178 4.221577 2.768291 -6.320925 25.772150 -1.674419 0.000000 0.924601 31503
car -1 -1 nan nan nan nan nan 0.742554 0.948071 1.751939 -5.237170 40.540182 -1.980659 0.000000 0.758091 31504
car -1 -1 nan nan nan nan nan 0.917097 2.174002 2.997601 -36.528563 -9.373579 -1.880860 0.000000 0.927434 31505
car -1 -1 nan nan nan nan nan 1.537161 3.340513 2.677641 4.312682 13.804873 -1.219469 0.000000 0.931077 31506
car -1 -1 nan nan nan nan nan 1.769493 3.103655 3.576143 -20.118274 -2.902603 -1.305650 0.000000 0.956793 31508
car -1 -1 nan nan nan nan nan 1.866927 4.184467 1.978643 18.659709 -25.983522 -0.216448 0.000000 0.928105 31509
car -1 -1 nan nan nan nan nan 1.408475 2.179925 3.298197 -13.898440 -6.106296 -1.210260 0.000000 0.928545 31510
car -1 -1 nan nan nan nan nan 0.529320 0.452946 1.101703 -11.428062 38.878881 -2.337968 0.000000 0.771913 31511
other-vehicle -1 -1 nan nan nan nan nan 0.242843 0.621750 0.885166 -3.419752 43.895908 -2.406033 0.000000 0.657305 31513
car -1 -1 nan nan nan nan nan 1.369148 1.491146 1.474575 -34.778395 -13.706661 -1.674660 0.000000 0.816900 31515
car -1 -1 nan nan nan nan nan 0.258026 0.428946 0.302940 -35.924343 -16.438075 -1.166638 0.000000 0.499872 31518
car -1 -1 nan nan nan nan nan 0.531920 0.505842 0.752281 41.912922 8.506575 -0.654166 0.000000 0.655868 31519
truck -1 -1 nan nan nan nan nan 1.727947 2.235946 1.367718 39.368330 9.907524 -0.247016 0.000000 0.831118 31520
car -1 -1 nan nan nan nan nan 1.238950 1.465818 0.668415 47.143820 17.351989 -0.487573 0.000000 0.834577 31523
motorcycle -1 -1 nan nan nan nan nan 0.544161 0.509946 0.619019 -45.485271 -12.994794 -1.854719 0.000000 0.758299 31492
bicyclist -1 -1 nan nan nan nan nan 1.574022 0.691620 1.895496 11.035516 1.244268 -0.670832 0.000000 0.930103 31494
bicyclist -1 -1 nan nan nan nan nan 1.452414 2.886166 0.926185 -14.943667 36.349138 -1.526076 0.000000 0.426439 31498
bicycle -1 -1 nan nan nan nan nan 0.993916 0.445620 0.688293 40.027538 7.723707 -0.352372 0.000000 0.815252 31500
bicycle -1 -1 nan nan nan nan nan 0.897826 0.713692 0.637966 -32.629160 -15.635288 -0.725981 0.000000 0.726143 31501
