car -1 -1 nan nan nan nan nan 1.926825 1.777122 4.558357 19.853783 3.056424 -0.788804 0.000000 0.952883 32482
car -1 -1 nan nan nan nan nan 1.238956 1.581442 3.843713 -17.673456 31.099378 -1.328987 0.000000 0.924635 32485
car -1 -1 nan nan nan nan nan 1.452664 1.865128 3.520552 -22.617175 3.434700 -1.124549 0.000000 0.945684 32486
car -1 -1 nan nan nan nan nan 0.988962 1.059310 0.848442 41.010204 2.674402 -1.372668 0.000000 0.652475 32487
car -1 -1 nan nan nan nan nan 1.264665 2.390745 3.764328 -37.223759 -1.953653 -1.231065 0.000000 0.837937 32489
car -1 -1 nan nan nan nan nan 1.580967 3.877803 2.000318 -15.625852 -17.777735 -1.059273 0.000000 0.967744 32490
car -1 -1 nan nan nan nan nan 1.553948 0.986004 3.187342 29.617446 2.972119 -1.004249 0.000000 0.873035 32492
car -1 -1 nan nan nan nan nan 1.305679 1.763535 2.752861 -28.907110 2.892211 -1.213182 0.000000 0.860557 32493
car -1 -1 nan nan nan nan nan 1.178833 3.053684 1.616880 -10.158792 -20.681808 -1.000212 0.000000 0.859970 32494
car -1 -1 nan nan nan nan nan 1.659840 1.939558 4.022894 14.006608 3.268159 -1.017379 0.000000 0.938356 32496
car -1 -1 nan nan nan nan nan 1.592004 3.746319 1.696033 -15.455330 -25.652426 -0.998230 0.000000 0.933354 32498
bicycle -1 -1 nan nan nan nan nan 1.002878 3.329340 0.398169 2.035555 12.005954 -1.066599 0.000000 0.822046 32488
bicycle -1 -1 nan nan nan nan nan 0.305075 1.305302 1.384056 0.261374 24.546303 -0.896658 0.000000 0.632003 32491
bicycle -1 -1 nan nan nan nan nan 0.722066 1.246721 0.900354 -17.603337 -24.245826 -1.319660 0.000000 0.886894 32495
