car -1 -1 nan nan nan nan nan 1.398315 2.902761 2.967305 15.135648 30.667920 -1.831232 0.000000 0.859168 31961
car -1 -1 nan nan nan nan nan 0.859220 1.145512 2.105967 32.126399 -33.378908 -0.881170 0.000000 0.829354 31963
car -1 -1 nan nan nan nan nan 1.280135 1.569201 1.901731 -28.414281 32.545669 -1.385220 0.000000 0.540174 31964
car -1 -1 nan nan nan nan nan 1.578581 3.973486 2.635605 -20.539276 -13.303759 -0.529669 0.000000 0.944894 31966
car -1 -1 nan nan nan nan nan 1.280482 2.622271 3.147943 -12.191489 17.436942 -1.277551 0.000000 0.955283 31967
car -1 -1 nan nan nan nan nan 1.624923 3.557808 3.281885 20.270244 -11.009727 -1.125788 0.000000 0.923031 31968
car -1 -1 nan nan nan nan nan 1.419848 1.331837 1.230642 29.101253 36.584494 -2.335358 0.000000 0.793995 31970
car -1 -1 nan nan nan nan nan 1.452007 2.466003 2.519611 31.822031 -21.441534 -1.331906 0.000000 0.874732 31972
truck -1 -1 nan nan nan nan nan 1.791761 1.262541 1.839457 25.763827 25.963025 -1.655438 0.000000 0.470822 31973
car -1 -1 nan nan nan nan nan 1.274503 2.541775 3.184118 -21.786033 18.301071 -1.077906 0.000000 0.955931 31975
car -1 -1 nan nan nan nan nan 0.341236 0.979462 1.058769 40.344505 -28.875061 -1.557076 0.000000 0.851063 31976
car -1 -1 nan nan nan nan nan 0.535613 0.400007 0.439573 -19.364724 -21.198405 -0.321467 0.000000 0.823617 31978
car -1 -1 nan nan nan nan nan 1.672569 3.746774 2.973374 -15.488746 -7.197161 -0.668346 0.000000 0.951838 31979
car -1 -1 nan nan nan nan nan 1.509042 2.259981 3.668230 -7.205688 13.054060 -1.172575 0.000000 0.936459 31982
car -1 -1 nan nan nan nan nan 1.422250 3.457855 2.339231 -13.496586 -13.149369 -0.681652 0.000000 0.902644 31983
car -1 -1 nan nan nan nan nan 1.559486 3.504206 2.760714 -24.323361 -17.923200 -0.511169 0.000000 0.873084 31984
car -1 -1 nan nan nan nan nan 0.974452 3.337450 1.864141 -32.271108 -26.293441 -0.650707 0.000000 0.929070 31985
car -1 -1 nan nan nan nan nan 1.830711 3.229835 3.256006 24.158973 -15.103114 -0.940012 0.000000 0.927840 31986
other-vehicle -1 -1 nan nan nan nan nan 1.210154 1.345278 1.455011 -28.463618 -29.413888 -0.314244 0.000000 0.742045 31992
bicycle -1 -1 nan nan nan nan nan 0.433139 0.353661 0.572851 20.407674 13.418881 -0.531166 0.000000 0.863407 31969
bicyclist -1 -1 nan nan nan nan nan 1.435827 1.403534 1.141565 9.775273 10.138226 -1.241936 0.000000 0.902742 31974
bicycle -1 -1 nan nan nan nan nan 0.380991 0.784042 0.762733 25.902916 17.290619 -0.426367 0.000000 0.713600 31981
