car -1 -1 nan nan nan nan nan 0.350166 1.436378 0.540905 49.670862 4.012513 -0.666375 0.000000 0.724320 34773
car -1 -1 nan nan nan nan nan 1.437784 1.577865 1.790268 -49.167137 2.469407 -1.489573 0.000000 0.745323 34774
car -1 -1 nan nan nan nan nan 1.438832 1.893272 2.946199 -21.774859 -1.844834 -1.289210 0.000000 0.872855 34776
car -1 -1 nan nan nan nan nan 0.753552 0.761405 0.385960 -40.665148 14.775890 -1.998454 0.000000 0.452991 34777
car -1 -1 nan nan nan nan nan 1.715899 1.758010 1.035599 40.322880 -0.533396 -0.244577 0.000000 0.866397 34779
car -1 -1 nan nan nan nan nan 1.454421 1.750057 3.761067 -17.123636 3.110974 -1.365252 0.000000 0.944138 34782
motorcycle -1 -1 nan nan nan nan nan 1.629440 1.740123 0.883038 -5.328761 7.238162 -1.081664 0.000000 0.888106 34772
bicycle -1 -1 nan nan nan nan nan 0.808972 1.412480 0.695654 -19.766246 8.217203 -1.477486 0.000000 0.907362 34780
motorcycle -1 -1 nan nan nan nan nan 0.342024 0.409559 0.288380 47.521898 8.977074 -0.644065 0.000000 0.504570 34784
person -1 -1 nan nan nan nan nan 0.855049 0.500411 0.507973 49.189579 6.816871 -0.066345 0.000000 0.834938 34785
person -1 -1 nan nan nan nan nan 1.651912 0.553618 0.472855 -6.488289 6.288702 -1.151178 0.000000 0.895337 34786
