car -1 -1 nan nan nan nan nan 0.283165 0.554543 0.754250 14.171790 -41.652874 -1.101817 0.000000 0.620615 35350
car -1 -1 nan nan nan nan nan 0.542166 2.293026 2.745734 -2.544429 -12.680527 -0.493605 0.000000 0.871814 35352
car -1 -1 nan nan nan nan nan 1.902214 2.264315 4.089190 19.633929 -1.781983 -0.681180 0.000000 0.939282 35354
car -1 -1 nan nan nan nan nan 1.390541 2.485947 1.535159 9.141234 -28.785852 -1.320430 0.000000 0.893559 35357
car -1 -1 nan nan nan nan nan 1.402908 1.623461 2.250336 -38.288521 3.492201 -1.538597 0.000000 0.763990 35360
car -1 -1 nan nan nan nan nan 1.366993 1.797484 2.783945 28.962897 2.574258 -0.711467 0.000000 0.892723 35362
car -1 -1 nan nan nan nan nan 1.300902 1.431219 1.591808 -43.409201 -1.232651 -1.592805 0.000000 0.692077 35364
car -1 -1 nan nan nan nan nan 0.470950 1.989017 0.745978 13.086821 -36.733377 -1.317254 0.000000 0.680827 35367
car -1 -1 nan nan nan nan nan 0.566165 0.400494 0.268969 -31.891402 6.641056 -1.537379 0.000000 0.546854 35368
car -1 -1 nan nan nan nan nan 0.524572 0.247223 0.720508 13.481491 -39.640297 -1.176445 0.000000 0.499535 35375
car -1 -1 nan nan nan nan nan 1.775933 4.641369 1.960636 13.038511 36.391386 -0.585833 0.000000 0.896009 35378
bicycle -1 -1 nan nan nan nan nan 0.451990 0.368878 0.771294 39.024284 5.294892 -0.842045 0.000000 0.723062 35348
bicycle -1 -1 nan nan nan nan nan 0.550006 0.728844 0.477211 29.331408 8.227191 -0.310795 0.000000 0.858226 35366
bicycle -1 -1 nan nan nan nan nan 0.860675 1.120201 1.205793 19.883340 27.586716 -0.713034 0.000000 0.903464 35373
person -1 -1 nan nan nan nan nan 1.310191 1.380411 0.732992 -26.928199 7.154688 -1.046836 0.000000 0.836923 35353
person -1 -1 nan nan nan nan nan 1.534083 0.678442 0.538670 10.884579 12.320789 -0.794459 0.000000 0.949973 35361
person -1 -1 nan nan nan nan nan 1.592050 0.522746 0.602613 21.306981 4.188333 -0.521246 0.000000 0.922178 35365
person -1 -1 nan nan nan nan nan 1.517875 0.362556 0.465185 -28.151715 6.377276 -1.170967 0.000000 0.908584 35374
person -1 -1 nan nan nan nan nan 0.504974 0.404906 0.232498 37.850246 6.049696 -0.348637 0.000000 0.748314 35376
