car -1 -1 nan nan nan nan nan 1.575110 1.367172 3.070311 -29.429217 5.288214 -1.656308 0.000000 0.882792 34079
car -1 -1 nan nan nan nan nan 1.514608 1.888422 4.089108 9.273058 -3.038744 -1.034322 0.000000 0.894834 34083
car -1 -1 nan nan nan nan nan 1.526859 3.068474 1.911087 2.140080 18.044615 -0.936095 0.000000 0.907009 34085
car -1 -1 nan nan nan nan nan 1.609814 1.659127 3.491975 -16.492641 3.885667 -1.303601 0.000000 0.941861 34088
car -1 -1 nan nan nan nan nan 1.637106 1.705527 3.736164 -39.109182 5.990571 -1.570806 0.000000 0.904380 34094
car -1 -1 nan nan nan nan nan 1.470729 1.904518 3.661894 15.217608 1.117303 -0.918744 0.000000 0.930615 34095
car -1 -1 nan nan nan nan nan 1.590519 4.619678 1.999032 -1.588752 36.432386 -0.862894 0.000000 0.747342 34097
car -1 -1 nan nan nan nan nan 1.349825 4.435238 1.626332 -4.452054 -20.544571 -1.360073 0.000000 0.939295 34098
car -1 -1 nan nan nan nan nan 1.395848 3.151318 1.497242 -9.478374 -17.944016 -1.456804 0.000000 0.947178 34099
car -1 -1 nan nan nan nan nan 0.413163 1.097317 0.289135 32.429274 5.074947 -1.048536 0.000000 0.712411 34100
car -1 -1 nan nan nan nan nan 1.243757 1.218662 1.438191 -6.417950 -39.778410 -1.678286 0.000000 0.665224 34103
car -1 -1 nan nan nan nan nan 1.084910 1.852856 1.318970 -4.954499 -25.965948 -1.324344 0.000000 0.870890 34105
car -1 -1 nan nan nan nan nan 0.382902 0.493925 0.370457 5.339636 31.253543 -1.192623 0.000000 0.658619 34106
car -1 -1 nan nan nan nan nan 1.500138 1.947361 0.855307 -0.913387 42.137747 -0.864641 0.000000 0.840363 34108
motorcycle -1 -1 nan nan nan nan nan 0.753955 0.446030 0.612666 -3.197255 -24.844351 -1.271876 0.000000 0.781842 34089
bicycle -1 -1 nan nan nan nan nan 0.970011 1.469374 0.659451 14.044063 6.293092 -0.872867 0.000000 0.908377 34091
bicyclist -1 -1 nan nan nan nan nan 0.511922 0.572143 0.577744 27.860903 3.460956 -0.271756 0.000000 0.701515 34092
bicyclist -1 -1 nan nan nan nan nan 1.091765 1.132011 0.427050 3.938405 44.595943 -0.677938 0.000000 0.844445 34102
person -1 -1 nan nan nan nan nan 0.694738 1.414404 0.636215 38.187996 1.993574 -0.443934 0.000000 0.811466 34080
