car -1 -1 nan nan nan nan nan 1.426098 1.568667 4.195379 2.094552 -2.518263 -1.081062 0.000000 0.939457 34405
car -1 -1 nan nan nan nan nan 1.671860 1.547323 3.373249 -46.863256 1.606190 -1.302265 0.000000 0.827412 34406
other-vehicle -1 -1 nan nan nan nan nan 0.610012 0.398899 0.610378 -18.677080 -28.579576 -1.423929 0.000000 0.422528 34408
car -1 -1 nan nan nan nan nan 0.839871 0.412579 0.788544 -2.804599 26.931364 -0.430568 0.000000 0.782423 34410
car -1 -1 nan nan nan nan nan 1.652700 2.010447 3.523167 -24.392416 1.965034 -1.251420 0.000000 0.900949 34411
car -1 -1 nan nan nan nan nan 1.146995 0.946665 0.782992 -10.837086 -19.682397 -1.791377 0.000000 0.496465 34413
car -1 -1 nan nan nan nan nan 1.478657 2.963409 1.627313 -6.774403 17.766718 -0.687355 0.000000 0.841298 34415
car -1 -1 nan nan nan nan nan 1.454637 1.757578 2.143738 -36.917011 2.118973 -1.309280 0.000000 0.809126 34416
car -1 -1 nan nan nan nan nan 1.506021 1.801898 3.988525 7.685855 1.993505 -0.977872 0.000000 0.967342 34418
car -1 -1 nan nan nan nan nan 1.461690 3.079016 1.658121 -15.636163 -19.131269 -1.721810 0.000000 0.930011 34419
bicyclist -1 -1 nan nan nan nan nan 0.985015 1.558327 1.065248 19.934203 5.613101 -0.445995 0.000000 0.834694 34412
bicycle -1 -1 nan nan nan nan nan 0.951914 1.757483 0.787470 5.853978 7.036215 -0.860080 0.000000 0.904025 34414
