car -1 -1 nan nan nan nan nan 1.429076 1.901703 4.241355 -12.639622 -2.595190 -1.268522 0.000000 0.937759 34648
car -1 -1 nan nan nan nan nan 1.217027 1.677653 0.753166 50.090481 1.718647 -0.244449 0.000000 0.877914 34649
car -1 -1 nan nan nan nan nan 0.618437 1.413670 0.371658 -31.384773 14.480240 -1.628961 0.000000 0.609202 34652
car -1 -1 nan nan nan nan nan 1.582961 1.652086 2.335060 -38.539715 0.250048 -1.621750 0.000000 0.868507 34656
car -1 -1 nan nan nan nan nan 1.883054 1.750219 3.819314 -7.278015 2.431569 -0.974002 0.000000 0.942277 34660
car -1 -1 nan nan nan nan nan 0.583012 0.251108 0.282228 19.434550 -27.909549 0.011967 0.000000 0.774244 34661
other-vehicle -1 -1 nan nan nan nan nan 0.711601 1.199617 0.365305 9.010047 -16.238208 -0.182633 0.000000 0.343017 34664
bicyclist -1 -1 nan nan nan nan nan 1.710007 1.430943 0.951623 4.321852 6.984362 -0.770586 0.000000 0.914886 34653
bicycle -1 -1 nan nan nan nan nan 0.895148 1.447962 0.750577 -9.908227 7.202525 -1.210549 0.000000 0.858217 34657
person -1 -1 nan nan nan nan nan 1.581046 0.408780 0.535720 3.158393 6.073838 -0.859887 0.000000 0.912159 34663
