car -1 -1 nan nan nan nan nan 1.685573 1.704084 4.650403 -13.328288 3.737676 -1.269215 0.000000 0.946702 33861
car -1 -1 nan nan nan nan nan 0.818156 0.611542 0.415265 0.836765 -44.674671 -0.582870 0.000000 0.563075 33863
car -1 -1 nan nan nan nan nan 1.393565 3.005520 2.021443 -0.621053 -19.900961 -1.130134 0.000000 0.886323 33866
car -1 -1 nan nan nan nan nan 1.605651 3.443043 1.802673 5.672940 18.332960 -1.120674 0.000000 0.929659 33867
car -1 -1 nan nan nan nan nan 1.469981 1.742721 3.986610 13.075497 -2.804880 -1.008595 0.000000 0.925217 33868
car -1 -1 nan nan nan nan nan 0.636436 0.776718 1.624167 1.617969 34.569675 -1.663982 0.000000 0.737607 33869
car -1 -1 nan nan nan nan nan 1.615609 1.502512 3.095270 -25.615819 5.069322 -1.548189 0.000000 0.857704 33870
other-vehicle -1 -1 nan nan nan nan nan 0.733009 1.703739 1.406829 -8.735272 -29.204741 -0.420077 0.000000 0.841113 33871
car -1 -1 nan nan nan nan nan 1.847483 1.742910 3.995712 -35.472893 5.597848 -1.427765 0.000000 0.890519 33874
other-vehicle -1 -1 nan nan nan nan nan 1.214683 1.059238 1.251644 -2.293083 -39.790773 -0.978866 0.000000 0.806157 33875
car -1 -1 nan nan nan nan nan 0.757911 2.072798 1.349574 -1.074409 -26.202636 -0.723178 0.000000 0.735909 33876
car -1 -1 nan nan nan nan nan 1.422789 1.870577 3.634518 18.960779 1.415930 -0.980786 0.000000 0.934495 33877
car -1 -1 nan nan nan nan nan 1.414507 3.651089 1.490743 -5.469795 -18.071035 -1.201965 0.000000 0.953068 33878
car -1 -1 nan nan nan nan nan 0.696215 0.336378 0.832294 -39.781485 5.270606 -1.417282 0.000000 0.773833 33879
car -1 -1 nan nan nan nan nan 0.498375 0.418343 0.648114 0.712900 -40.592377 -1.131857 0.000000 0.700743 33881
motorcycle -1 -1 nan nan nan nan nan 0.910120 1.561987 0.736874 17.738276 6.630703 -0.979238 0.000000 0.919864 33872
bicyclist -1 -1 nan nan nan nan nan 0.850256 1.296505 0.703777 7.405388 46.999292 -1.245876 0.000000 0.805108 33880
person -1 -1 nan nan nan nan nan 0.892179 0.265800 1.039012 9.633083 49.354828 -1.320946 0.000000 0.869388 33885
