car -1 -1 nan nan nan nan nan 0.580115 0.592827 0.872409 13.138325 -41.614834 -0.481088 0.000000 0.902776 35408
car -1 -1 nan nan nan nan nan 0.714538 2.308517 2.768402 -3.415778 -12.627614 -0.455017 0.000000 0.872728 35410
car -1 -1 nan nan nan nan nan 1.632359 4.454063 1.962431 12.359774 36.292625 -0.941935 0.000000 0.940520 35411
car -1 -1 nan nan nan nan nan 1.047524 1.432924 0.653139 -27.754472 7.258936 -1.257321 0.000000 0.875391 35412
car -1 -1 nan nan nan nan nan 1.939326 2.033633 4.044266 18.821918 -1.704739 -0.581731 0.000000 0.857256 35413
car -1 -1 nan nan nan nan nan 1.528520 3.490795 1.551911 8.166043 -29.334892 -1.030056 0.000000 0.915800 35416
car -1 -1 nan nan nan nan nan 0.654244 1.531280 2.210289 -39.097263 3.638461 -1.887905 0.000000 0.882922 35419
car -1 -1 nan nan nan nan nan 1.289928 1.842703 3.435511 28.405271 2.504095 -0.666114 0.000000 0.913496 35421
car -1 -1 nan nan nan nan nan 0.394635 0.334136 0.294693 -32.745926 6.786681 -1.686645 0.000000 0.717469 35422
car -1 -1 nan nan nan nan nan 0.447221 1.143803 0.467998 12.341363 -37.116964 -0.886918 0.000000 0.633805 35423
car -1 -1 nan nan nan nan nan 0.747415 0.223465 0.926178 12.494572 -39.656052 -0.801467 0.000000 0.770491 35427
motorcycle -1 -1 nan nan nan nan nan 0.257140 1.445392 0.633438 -43.589024 -1.110308 -1.862403 0.000000 0.762710 35407
person -1 -1 nan nan nan nan nan 1.559978 0.637947 0.475602 10.224057 11.977098 -0.916445 0.000000 0.952414 35406
person -1 -1 nan nan nan nan nan 1.593104 0.511918 0.397268 20.025804 4.156568 -0.526417 0.000000 0.933513 35420
person -1 -1 nan nan nan nan nan 0.499334 1.209860 0.587883 37.210831 6.372827 -0.340477 0.000000 0.807454 35424
person -1 -1 nan nan nan nan nan 1.620264 0.477242 0.473173 -28.929317 6.519663 -1.401126 0.000000 0.884823 35426
