car -1 -1 nan nan nan nan nan 0.755503 2.489100 2.206312 2.724958 -12.571067 -0.435791 0.000000 0.902743 35123
car -1 -1 nan nan nan nan nan 1.179846 1.710283 2.583275 33.920429 2.653428 -0.271682 0.000000 0.941503 35126
car -1 -1 nan nan nan nan nan 1.298766 1.494855 3.360973 -33.733240 3.373053 -1.790996 0.000000 0.915487 35128
car -1 -1 nan nan nan nan nan 1.845070 1.989353 3.840496 24.777536 -1.525764 -0.352590 0.000000 0.788495 35130
car -1 -1 nan nan nan nan nan 0.890113 1.817220 2.156597 -37.967932 -1.365576 -2.159684 0.000000 0.852468 35131
car -1 -1 nan nan nan nan nan 0.483953 0.319053 0.222748 43.182339 7.193601 0.104044 0.000000 0.644761 35135
motorcycle -1 -1 nan nan nan nan nan 1.178047 1.056819 0.742817 -21.893675 7.035828 -1.423663 0.000000 0.937787 35124
person -1 -1 nan nan nan nan nan 1.516977 0.635128 0.516092 14.613598 12.864577 -0.703507 0.000000 0.955882 35119
person -1 -1 nan nan nan nan nan 0.832990 0.338251 0.281273 -45.107777 -5.898060 -1.635485 0.000000 0.659537 35120
person -1 -1 nan nan nan nan nan 1.436014 0.461075 0.513685 29.006860 4.046153 -0.214571 0.000000 0.945231 35133
person -1 -1 nan nan nan nan nan 1.426252 0.283085 0.473383 -23.078048 6.270078 -1.437767 0.000000 0.900149 35136
