car -1 -1 nan nan nan nan nan 1.748116 1.997369 3.768137 25.407605 -1.540781 -0.297149 0.000000 0.792099 35102
car -1 -1 nan nan nan nan nan 0.476481 2.251038 1.837138 3.454511 -12.696802 -0.295069 0.000000 0.921256 35105
car -1 -1 nan nan nan nan nan 1.472300 1.539638 3.297262 -33.123200 3.370658 -1.850755 0.000000 0.890959 35106
car -1 -1 nan nan nan nan nan 0.788213 0.611843 1.227770 17.545550 -39.780848 -0.522424 0.000000 0.738175 35107
car -1 -1 nan nan nan nan nan 1.198797 1.819318 2.182549 34.380024 2.629961 -0.280082 0.000000 0.927060 35108
car -1 -1 nan nan nan nan nan 1.297612 1.664978 2.635765 -37.610859 -1.278020 -1.918606 0.000000 0.844185 35109
car -1 -1 nan nan nan nan nan 0.281093 1.246202 0.301247 43.593838 6.826173 -0.001165 0.000000 0.724017 35116
car -1 -1 nan nan nan nan nan 1.289308 1.368055 0.934303 -21.308289 7.182369 -1.313670 0.000000 0.901313 35117
bicyclist -1 -1 nan nan nan nan nan 0.555249 0.550003 0.776707 7.232847 -16.609907 -0.315331 0.000000 0.809020 35112
person -1 -1 nan nan nan nan nan 1.104119 0.384230 0.517311 -44.601048 -5.864885 -1.750684 0.000000 0.636145 35099
person -1 -1 nan nan nan nan nan 1.514046 0.455162 0.588085 -22.485260 6.346744 -1.458356 0.000000 0.916665 35103
person -1 -1 nan nan nan nan nan 1.462864 0.460257 0.548699 15.062557 12.754099 -0.677435 0.000000 0.941084 35104
person -1 -1 nan nan nan nan nan 1.474968 0.536096 0.550589 29.845252 4.006700 -0.225897 0.000000 0.953017 35111
