other-vehicle -1 -1 nan nan nan nan nan 0.854025 2.960495 1.593771 -6.886804 -28.917675 -0.607513 0.000000 0.866849 33772
car -1 -1 nan nan nan nan nan 0.236077 0.207862 0.505367 -42.138285 8.392956 -1.722938 0.000000 0.601566 33774
car -1 -1 nan nan nan nan nan 1.761068 1.682090 3.741518 -11.491557 3.583370 -1.155998 0.000000 0.927931 33776
car -1 -1 nan nan nan nan nan 1.613684 1.538857 3.116184 -24.266813 4.717415 -1.299705 0.000000 0.891173 33781
car -1 -1 nan nan nan nan nan 1.422305 3.883516 1.843646 1.196204 -20.323737 -1.255589 0.000000 0.917578 33782
car -1 -1 nan nan nan nan nan 0.279517 1.693455 1.297668 -35.644646 -1.683860 -1.978690 0.000000 0.480748 33783
car -1 -1 nan nan nan nan nan 1.480008 1.870602 3.934093 14.550680 -2.653970 -1.092362 0.000000 0.903334 33784
car -1 -1 nan nan nan nan nan 1.143201 2.265694 1.102212 -0.220198 -40.223740 -1.177763 0.000000 0.884005 33785
car -1 -1 nan nan nan nan nan 1.059592 1.852844 1.711536 2.540333 35.117649 -1.241160 0.000000 0.852635 33786
car -1 -1 nan nan nan nan nan 1.792023 1.642876 3.969849 -34.071922 5.026471 -1.272413 0.000000 0.802509 33788
car -1 -1 nan nan nan nan nan 1.565910 2.985697 1.431486 0.691839 -26.350982 -1.238897 0.000000 0.866678 33790
car -1 -1 nan nan nan nan nan 1.516726 3.512491 1.702734 6.770860 18.441751 -0.965104 0.000000 0.928713 33791
car -1 -1 nan nan nan nan nan 1.381317 1.834569 3.516788 20.362406 1.743626 -1.011152 0.000000 0.929534 33792
car -1 -1 nan nan nan nan nan 1.402743 3.326199 1.538646 -3.754985 -17.871323 -1.249608 0.000000 0.950230 33793
bicyclist -1 -1 nan nan nan nan nan 0.888137 0.868034 0.527623 8.160609 47.908100 -0.900421 0.000000 0.843308 33773
bicycle -1 -1 nan nan nan nan nan 0.977956 1.376031 0.677221 19.116057 6.908251 -1.056740 0.000000 0.888672 33775
person -1 -1 nan nan nan nan nan 0.528412 0.411251 0.711597 -7.716344 -40.988634 -1.113226 0.000000 0.512721 33796
