car -1 -1 nan nan nan nan nan 1.035557 1.378898 4.208527 -0.055411 -2.689663 -0.893003 0.000000 0.953816 34461
car -1 -1 nan nan nan nan nan 1.461501 0.498728 1.378284 -47.624983 -0.087615 -1.197358 0.000000 0.550646 34462
car -1 -1 nan nan nan nan nan 1.337019 1.922417 1.580093 -17.176313 -19.258501 -1.618463 0.000000 0.957278 34464
other-vehicle -1 -1 nan nan nan nan nan 0.405131 0.507948 0.221434 21.429118 9.028818 -1.036221 0.000000 0.814193 34465
car -1 -1 nan nan nan nan nan 1.637733 2.097300 3.209538 -26.868258 0.893929 -1.282997 0.000000 0.932333 34466
car -1 -1 nan nan nan nan nan 0.200153 0.338499 0.221928 21.638025 -17.321162 -0.285411 0.000000 0.721447 34468
car -1 -1 nan nan nan nan nan 1.394523 1.150969 2.068153 -39.438278 0.306514 -1.322264 0.000000 0.736148 34470
car -1 -1 nan nan nan nan nan 1.777725 1.613681 3.820673 5.021101 2.252185 -0.876108 0.000000 0.919192 34471
bicycle -1 -1 nan nan nan nan nan 0.983449 1.602134 0.795851 3.047401 7.264282 -0.909025 0.000000 0.895722 34469
person -1 -1 nan nan nan nan nan 1.481063 1.576075 1.274799 17.222837 6.462534 -0.675814 0.000000 0.951034 34472
