car -1 -1 nan nan nan nan nan 1.436103 3.157953 1.503613 -10.629405 -17.999932 -1.512464 0.000000 0.932686 34141
car -1 -1 nan nan nan nan nan 1.141258 0.906483 1.422348 4.930467 46.574076 -0.426101 0.000000 0.797648 34142
car -1 -1 nan nan nan nan nan 1.617756 1.686924 3.805424 -40.435320 5.777745 -1.383601 0.000000 0.924064 34144
car -1 -1 nan nan nan nan nan 1.697034 1.677535 3.466902 -17.691468 3.796594 -1.286924 0.000000 0.901568 34146
car -1 -1 nan nan nan nan nan 1.535067 1.251457 1.473173 -7.462526 -39.840939 -1.838210 0.000000 0.790956 34147
car -1 -1 nan nan nan nan nan 1.511893 3.100840 1.834743 0.810312 18.001378 -0.809165 0.000000 0.880715 34150
car -1 -1 nan nan nan nan nan 1.207209 1.014441 1.376446 47.536268 -12.884125 -0.470174 0.000000 0.737973 34153
car -1 -1 nan nan nan nan nan 0.788118 0.648287 0.635722 -14.155548 -28.859582 -1.419331 0.000000 0.759519 34155
car -1 -1 nan nan nan nan nan 1.619707 1.373038 3.150288 -30.736788 5.132131 -1.520552 0.000000 0.868814 34156
car -1 -1 nan nan nan nan nan 1.497625 1.906733 4.068788 8.072001 -2.951260 -1.067886 0.000000 0.929944 34157
car -1 -1 nan nan nan nan nan 1.296977 3.227890 1.372565 -6.026984 -26.645445 -1.446879 0.000000 0.957357 34158
car -1 -1 nan nan nan nan nan 1.241152 3.271847 1.806061 -3.095301 35.795752 -0.928923 0.000000 0.908028 34162
car -1 -1 nan nan nan nan nan 1.488811 1.899897 3.670755 13.920484 1.213072 -0.973749 0.000000 0.948662 34164
car -1 -1 nan nan nan nan nan 1.367767 4.078472 1.645955 -5.592619 -20.503553 -1.396588 0.000000 0.910460 34165
car -1 -1 nan nan nan nan nan 0.634877 1.049522 0.513734 -12.898868 -25.150089 -1.719521 0.000000 0.681117 34169
car -1 -1 nan nan nan nan nan 0.921152 0.851147 1.083719 -14.762632 -27.490675 -0.908043 0.000000 0.870975 34171
car -1 -1 nan nan nan nan nan 0.524756 0.731892 0.573281 5.085970 42.856264 -0.651419 0.000000 0.731969 34175
car -1 -1 nan nan nan nan nan 1.264392 1.447777 0.507059 -1.931462 41.767731 -0.747840 0.000000 0.822450 34176
bicycle -1 -1 nan nan nan nan nan 0.994056 1.594589 0.678001 12.739767 6.381750 -0.926159 0.000000 0.940589 34145
motorcycle -1 -1 nan nan nan nan nan 0.581338 1.684795 0.525021 31.136534 5.185487 -1.090806 0.000000 0.805335 34149
motorcycle -1 -1 nan nan nan nan nan 0.413047 0.513039 0.634242 -8.623168 4.233114 -1.557638 0.000000 0.766457 34159
person -1 -1 nan nan nan nan nan 1.008842 0.378605 0.588852 -7.197750 40.273081 -0.345086 0.000000 0.859196 34152
person -1 -1 nan nan nan nan nan 0.473866 1.240593 1.167656 37.283779 2.362144 -0.548704 0.000000 0.807584 34160
person -1 -1 nan nan nan nan nan 1.330046 1.199572 0.720169 26.730639 3.815320 -0.502102 0.000000 0.820020 34168
