car -1 -1 nan nan nan nan nan 1.390727 1.769168 3.398529 23.880590 2.548763 -0.991214 0.000000 0.909329 33561
car -1 -1 nan nan nan nan nan 0.588554 1.051218 0.568726 -47.337658 8.248507 -0.716812 0.000000 0.759730 33562
car -1 -1 nan nan nan nan nan 1.764480 1.755440 3.700481 -8.060208 3.343120 -1.032322 0.000000 0.960879 33564
car -1 -1 nan nan nan nan nan 1.419141 2.973434 1.716267 0.357090 -17.865084 -1.260867 0.000000 0.956060 33565
car -1 -1 nan nan nan nan nan 1.804411 1.624397 4.038452 -30.722763 4.000885 -1.084654 0.000000 0.907612 33567
car -1 -1 nan nan nan nan nan 1.540021 3.388067 1.659672 9.670337 18.802741 -0.861257 0.000000 0.949945 33570
car -1 -1 nan nan nan nan nan 1.699096 1.590062 3.221516 -20.871550 4.022464 -1.153424 0.000000 0.924635 33572
car -1 -1 nan nan nan nan nan 1.430496 3.343687 1.483790 5.154839 -26.406793 -1.322693 0.000000 0.930822 33573
car -1 -1 nan nan nan nan nan 1.464723 1.746223 3.793060 18.105022 -2.028563 -1.080600 0.000000 0.886937 33574
car -1 -1 nan nan nan nan nan 1.416163 3.946173 1.684916 5.431987 -20.209399 -1.275913 0.000000 0.929482 33578
car -1 -1 nan nan nan nan nan 1.024160 0.600288 0.800582 9.902510 -41.005547 -0.886768 0.000000 0.830606 33580
car -1 -1 nan nan nan nan nan 1.502540 2.095249 1.481265 4.895403 -40.120333 -1.565430 0.000000 0.842979 33584
bicyclist -1 -1 nan nan nan nan nan 0.527218 0.594885 0.945515 -44.986433 -6.164289 -1.039161 0.000000 0.789662 33569
motorcycle -1 -1 nan nan nan nan nan 0.695051 0.734196 1.359531 1.354348 4.197079 -1.342591 0.000000 0.835978 33571
bicycle -1 -1 nan nan nan nan nan 0.884889 1.295442 0.501019 22.417044 7.612438 -0.994631 0.000000 0.836622 33577
bicyclist -1 -1 nan nan nan nan nan 0.876701 0.780993 0.676342 -46.894606 -5.942680 -0.639986 0.000000 0.805512 33583
