car -1 -1 nan nan nan nan nan 1.507847 3.464098 1.767608 6.073866 18.384210 -1.066383 0.000000 0.967878 33829
car -1 -1 nan nan nan nan nan 0.285391 0.295501 0.248425 -47.520647 -3.959236 -2.028301 0.000000 0.752098 33831
other-vehicle -1 -1 nan nan nan nan nan 0.454992 0.785302 0.388126 36.575850 5.513039 -0.986660 0.000000 0.744715 33832
other-vehicle -1 -1 nan nan nan nan nan 1.086647 0.880537 0.649910 -18.495159 7.830099 -1.249620 0.000000 0.796045 33834
car -1 -1 nan nan nan nan nan 1.427835 3.445244 1.522226 -4.879463 -17.829220 -1.219317 0.000000 0.929875 33835
car -1 -1 nan nan nan nan nan 1.479264 1.868374 4.061696 13.628963 -2.791602 -0.943464 0.000000 0.900970 33836
car -1 -1 nan nan nan nan nan 1.846494 1.793066 5.973202 -36.015059 5.453485 -1.636537 0.000000 0.927177 33838
other-vehicle -1 -1 nan nan nan nan nan 0.542125 0.506500 1.274423 -8.000281 -28.764116 -0.506705 0.000000 0.725589 33840
car -1 -1 nan nan nan nan nan 0.240840 0.201519 0.201962 -0.198495 47.850283 -0.964589 0.000000 0.566381 33842
truck -1 -1 nan nan nan nan nan 1.891432 2.953726 1.498044 -0.062766 28.104445 0.214905 0.000000 0.491769 33843
car -1 -1 nan nan nan nan nan 1.703987 1.688423 3.981210 -12.388979 3.711818 -1.277043 0.000000 0.924388 33845
car -1 -1 nan nan nan nan nan 1.192243 2.195244 1.102486 -1.675991 -40.193157 -0.990625 0.000000 0.837157 33846
car -1 -1 nan nan nan nan nan 1.678874 1.531384 3.105129 -25.126070 4.967721 -1.601506 0.000000 0.901425 33848
car -1 -1 nan nan nan nan nan 1.427126 1.931274 3.483988 19.472394 1.521148 -0.912256 0.000000 0.930161 33849
car -1 -1 nan nan nan nan nan 1.401247 3.621790 1.973347 0.026018 -20.184459 -1.139276 0.000000 0.943415 33851
car -1 -1 nan nan nan nan nan 1.173506 2.703865 1.521208 -0.546430 -26.399366 -0.952375 0.000000 0.866990 33856
car -1 -1 nan nan nan nan nan 1.226132 3.315647 1.837592 2.002485 35.826944 -1.420699 0.000000 0.814382 33857
bicyclist -1 -1 nan nan nan nan nan 0.742071 0.443699 0.888012 -9.290792 -40.829428 -1.079162 0.000000 0.888397 33830
bicycle -1 -1 nan nan nan nan nan 0.831845 1.530859 0.726889 18.241069 6.696338 -0.958026 0.000000 0.919061 33841
bicycle -1 -1 nan nan nan nan nan 0.880875 0.494513 0.923616 -8.603565 -21.897220 -1.008814 0.000000 0.766360 33850
bicyclist -1 -1 nan nan nan nan nan 1.189008 1.245853 0.680860 7.666457 47.407969 -1.097472 0.000000 0.792648 33853
