car -1 -1 nan nan nan nan nan 1.316995 1.693834 3.310530 24.714215 2.705707 -0.954589 0.000000 0.887175 33514
car -1 -1 nan nan nan nan nan 0.574783 0.712168 0.459114 -46.482700 8.045364 -0.729768 0.000000 0.699308 33515
car -1 -1 nan nan nan nan nan 1.401887 0.969814 1.973191 10.003513 -44.346441 -0.848154 0.000000 0.872779 33516
car -1 -1 nan nan nan nan nan 1.759875 1.696856 3.629026 -7.168110 3.286465 -1.036002 0.000000 0.953216 33517
car -1 -1 nan nan nan nan nan 0.832747 1.072235 1.488373 13.489388 32.115967 -0.929841 0.000000 0.732126 33518
car -1 -1 nan nan nan nan nan 1.312986 4.091402 1.786235 6.487851 -20.210948 -1.227211 0.000000 0.930603 33519
car -1 -1 nan nan nan nan nan 1.856751 1.655789 3.975292 -29.813663 3.875420 -1.144233 0.000000 0.929290 33520
car -1 -1 nan nan nan nan nan 0.261005 0.298965 0.373764 41.763855 6.111699 -1.023700 0.000000 0.734740 33521
car -1 -1 nan nan nan nan nan 1.454096 3.401022 1.650784 10.500033 18.770143 -0.819242 0.000000 0.927478 33523
car -1 -1 nan nan nan nan nan 1.641133 1.628844 3.023376 -19.883392 3.941522 -1.218489 0.000000 0.944266 33525
car -1 -1 nan nan nan nan nan 1.441953 1.713858 4.014809 19.148533 -1.907829 -0.991852 0.000000 0.899594 33526
car -1 -1 nan nan nan nan nan 1.579558 3.511206 1.521050 6.220197 -26.356118 -1.273312 0.000000 0.917893 33527
car -1 -1 nan nan nan nan nan 1.457968 1.186096 1.575484 5.966400 -39.638504 -1.549933 0.000000 0.853449 33528
car -1 -1 nan nan nan nan nan 1.232039 0.254301 2.804527 -34.979248 3.320044 -1.294625 0.000000 0.849808 33529
car -1 -1 nan nan nan nan nan 1.337042 2.960768 1.573083 1.309397 -17.898267 -1.213419 0.000000 0.951188 33531
car -1 -1 nan nan nan nan nan 0.757031 0.593021 0.907955 11.177463 -40.995886 -0.760466 0.000000 0.765200 33534
bicyclist -1 -1 nan nan nan nan nan 0.772078 0.421732 0.456459 -41.800541 -6.245811 -1.550070 0.000000 0.834455 33522
motorcycle -1 -1 nan nan nan nan nan 0.485073 0.403764 0.964590 2.024683 4.199114 -1.394041 0.000000 0.491502 33524
bicycle -1 -1 nan nan nan nan nan 0.471975 1.363875 0.727236 23.261966 7.743201 -0.978082 0.000000 0.847171 33530
bicyclist -1 -1 nan nan nan nan nan 0.516289 0.542516 1.136066 -44.281199 -6.372494 -0.998476 0.000000 0.839735 33535
