car -1 -1 nan nan nan nan nan 0.686023 0.670166 0.916753 5.917800 -37.061417 -0.432118 0.000000 0.714521 35613
car -1 -1 nan nan nan nan nan 1.757055 4.647675 1.892138 10.310331 35.976307 -1.177238 0.000000 0.875025 35614
car -1 -1 nan nan nan nan nan 1.909782 2.105906 4.319192 15.764129 -2.384605 -0.591650 0.000000 0.921808 35619
car -1 -1 nan nan nan nan nan 0.870208 2.160197 2.706894 -6.991194 -12.340004 -0.525686 0.000000 0.905586 35620
car -1 -1 nan nan nan nan nan 0.522991 0.240913 0.514872 -3.841349 -47.179569 -1.054718 0.000000 0.702230 35622
car -1 -1 nan nan nan nan nan 1.318934 1.754214 3.465229 25.247488 1.519451 -0.655602 0.000000 0.945175 35626
car -1 -1 nan nan nan nan nan 1.367869 3.507738 1.748778 3.936719 -29.608989 -0.896938 0.000000 0.948797 35628
car -1 -1 nan nan nan nan nan 0.673318 1.520422 2.206181 -42.119314 4.953311 -2.065482 0.000000 0.721106 35634
car -1 -1 nan nan nan nan nan 0.582128 0.700729 1.622731 -1.942544 -44.946404 -1.257776 0.000000 0.868922 35638
car -1 -1 nan nan nan nan nan 0.952091 1.306998 0.551485 -30.723170 8.137652 -1.290328 0.000000 0.818353 35640
car -1 -1 nan nan nan nan nan 0.978968 0.234020 1.864295 7.058701 -39.983225 -0.606080 0.000000 0.835828 35642
other-vehicle -1 -1 nan nan nan nan nan 0.829835 1.784878 1.084026 -47.362928 0.224220 -2.057337 0.000000 0.872523 35643
bicycle -1 -1 nan nan nan nan nan 0.225971 0.696313 0.563503 36.337492 6.846565 -0.201553 0.000000 0.478176 35616
bicycle -1 -1 nan nan nan nan nan 0.738004 0.587032 0.447302 -2.847018 -39.907328 -1.209914 0.000000 0.824031 35630
bicycle -1 -1 nan nan nan nan nan 0.571009 0.306915 0.300261 16.879693 26.522200 -1.300813 0.000000 0.802974 35641
person -1 -1 nan nan nan nan nan 1.620976 0.738830 0.435325 7.360343 10.631346 -1.021995 0.000000 0.952752 35623
person -1 -1 nan nan nan nan nan 0.385053 0.335020 0.311166 15.513967 26.795966 -1.368045 0.000000 0.740312 35627
person -1 -1 nan nan nan nan nan 1.694981 0.492528 0.522557 15.010878 3.568956 -0.665159 0.000000 0.944007 35631
person -1 -1 nan nan nan nan nan 1.381978 0.371204 0.556673 -31.916774 7.470335 -1.535209 0.000000 0.908090 35633
