car -1 -1 nan nan nan nan nan 1.284152 3.903328 1.799846 1.728344 -20.331316 -1.188631 0.000000 0.913115 33749
car -1 -1 nan nan nan nan nan 1.549919 3.372038 1.643006 7.191711 18.488324 -1.079997 0.000000 0.899046 33753
car -1 -1 nan nan nan nan nan 1.618422 1.554614 3.221556 -23.791440 4.605174 -1.141984 0.000000 0.934903 33754
car -1 -1 nan nan nan nan nan 1.466335 1.677052 3.984897 15.066666 -2.492560 -1.180153 0.000000 0.915763 33755
car -1 -1 nan nan nan nan nan 1.309678 3.466965 1.419161 0.392764 -40.792736 -1.265810 0.000000 0.928980 33756
car -1 -1 nan nan nan nan nan 1.669848 2.597412 1.759630 2.841183 35.538486 -1.133742 0.000000 0.790045 33758
truck -1 -1 nan nan nan nan nan 1.309222 1.841713 2.486199 -6.762360 -29.526920 -0.840955 0.000000 0.746807 33759
car -1 -1 nan nan nan nan nan 1.715517 1.720966 3.652076 -11.040982 3.565850 -1.032605 0.000000 0.958631 33760
car -1 -1 nan nan nan nan nan 1.761543 1.659764 3.957787 -33.650631 4.859536 -1.011958 0.000000 0.900379 33762
car -1 -1 nan nan nan nan nan 1.529827 3.291523 1.726707 1.387874 -26.530539 -1.220084 0.000000 0.936479 33763
car -1 -1 nan nan nan nan nan 1.429609 1.741976 3.672918 20.738536 1.841404 -1.169116 0.000000 0.945547 33764
car -1 -1 nan nan nan nan nan 1.464107 3.097029 1.579860 -3.188591 -18.007092 -1.203304 0.000000 0.971890 33765
car -1 -1 nan nan nan nan nan 0.364127 2.027340 2.522480 12.184847 48.166643 -1.512194 0.000000 0.811497 33768
bicyclist -1 -1 nan nan nan nan nan 1.229849 1.155983 0.592251 8.445668 48.410282 -1.080639 0.000000 0.831215 33750
motorcycle -1 -1 nan nan nan nan nan 0.877861 1.577188 0.637384 19.474055 7.023975 -1.147457 0.000000 0.893256 33761
