car -1 -1 nan nan nan nan nan 1.484530 3.158800 1.492040 -13.533540 -18.350595 -1.655257 0.000000 0.950934 34312
other-vehicle -1 -1 nan nan nan nan nan 0.285677 1.204683 0.267929 46.017437 3.322196 -0.301903 0.000000 0.837116 34313
car -1 -1 nan nan nan nan nan 1.557111 1.828920 3.589317 -43.801430 4.492872 -1.372816 0.000000 0.824759 34315
car -1 -1 nan nan nan nan nan 1.692533 1.674136 3.313524 -21.225831 3.304512 -1.258115 0.000000 0.953189 34317
car -1 -1 nan nan nan nan nan 0.476395 0.280941 0.409468 -10.176245 -39.688326 -1.574182 0.000000 0.603623 34318
car -1 -1 nan nan nan nan nan 1.561251 3.322144 1.848831 -3.023124 18.080132 -0.696088 0.000000 0.878372 34320
car -1 -1 nan nan nan nan nan 0.566990 0.712998 0.691765 44.291706 -11.775398 -0.707350 0.000000 0.831010 34321
car -1 -1 nan nan nan nan nan 1.377572 1.378896 2.881252 -34.005293 4.303432 -1.465214 0.000000 0.829260 34324
car -1 -1 nan nan nan nan nan 1.904576 1.792881 4.100654 4.780456 -2.793803 -0.871101 0.000000 0.956638 34326
car -1 -1 nan nan nan nan nan 1.088308 1.026775 1.266187 -7.694185 34.490343 -0.786291 0.000000 0.825138 34327
car -1 -1 nan nan nan nan nan 1.492638 1.885588 4.079885 10.654512 1.514573 -0.958109 0.000000 0.939413 34328
car -1 -1 nan nan nan nan nan 1.150984 3.896587 1.610054 -8.417061 -20.630169 -1.454316 0.000000 0.941554 34329
car -1 -1 nan nan nan nan nan 0.947538 3.151634 2.650806 -8.226926 -26.426786 -1.450369 0.000000 0.875648 34335
bicycle -1 -1 nan nan nan nan nan 0.973070 1.671448 0.782495 9.174624 6.711868 -0.850943 0.000000 0.894573 34316
motorcycle -1 -1 nan nan nan nan nan 0.263891 0.924310 1.908970 45.444304 2.084464 -0.862008 0.000000 0.672993 34333
person -1 -1 nan nan nan nan nan 0.545216 0.300179 0.302204 -11.464363 40.025040 -0.328542 0.000000 0.886688 34314
person -1 -1 nan nan nan nan nan 0.977815 0.797464 1.085976 -17.473232 -27.667550 -1.314243 0.000000 0.513899 34323
person -1 -1 nan nan nan nan nan 0.493614 0.331558 0.578422 -10.635135 39.366440 -0.548915 0.000000 0.836151 34334
