car -1 -1 nan nan nan nan nan 1.923104 2.237237 4.660988 13.931040 -2.826133 -0.709932 0.000000 0.871566 35728
car -1 -1 nan nan nan nan nan 0.294627 1.438202 0.360516 -48.681208 1.548449 -1.700097 0.000000 0.783923 35729
car -1 -1 nan nan nan nan nan 0.843106 0.393696 1.043429 13.772151 43.585272 -1.655594 0.000000 0.794420 35731
car -1 -1 nan nan nan nan nan 0.568543 1.687591 2.718593 -9.121254 -11.832310 -0.283148 0.000000 0.889976 35732
car -1 -1 nan nan nan nan nan 1.408112 3.518555 1.928624 1.572137 -29.637415 -0.878326 0.000000 0.893462 35734
car -1 -1 nan nan nan nan nan 0.968283 0.278042 1.524978 3.774631 -40.037687 -0.548458 0.000000 0.876259 35739
car -1 -1 nan nan nan nan nan 1.388210 1.819412 3.525417 23.571962 0.996631 -0.830064 0.000000 0.931366 35740
car -1 -1 nan nan nan nan nan 1.892515 4.740993 1.880775 9.281352 35.776217 -1.452007 0.000000 0.924067 35741
car -1 -1 nan nan nan nan nan 0.544815 1.006815 0.528114 -43.160286 5.684880 -1.881236 0.000000 0.686662 35742
car -1 -1 nan nan nan nan nan 0.443070 0.808702 0.792593 21.521520 30.747481 -0.785321 0.000000 0.729581 35747
car -1 -1 nan nan nan nan nan 1.675254 2.360130 0.915766 -4.623946 -45.789722 -0.651420 0.000000 0.807230 35754
bicyclist -1 -1 nan nan nan nan nan 0.997079 1.050733 0.631878 -32.322638 8.751853 -1.078156 0.000000 0.831990 35736
motorcycle -1 -1 nan nan nan nan nan 0.643337 0.315266 0.442833 2.589441 33.851198 -1.789998 0.000000 0.468990 35746
person -1 -1 nan nan nan nan nan 1.318145 0.626135 0.894048 -1.888014 31.407798 -1.424676 0.000000 0.836106 35733
person -1 -1 nan nan nan nan nan 1.622060 0.595898 0.357915 5.614500 9.864116 -1.109464 0.000000 0.938981 35737
person -1 -1 nan nan nan nan nan 0.724776 0.417793 0.433183 -5.480979 -40.187851 -0.962515 0.000000 0.829248 35743
person -1 -1 nan nan nan nan nan 0.236400 0.402292 0.222878 -38.786530 10.799313 -1.594736 0.000000 0.703179 35744
person -1 -1 nan nan nan nan nan 1.660018 0.497620 0.603029 12.422796 3.312048 -0.805633 0.000000 0.958667 35745
person -1 -1 nan nan nan nan nan 0.576640 0.955688 0.725138 15.783666 26.442146 -1.605087 0.000000 0.758916 35748
person -1 -1 nan nan nan nan nan 1.227169 0.559149 0.334244 -33.479755 8.253639 -1.216284 0.000000 0.877606 35753
