car -1 -1 nan nan nan nan nan 1.508583 1.874387 4.435013 0.988064 -2.767608 -0.605402 0.000000 0.938666 36249
car -1 -1 nan nan nan nan nan 0.913152 0.995160 0.525661 -48.947035 -10.297575 -0.864302 0.000000 0.777500 36250
car -1 -1 nan nan nan nan nan 1.192722 1.572788 1.792866 -6.889954 33.574503 -0.304284 0.000000 0.830016 36257
car -1 -1 nan nan nan nan nan 1.406436 1.851331 3.972756 10.156115 1.699959 -0.914515 0.000000 0.933920 36259
bicycle -1 -1 nan nan nan nan nan 0.269075 0.217612 0.611416 44.407835 4.938482 -1.097835 0.000000 0.824808 36252
bicyclist -1 -1 nan nan nan nan nan 0.872114 1.846861 2.008522 -47.129223 3.878184 -0.694789 0.000000 0.822823 36258
bicycle -1 -1 nan nan nan nan nan 0.460595 1.184381 0.651043 -37.587633 5.445970 -0.630818 0.000000 0.836456 36267
person -1 -1 nan nan nan nan nan 1.530689 0.572037 0.547398 -9.713907 6.478679 -0.825705 0.000000 0.925243 36255
person -1 -1 nan nan nan nan nan 0.529353 0.294514 0.329548 -42.145025 3.615970 -1.490770 0.000000 0.777157 36261
person -1 -1 nan nan nan nan nan 1.691929 0.575836 0.728441 -6.573775 3.270731 -0.884439 0.000000 0.949394 36263
