car -1 -1 nan nan nan nan nan 0.297209 0.944668 0.559834 -48.217070 7.186679 -1.189859 0.000000 0.696650 36007
car -1 -1 nan nan nan nan nan 1.421256 1.871174 2.402374 -11.784999 -45.307383 -1.151320 0.000000 0.737475 36008
car -1 -1 nan nan nan nan nan 1.776331 4.057148 1.841280 5.068264 35.074766 -1.141358 0.000000 0.927050 36009
car -1 -1 nan nan nan nan nan 0.441541 1.094376 1.329202 -15.011622 -11.350904 -0.404851 0.000000 0.891473 36010
car -1 -1 nan nan nan nan nan 0.409087 1.952308 0.590862 -33.252657 8.892820 -1.298354 0.000000 0.938059 36013
car -1 -1 nan nan nan nan nan 1.347923 1.884415 3.484566 18.246931 0.243056 -1.066980 0.000000 0.921267 36014
car -1 -1 nan nan nan nan nan 1.370260 2.269388 1.651294 -4.461513 -29.140439 -1.251664 0.000000 0.952769 36024
car -1 -1 nan nan nan nan nan 1.982762 2.229568 4.474588 8.604433 -3.181323 -0.842661 0.000000 0.927950 36027
person -1 -1 nan nan nan nan nan 1.700980 0.558244 0.640410 4.846018 3.322875 -0.944570 0.000000 0.944567 36006
person -1 -1 nan nan nan nan nan 0.577966 0.292086 0.279274 -12.117613 -21.194316 -1.022047 0.000000 0.717777 36016
person -1 -1 nan nan nan nan nan 1.646037 0.774716 0.420839 0.022522 8.457388 -0.991854 0.000000 0.928749 36019
person -1 -1 nan nan nan nan nan 0.788928 0.277225 0.230443 -11.900696 -40.613432 -1.276159 0.000000 0.825014 36023
