car -1 -1 nan nan nan nan nan 1.935273 1.982153 4.254193 12.927657 -2.858328 -0.719372 0.000000 0.945951 35782
car -1 -1 nan nan nan nan nan 0.298023 1.315517 0.212769 -49.493080 2.062931 -1.920003 0.000000 0.740643 35783
car -1 -1 nan nan nan nan nan 0.532409 0.406281 0.697241 -8.683903 -47.093586 -1.043274 0.000000 0.730981 35784
car -1 -1 nan nan nan nan nan 0.858637 0.744396 1.426409 13.241717 43.568415 -1.396011 0.000000 0.702410 35785
car -1 -1 nan nan nan nan nan 0.352347 1.500070 2.156762 -10.043173 -12.637081 -0.276800 0.000000 0.805772 35786
car -1 -1 nan nan nan nan nan 1.361704 3.092007 1.842464 0.212970 -29.528500 -0.884995 0.000000 0.959010 35787
car -1 -1 nan nan nan nan nan 0.575882 0.796192 1.345221 18.934276 -20.532869 -2.039107 0.000000 0.585288 35789
car -1 -1 nan nan nan nan nan 0.984159 0.382267 1.812458 2.249125 -40.161219 -0.837775 0.000000 0.873370 35793
car -1 -1 nan nan nan nan nan 1.401023 1.834257 3.538170 22.577291 0.741295 -0.820433 0.000000 0.883961 35795
car -1 -1 nan nan nan nan nan 1.713594 4.768719 1.873799 8.782232 35.621469 -1.128028 0.000000 0.936024 35796
car -1 -1 nan nan nan nan nan 0.260157 0.413521 0.235493 -43.738531 6.259415 -1.941045 0.000000 0.868363 35797
car -1 -1 nan nan nan nan nan 0.453996 0.405540 0.315800 -38.141573 9.122412 -1.576902 0.000000 0.740700 35800
car -1 -1 nan nan nan nan nan 1.393016 1.747528 1.504580 -6.202841 -45.387615 -0.835777 0.000000 0.772431 35802
car -1 -1 nan nan nan nan nan 0.252026 0.304821 0.715270 1.894137 -37.468523 -1.105254 0.000000 0.646020 35803
motorcycle -1 -1 nan nan nan nan nan 0.418693 0.406639 0.443185 2.015801 33.835892 -1.688882 0.000000 0.376528 35791
person -1 -1 nan nan nan nan nan 1.637013 0.735713 0.417600 4.745948 9.637165 -1.024677 0.000000 0.944436 35792
person -1 -1 nan nan nan nan nan 0.717251 0.363716 0.336959 -6.817208 -40.298862 -0.988318 0.000000 0.873164 35798
person -1 -1 nan nan nan nan nan 1.615991 0.512557 0.499402 11.035223 3.218517 -0.761743 0.000000 0.945426 35799
