car -1 -1 nan nan nan nan nan 0.578632 0.276470 0.699477 -9.708610 -47.027624 -0.800115 0.000000 0.849810 35833
car -1 -1 nan nan nan nan nan 1.336215 1.834522 3.546387 21.597569 0.458631 -0.779175 0.000000 0.937831 35841
car -1 -1 nan nan nan nan nan 1.547559 2.978502 1.796066 -1.058712 -29.493943 -0.825161 0.000000 0.944352 35842
car -1 -1 nan nan nan nan nan 0.462525 1.570744 2.233360 -11.472426 -12.555224 -0.267748 0.000000 0.881487 35843
car -1 -1 nan nan nan nan nan 1.865958 4.782639 1.854643 8.169688 35.546375 -1.475830 0.000000 0.896564 35844
car -1 -1 nan nan nan nan nan 0.966041 1.064724 1.769053 0.639820 -40.492151 -0.622612 0.000000 0.792640 35847
car -1 -1 nan nan nan nan nan 0.825342 0.747795 1.218532 12.424451 43.443302 -1.687704 0.000000 0.820024 35851
car -1 -1 nan nan nan nan nan 1.967050 2.267171 4.395920 11.807710 -3.121010 -0.663157 0.000000 0.887327 35854
car -1 -1 nan nan nan nan nan 0.799257 0.996675 0.444126 -44.798422 7.083375 -1.949941 0.000000 0.845808 35856
truck -1 -1 nan nan nan nan nan 1.983458 2.336758 1.349035 1.753951 45.465708 -1.186281 0.000000 0.764335 35858
car -1 -1 nan nan nan nan nan 1.398847 1.818928 1.675721 -7.735930 -45.399656 -0.603789 0.000000 0.817659 35862
car -1 -1 nan nan nan nan nan 1.086906 0.829447 1.373901 13.455698 -16.936271 -1.205373 0.000000 0.697062 35866
bicycle -1 -1 nan nan nan nan nan 0.200087 0.287774 0.207687 32.694378 5.745407 -0.761382 0.000000 0.810383 35845
bicycle -1 -1 nan nan nan nan nan 0.651936 0.269115 0.515752 -1.772585 36.502748 -1.561138 0.000000 0.823289 35849
person -1 -1 nan nan nan nan nan 1.735006 0.540583 0.523974 9.575929 3.174089 -0.804872 0.000000 0.957159 35846
person -1 -1 nan nan nan nan nan 1.072416 0.893013 0.576949 13.027272 26.311430 -1.473194 0.000000 0.787713 35850
person -1 -1 nan nan nan nan nan 1.562799 0.692049 0.341352 3.671274 9.209997 -1.082428 0.000000 0.943339 35853
person -1 -1 nan nan nan nan nan 1.017138 0.321846 0.416924 -8.318834 -40.303009 -0.913797 0.000000 0.909573 35855
person -1 -1 nan nan nan nan nan 0.719246 0.321331 0.225189 -38.968369 9.562344 -1.703475 0.000000 0.845677 35863
