car -1 -1 nan nan nan nan nan 0.841073 0.940529 1.313711 -23.370385 40.580769 -1.750578 0.000000 0.764950 37693
other-vehicle -1 -1 nan nan nan nan nan 0.448088 0.507978 0.692366 24.268743 -28.483031 -1.690084 0.000000 0.762312 37694
car -1 -1 nan nan nan nan nan 0.297884 0.629889 0.321785 41.124615 27.141791 -0.333424 0.000000 0.575525 37695
car -1 -1 nan nan nan nan nan 1.710622 2.779370 4.065951 11.662823 8.168894 -0.856553 0.000000 0.945523 37701
car -1 -1 nan nan nan nan nan 1.318180 2.055512 2.723511 17.748549 8.655367 -0.895550 0.000000 0.785930 37703
car -1 -1 nan nan nan nan nan 0.205915 0.771433 1.238218 -26.219367 -28.259427 -1.163780 0.000000 0.707277 37707
bicyclist -1 -1 nan nan nan nan nan 1.571985 0.940737 0.974594 16.334236 4.936882 -0.821077 0.000000 0.928735 37691
bicyclist -1 -1 nan nan nan nan nan 1.182074 0.556305 0.677532 -32.394506 -19.804195 -1.382582 0.000000 0.861839 37692
motorcycle -1 -1 nan nan nan nan nan 1.020478 1.059849 1.447325 -14.852020 30.905169 -1.429516 0.000000 0.492325 37700
person -1 -1 nan nan nan nan nan 0.403108 0.271580 0.275341 19.943676 -27.101376 -1.688297 0.000000 0.822938 37702
