car -1 -1 nan nan nan nan nan 1.649518 4.109945 1.900184 7.906760 18.586185 -1.140881 0.000000 0.913153 37254
car -1 -1 nan nan nan nan nan 0.523132 0.359406 0.243022 -1.940724 -47.619598 -1.021768 0.000000 0.530167 37255
car -1 -1 nan nan nan nan nan 0.626759 1.765839 0.685341 -49.290573 9.887481 -1.765178 0.000000 0.760378 37256
car -1 -1 nan nan nan nan nan 0.488124 1.178948 0.513676 40.539175 2.688453 -2.080103 0.000000 0.572103 37257
other-vehicle -1 -1 nan nan nan nan nan 0.973994 0.901756 1.401848 5.223219 31.766430 -1.101761 0.000000 0.830336 37261
car -1 -1 nan nan nan nan nan 0.564619 0.864380 0.576236 16.095141 43.359322 -1.828658 0.000000 0.680844 37265
car -1 -1 nan nan nan nan nan 1.257582 1.633898 1.471386 -39.566450 12.213355 -1.553021 0.000000 0.708046 37266
car -1 -1 nan nan nan nan nan 0.540074 1.720360 0.652656 11.400641 46.286282 -0.720737 0.000000 0.394558 37269
bicycle -1 -1 nan nan nan nan nan 0.275682 0.455753 0.996105 -38.322729 17.179623 -1.295584 0.000000 0.794778 37260
bicyclist -1 -1 nan nan nan nan nan 1.649322 1.768055 0.835457 10.347982 6.461679 -0.936176 0.000000 0.942760 37262
bicyclist -1 -1 nan nan nan nan nan 0.728850 0.324951 0.565829 9.277936 38.228970 -1.395586 0.000000 0.481568 37263
