car -1 -1 nan nan nan nan nan 1.263882 1.498949 3.918146 24.371310 3.370049 -0.944918 0.000000 0.928448 38848
other-vehicle -1 -1 nan nan nan nan nan 0.769951 0.627491 0.985049 -13.093334 -38.686304 -2.277025 0.000000 0.495894 38849
car -1 -1 nan nan nan nan nan 1.513380 1.735802 3.889580 -41.215397 0.517681 -1.395784 0.000000 0.924378 38851
car -1 -1 nan nan nan nan nan 1.641830 2.187765 3.860649 5.356291 2.149966 -0.908301 0.000000 0.952835 38852
car -1 -1 nan nan nan nan nan 1.098737 0.815520 1.737783 31.311299 3.426508 -0.793500 0.000000 0.713945 38853
car -1 -1 nan nan nan nan nan 1.270625 1.810100 3.651743 17.043994 3.088447 -0.989323 0.000000 0.901348 38854
car -1 -1 nan nan nan nan nan 1.451030 1.587052 1.676158 10.114120 11.079487 -0.735459 0.000000 0.906603 38857
bicyclist -1 -1 nan nan nan nan nan 1.089352 0.845363 1.177548 -0.012801 -2.430696 -0.612130 0.000000 0.850387 38845
bicycle -1 -1 nan nan nan nan nan 1.000398 0.812545 0.688087 -11.337214 14.723087 -1.022956 0.000000 0.858299 38847
bicyclist -1 -1 nan nan nan nan nan 0.248037 0.313175 0.397495 41.608503 3.847654 -1.015030 0.000000 0.813260 38858
