other-vehicle -1 -1 nan nan nan nan nan 1.267171 1.606944 1.032303 -41.506313 5.188786 -1.046877 0.000000 0.724390 38550
car -1 -1 nan nan nan nan nan 0.924030 0.283070 1.368790 39.256851 -1.493865 -1.297436 0.000000 0.693593 38552
car -1 -1 nan nan nan nan nan 0.534072 0.249664 0.771439 1.693433 -45.819778 -2.853214 0.000000 0.686784 38553
car -1 -1 nan nan nan nan nan 1.044833 0.855226 0.363403 26.767817 9.855717 -0.538325 0.000000 0.807061 38555
other-vehicle -1 -1 nan nan nan nan nan 0.839399 1.245499 0.928677 -32.024534 -29.634724 -1.819161 0.000000 0.673769 38556
car -1 -1 nan nan nan nan nan 1.413694 1.776415 3.464046 21.270805 0.681156 -0.947651 0.000000 0.944628 38558
car -1 -1 nan nan nan nan nan 1.642718 1.761881 4.000874 -25.672159 5.192793 -0.975053 0.000000 0.931399 38560
car -1 -1 nan nan nan nan nan 1.109177 0.725183 2.169619 32.336310 -0.646659 -1.046692 0.000000 0.820870 38561
bicyclist -1 -1 nan nan nan nan nan 1.673262 0.785881 1.684184 7.048792 -2.769497 -0.831114 0.000000 0.925534 38548
motorcycle -1 -1 nan nan nan nan nan 0.535567 0.857113 0.254847 -28.241895 10.015287 -0.849489 0.000000 0.560470 38563
person -1 -1 nan nan nan nan nan 0.519206 0.337518 0.215305 -40.839636 -0.873302 -1.077917 0.000000 0.791447 38562
