car -1 -1 nan nan nan nan nan 0.222924 0.419319 0.330517 -18.283342 -43.582581 0.258320 0.000000 0.881734 37367
car -1 -1 nan nan nan nan nan 0.774079 0.218399 0.575233 -40.793533 4.940898 -1.240075 0.000000 0.494241 37374
car -1 -1 nan nan nan nan nan 1.559433 3.964830 2.170846 9.311106 16.939879 -0.724807 0.000000 0.944598 37375
car -1 -1 nan nan nan nan nan 1.022870 1.472374 0.273413 -16.162513 -38.555679 -1.374341 0.000000 0.581574 37378
car -1 -1 nan nan nan nan nan 0.297092 0.273735 0.237442 -41.521439 22.816032 -2.308201 0.000000 0.493189 37379
car -1 -1 nan nan nan nan nan 1.041028 1.618349 1.471294 -38.331705 18.611243 -1.944823 0.000000 0.720709 37380
bicyclist -1 -1 nan nan nan nan nan 1.592040 1.653201 0.935768 11.065147 7.827723 -0.694354 0.000000 0.914409 37365
bicyclist -1 -1 nan nan nan nan nan 1.071043 0.526360 0.512919 -9.888952 -43.210964 -1.478748 0.000000 0.803120 37376
bicyclist -1 -1 nan nan nan nan nan 0.705980 0.595566 0.556089 13.972317 36.303101 -0.682050 0.000000 0.834443 37377
bicyclist -1 -1 nan nan nan nan nan 0.664007 0.253042 0.429927 5.460179 17.508494 -0.506474 0.000000 0.682027 37381
