car -1 -1 nan nan nan nan nan 1.547661 1.626498 3.852888 4.292878 2.327823 -0.931962 0.000000 0.956265 38860
car -1 -1 nan nan nan nan nan 1.339783 1.847883 3.228680 -42.609186 0.451290 -1.364756 0.000000 0.937560 38862
car -1 -1 nan nan nan nan nan 0.896818 1.509334 1.792751 30.275396 3.814253 -0.680855 0.000000 0.875247 38865
other-vehicle -1 -1 nan nan nan nan nan 0.598443 1.523548 0.538101 -31.690907 6.759944 -0.933312 0.000000 0.603967 38868
car -1 -1 nan nan nan nan nan 1.199938 1.688393 3.661328 15.972805 3.022649 -1.071389 0.000000 0.865685 38870
car -1 -1 nan nan nan nan nan 1.285938 1.464332 4.004263 23.330548 3.361696 -0.938350 0.000000 0.911304 38875
other-vehicle -1 -1 nan nan nan nan nan 0.544082 0.307175 0.650159 -15.558892 -42.225792 -2.880183 0.000000 0.504267 38876
car -1 -1 nan nan nan nan nan 1.480613 2.250625 1.788921 9.020795 11.391323 -0.742420 0.000000 0.938014 38877
car -1 -1 nan nan nan nan nan 0.516970 0.355077 0.733902 40.542751 3.834202 -1.121733 0.000000 0.666002 38879
bicyclist -1 -1 nan nan nan nan nan 1.173008 0.748245 1.074327 -0.435484 -2.428714 -0.631904 0.000000 0.844624 38873
person -1 -1 nan nan nan nan nan 0.533319 0.451830 0.289242 12.213353 18.066237 -0.000394 0.000000 0.850835 38867
person -1 -1 nan nan nan nan nan 0.304014 0.526063 0.316868 41.413130 -11.134064 -0.545926 0.000000 0.856940 38872
