car -1 -1 nan nan nan nan nan 0.971203 1.840935 4.196986 -0.581177 3.081752 -1.009699 0.000000 0.947562 39624
car -1 -1 nan nan nan nan nan 1.390102 1.424586 3.222454 38.428106 3.947566 -0.548737 0.000000 0.844649 39625
car -1 -1 nan nan nan nan nan 1.319299 1.475314 2.588249 -37.906693 2.585076 -1.424665 0.000000 0.873977 39626
car -1 -1 nan nan nan nan nan 1.356975 1.535931 4.872179 -19.594731 2.803348 -1.393086 0.000000 0.918519 39628
car -1 -1 nan nan nan nan nan 1.401744 2.752414 2.060607 -8.515205 16.823723 -1.160619 0.000000 0.906814 39629
car -1 -1 nan nan nan nan nan 1.037042 1.841512 3.444086 26.666879 3.882945 -0.881332 0.000000 0.858671 39630
car -1 -1 nan nan nan nan nan 1.384153 2.217276 4.423162 11.131227 3.817417 -1.006971 0.000000 0.939508 39631
car -1 -1 nan nan nan nan nan 0.285804 0.944955 0.242760 -21.969803 11.286801 -1.147069 0.000000 0.811788 39632
car -1 -1 nan nan nan nan nan 1.506696 1.947140 3.794891 -11.712062 3.174437 -1.239257 0.000000 0.941487 39634
car -1 -1 nan nan nan nan nan 1.413293 1.792107 3.698587 5.738696 3.644138 -1.039627 0.000000 0.954453 39635
car -1 -1 nan nan nan nan nan 1.307071 1.270639 3.322155 31.873598 3.669570 -0.905296 0.000000 0.937245 39636
car -1 -1 nan nan nan nan nan 1.584121 2.515068 1.791006 -5.117858 15.305309 -0.983562 0.000000 0.919587 39639
car -1 -1 nan nan nan nan nan 0.771215 0.700690 1.522017 -25.235843 2.349373 -1.557261 0.000000 0.614087 39640
bicyclist -1 -1 nan nan nan nan nan 1.479126 0.597669 1.175648 -23.148359 -1.433637 -1.125471 0.000000 0.874978 39637
