car -1 -1 nan nan nan nan nan 2.001286 1.563732 3.895089 -15.754882 3.172520 -1.030544 0.000000 0.957463 40440
car -1 -1 nan nan nan nan nan 1.149952 0.213985 1.149906 32.961020 34.976233 -1.377491 0.000000 0.720648 40442
car -1 -1 nan nan nan nan nan 0.232994 0.242023 0.396362 2.794859 -43.557016 -2.377594 0.000000 0.645369 40443
car -1 -1 nan nan nan nan nan 0.342933 1.252926 0.749519 48.052753 9.693922 -0.654539 0.000000 0.752268 40444
car -1 -1 nan nan nan nan nan 1.061010 1.322851 2.044365 -42.238918 3.528904 -1.681967 0.000000 0.825454 40446
car -1 -1 nan nan nan nan nan 1.273961 1.506104 4.087677 -26.870358 3.220990 -1.602553 0.000000 0.935303 40451
car -1 -1 nan nan nan nan nan 1.111830 2.906821 2.672119 44.283543 2.637338 -0.698263 0.000000 0.928564 40452
car -1 -1 nan nan nan nan nan 1.344028 1.295912 1.225721 23.596650 6.319551 -0.815179 0.000000 0.450635 40454
car -1 -1 nan nan nan nan nan 1.250022 0.964719 3.765226 -21.994897 2.929931 -1.486825 0.000000 0.928153 40456
other-vehicle -1 -1 nan nan nan nan nan 0.483946 1.259029 1.697895 4.618748 -42.838415 -2.173425 0.000000 0.759612 40460
bicyclist -1 -1 nan nan nan nan nan 1.399964 0.695949 0.698654 23.215015 -1.337901 -0.529710 0.000000 0.895929 40445
bicyclist -1 -1 nan nan nan nan nan 1.181986 0.332977 0.299057 45.918446 16.976513 -0.772807 0.000000 0.845781 40455
person -1 -1 nan nan nan nan nan 0.580951 0.454976 0.420849 44.594572 -13.182709 -0.153771 0.000000 0.890567 40453
person -1 -1 nan nan nan nan nan 0.656058 0.740960 0.599857 47.630442 15.785575 -0.518676 0.000000 0.718170 40459
