other-vehicle -1 -1 nan nan nan nan nan 0.664641 1.383732 1.313696 -8.704331 18.191727 -1.571326 0.000000 0.672939 40761
car -1 -1 nan nan nan nan nan 0.587349 0.272087 0.515453 -22.689716 -43.899532 -2.060571 0.000000 0.838579 40762
car -1 -1 nan nan nan nan nan 0.590738 1.490276 0.566158 45.642622 -14.969069 -0.743999 0.000000 0.712421 40763
car -1 -1 nan nan nan nan nan 1.276440 1.139273 2.833870 20.326387 19.575265 -1.344776 0.000000 0.843525 40769
car -1 -1 nan nan nan nan nan 1.225101 0.873185 0.801876 39.849730 -2.352992 -0.962863 0.000000 0.814185 40772
car -1 -1 nan nan nan nan nan 0.586203 0.953224 1.571442 -11.479392 -45.085800 -2.425325 0.000000 0.816068 40774
car -1 -1 nan nan nan nan nan 0.485751 0.279673 2.026329 -39.595615 2.724480 -1.389179 0.000000 0.856264 40776
car -1 -1 nan nan nan nan nan 0.228230 0.255041 0.297050 39.094322 -19.746310 -0.800238 0.000000 0.790249 40780
car -1 -1 nan nan nan nan nan 1.208860 1.924396 3.002197 37.733490 0.798164 -0.927567 0.000000 0.888836 40782
car -1 -1 nan nan nan nan nan 0.551731 1.370272 1.260883 45.909605 -11.966488 -1.045171 0.000000 0.810042 40783
car -1 -1 nan nan nan nan nan 1.781261 1.627214 2.746727 -28.574863 3.127835 -1.181254 0.000000 0.923501 40787
bicyclist -1 -1 nan nan nan nan nan 1.552980 0.608099 1.453848 16.548030 -1.507256 -0.699592 0.000000 0.939589 40766
bicyclist -1 -1 nan nan nan nan nan 1.592158 1.431061 0.638833 -3.171118 25.617418 -1.256008 0.000000 0.872415 40775
motorcyclist -1 -1 nan nan nan nan nan 1.173254 0.490357 2.365143 -34.581417 2.691835 -1.565160 0.000000 0.840810 40779
bicycle -1 -1 nan nan nan nan nan 0.694053 1.142923 0.994388 -8.635574 13.682986 -1.555062 0.000000 0.777315 40781
bicycle -1 -1 nan nan nan nan nan 0.698700 0.618800 1.205442 -9.105810 16.141936 -1.569885 0.000000 0.665220 40785
person -1 -1 nan nan nan nan nan 0.638885 0.371054 0.426683 21.087667 -16.205033 -0.787559 0.000000 0.751020 40770
person -1 -1 nan nan nan nan nan 0.893934 1.036166 0.680122 34.125488 14.081734 -0.551365 0.000000 0.302636 40784
