car -1 -1 nan nan nan nan nan 1.424016 1.577229 3.939603 -14.410108 3.253978 -1.382432 0.000000 0.924421 40284
truck -1 -1 nan nan nan nan nan 0.605048 0.249771 0.568243 21.854337 -44.504723 -0.798081 0.000000 0.487655 40285
car -1 -1 nan nan nan nan nan 1.354673 1.596441 3.766579 -30.359310 3.508423 -1.614040 0.000000 0.908876 40289
other-vehicle -1 -1 nan nan nan nan nan 0.528610 0.995113 1.514452 17.542188 -42.590338 -1.845009 0.000000 0.876024 40295
car -1 -1 nan nan nan nan nan 1.412377 1.928783 3.814502 -9.267815 3.394507 -1.343007 0.000000 0.959577 40296
car -1 -1 nan nan nan nan nan 1.036589 0.452912 1.177670 -35.042459 3.140218 -1.638411 0.000000 0.736748 40297
car -1 -1 nan nan nan nan nan 2.108283 2.066192 3.780001 -3.241545 3.134818 -0.842550 0.000000 0.934981 40298
car -1 -1 nan nan nan nan nan 1.589694 1.527873 3.037777 37.115175 6.390202 -0.221527 0.000000 0.903297 40299
bicyclist -1 -1 nan nan nan nan nan 1.466956 0.706908 0.865904 30.543103 -1.210346 -0.430233 0.000000 0.888925 40292
bicyclist -1 -1 nan nan nan nan nan 1.152413 0.549117 1.395130 -46.004786 -0.661478 -1.583986 0.000000 0.681702 40293
