car -1 -1 nan nan nan nan nan 1.042070 2.573773 2.961689 41.861418 1.711849 -0.379805 0.000000 0.785997 40510
car -1 -1 nan nan nan nan nan 1.994284 1.560983 3.309004 -20.050540 3.185419 -1.245158 0.000000 0.940337 40515
car -1 -1 nan nan nan nan nan 0.337995 0.263971 0.225864 43.512323 -21.339236 0.525056 0.000000 0.775785 40516
car -1 -1 nan nan nan nan nan 0.266049 0.522926 0.246807 -38.747568 -17.013542 -2.033693 0.000000 0.799211 40517
car -1 -1 nan nan nan nan nan 1.071513 1.387139 3.845888 -31.692241 3.285991 -1.726772 0.000000 0.940221 40522
car -1 -1 nan nan nan nan nan 0.536005 0.759935 0.990768 45.042610 -6.540437 -0.707146 0.000000 0.594589 40523
car -1 -1 nan nan nan nan nan 0.896806 1.315885 0.659164 48.628067 -2.602775 -0.624996 0.000000 0.711912 40526
car -1 -1 nan nan nan nan nan 1.301077 0.759139 3.759212 -26.468002 2.850789 -1.753703 0.000000 0.883657 40527
other-vehicle -1 -1 nan nan nan nan nan 0.703009 1.753050 1.329329 -0.078100 13.996762 -1.520640 0.000000 0.581532 40528
other-vehicle -1 -1 nan nan nan nan nan 0.576556 3.438008 1.589016 -0.125694 17.588275 -1.459186 0.000000 0.452437 40530
other-vehicle -1 -1 nan nan nan nan nan 0.601966 1.116744 1.056797 -46.146009 3.514834 -2.167358 0.000000 0.825545 40532
other-vehicle -1 -1 nan nan nan nan nan 0.279374 0.568974 0.955114 -0.327848 -43.293974 -2.085701 0.000000 0.716686 40533
bicyclist -1 -1 nan nan nan nan nan 1.615001 0.620938 1.247520 20.862368 -1.364364 -0.633565 0.000000 0.901174 40518
bicyclist -1 -1 nan nan nan nan nan 1.031012 0.756950 0.629604 5.547009 27.797272 -1.053436 0.000000 0.675556 40520
bicyclist -1 -1 nan nan nan nan nan 1.091977 0.591949 0.315624 41.594671 17.362570 -0.691678 0.000000 0.886873 40521
motorcycle -1 -1 nan nan nan nan nan 0.554030 0.462969 0.415497 40.186882 -13.230372 -0.404913 0.000000 0.729729 40525
person -1 -1 nan nan nan nan nan 1.520046 0.535968 0.343407 47.988991 8.523269 -0.058312 0.000000 0.904065 40524
