car -1 -1 nan nan nan nan nan 1.326229 1.969078 3.888160 -9.121295 3.219032 -1.380914 0.000000 0.933216 39758
car -1 -1 nan nan nan nan nan 1.352112 1.458997 1.380596 -46.200457 2.888180 -1.928808 0.000000 0.727263 39761
car -1 -1 nan nan nan nan nan 1.213876 1.046673 3.616623 23.236618 3.230433 -0.739922 0.000000 0.953479 39762
car -1 -1 nan nan nan nan nan 0.492130 0.484061 0.359478 -41.773314 13.481837 -1.707095 0.000000 0.545173 39765
car -1 -1 nan nan nan nan nan 1.394371 1.810716 4.475480 2.409669 3.454824 -1.062002 0.000000 0.967837 39766
car -1 -1 nan nan nan nan nan 1.464301 1.800925 3.566696 -20.451063 3.239702 -1.590491 0.000000 0.894207 39768
car -1 -1 nan nan nan nan nan 1.898874 1.615498 3.457300 29.511485 3.662863 -0.285490 0.000000 0.949055 39770
car -1 -1 nan nan nan nan nan 1.464830 2.179417 3.549160 -2.732658 3.628579 -1.200654 0.000000 0.963877 39771
car -1 -1 nan nan nan nan nan 1.348830 1.889339 3.656067 17.998348 3.606707 -0.860540 0.000000 0.890456 39772
car -1 -1 nan nan nan nan nan 1.300825 1.397370 3.469824 -27.919072 2.930423 -1.791069 0.000000 0.906419 39773
car -1 -1 nan nan nan nan nan 0.763248 0.447830 1.404114 -34.111320 2.462874 -2.097144 0.000000 0.684673 39776
bicyclist -1 -1 nan nan nan nan nan 1.650810 0.655774 1.922407 -28.080602 -1.064679 -1.533273 0.000000 0.727890 39763
person -1 -1 nan nan nan nan nan 1.177952 0.333820 0.514960 -0.315008 -47.329473 -1.893633 0.000000 0.371766 39760
