car -1 -1 nan nan nan nan nan 1.344384 1.915918 3.976855 -8.609400 2.760885 -1.189441 0.000000 0.928135 39329
car -1 -1 nan nan nan nan nan 1.217668 1.925002 4.382618 16.757057 3.337511 -1.073688 0.000000 0.943432 39331
car -1 -1 nan nan nan nan nan 0.928792 2.674276 2.300287 11.913522 15.544442 -0.533594 0.000000 0.927047 39334
car -1 -1 nan nan nan nan nan 1.525903 1.741952 4.096626 -20.939627 2.395059 -1.142579 0.000000 0.929984 39335
car -1 -1 nan nan nan nan nan 1.689852 1.687247 4.020220 5.296454 3.024065 -0.910228 0.000000 0.892885 39336
car -1 -1 nan nan nan nan nan 1.116864 0.679979 3.501801 28.493587 3.299903 -0.960261 0.000000 0.902978 39337
car -1 -1 nan nan nan nan nan 1.246224 1.671887 4.196745 -1.785664 2.823766 -1.014559 0.000000 0.976650 39339
car -1 -1 nan nan nan nan nan 1.353768 1.457982 2.890545 23.509119 3.660938 -0.975877 0.000000 0.918397 39340
car -1 -1 nan nan nan nan nan 1.059114 1.211943 1.810841 43.640860 3.903814 -0.952489 0.000000 0.847379 39341
car -1 -1 nan nan nan nan nan 1.274792 2.971806 1.521446 -15.978903 11.609494 -0.919668 0.000000 0.909207 39342
bicyclist -1 -1 nan nan nan nan nan 0.253009 0.460985 0.260567 38.673962 -16.450816 -1.005893 0.000000 0.787198 39332
bicyclist -1 -1 nan nan nan nan nan 1.581486 0.594876 1.794122 -13.708787 -1.874063 -0.971666 0.000000 0.916315 39338
