car -1 -1 nan nan nan nan nan 1.459525 3.300372 0.778198 46.491566 -7.325346 -0.047012 0.000000 0.854776 40953
car -1 -1 nan nan nan nan nan 0.861240 0.392460 0.517113 24.914728 41.014791 -1.766152 0.000000 0.586574 40955
car -1 -1 nan nan nan nan nan 1.239899 1.871054 1.571054 13.713177 20.089545 -1.535336 0.000000 0.749057 40963
car -1 -1 nan nan nan nan nan 0.226156 1.439931 0.371704 45.163792 16.156879 0.248891 0.000000 0.813843 40964
car -1 -1 nan nan nan nan nan 1.296848 1.598151 2.789368 35.858944 1.464555 -0.497946 0.000000 0.913648 40966
other-vehicle -1 -1 nan nan nan nan nan 1.359984 0.405167 1.442238 14.203039 35.185211 -1.282385 0.000000 0.730227 40967
car -1 -1 nan nan nan nan nan 1.976765 1.666151 3.504997 -34.227837 2.397257 -1.731526 0.000000 0.711259 40968
car -1 -1 nan nan nan nan nan 1.017796 0.269545 0.788497 15.836909 -22.638900 0.325211 0.000000 0.752604 40969
truck -1 -1 nan nan nan nan nan 0.557220 2.762760 1.425713 41.162724 -14.535682 -0.143692 0.000000 0.788987 40972
car -1 -1 nan nan nan nan nan 0.498770 0.236417 0.632839 -38.855108 1.889117 -2.471704 0.000000 0.724923 40974
car -1 -1 nan nan nan nan nan 0.263598 1.742207 0.521427 40.668879 -10.706122 -0.261515 0.000000 0.840792 40978
car -1 -1 nan nan nan nan nan 1.079750 1.327960 0.970528 34.884792 -1.754765 -0.388472 0.000000 0.721582 40979
car -1 -1 nan nan nan nan nan 0.483388 0.436405 0.784459 -14.671323 15.918133 -1.948675 0.000000 0.374532 40981
bicycle -1 -1 nan nan nan nan nan 0.582408 1.424463 1.303668 -14.157773 13.554024 -2.036468 0.000000 0.860151 40952
bicyclist -1 -1 nan nan nan nan nan 1.578014 0.653424 1.525170 14.323728 -1.315377 -0.537216 0.000000 0.910119 40958
bicyclist -1 -1 nan nan nan nan nan 1.596313 2.521585 0.621811 -8.632724 24.391541 -1.734080 0.000000 0.865130 40971
motorcycle -1 -1 nan nan nan nan nan 0.774950 0.940510 0.480185 26.565108 14.929556 -1.158454 0.000000 0.373655 40977
person -1 -1 nan nan nan nan nan 0.812975 0.366234 0.519932 30.022738 16.617798 -0.917966 0.000000 0.488607 40960
person -1 -1 nan nan nan nan nan 1.774233 0.934448 0.903704 26.588853 -12.859530 0.314265 0.000000 0.885193 40962
person -1 -1 nan nan nan nan nan 0.491161 0.370132 0.317009 34.365807 -19.042582 -0.107078 0.000000 0.823315 40970
person -1 -1 nan nan nan nan nan 0.390004 0.574379 0.399029 34.046724 9.277502 -0.730817 0.000000 0.396031 40973
person -1 -1 nan nan nan nan nan 0.992024 0.346166 0.418282 28.693390 15.135931 -0.337649 0.000000 0.852885 40982
person -1 -1 nan nan nan nan nan 1.428012 1.110618 0.610315 29.019435 16.293602 -0.768584 0.000000 0.783029 40984
