car -1 -1 nan nan nan nan nan 1.273062 1.106842 3.677448 -19.722059 3.021071 -1.508486 0.000000 0.954862 40406
other-vehicle -1 -1 nan nan nan nan nan 0.670011 1.641871 0.610961 13.892556 13.746253 -1.113871 0.000000 0.267114 40408
other-vehicle -1 -1 nan nan nan nan nan 2.091995 1.670906 1.628796 35.247145 35.511665 -0.686381 0.000000 0.795671 40410
car -1 -1 nan nan nan nan nan 0.506083 1.273901 0.443237 33.195328 19.960114 -1.290229 0.000000 0.821366 40413
car -1 -1 nan nan nan nan nan 1.104119 3.025716 2.515278 45.644617 3.148706 -0.705324 0.000000 0.928389 40415
car -1 -1 nan nan nan nan nan 2.085139 1.613781 3.809628 -13.591624 3.173497 -1.039413 0.000000 0.968078 40417
car -1 -1 nan nan nan nan nan 0.898005 1.509031 3.196018 -40.580091 3.624872 -1.780706 0.000000 0.893951 40418
car -1 -1 nan nan nan nan nan 1.282042 1.402660 3.877897 -24.951734 3.229081 -1.538940 0.000000 0.949085 40419
car -1 -1 nan nan nan nan nan 0.552028 0.653950 0.445133 47.469477 14.735677 -1.110245 0.000000 0.691124 40421
bicyclist -1 -1 nan nan nan nan nan 1.460980 0.631924 1.126148 24.517649 -1.331842 -0.561314 0.000000 0.878465 40412
