car -1 -1 nan nan nan nan nan 1.405196 1.846946 4.030557 -8.473777 3.371244 -1.166587 0.000000 0.964047 40203
car -1 -1 nan nan nan nan nan 0.573398 0.644035 1.039732 20.568070 -45.078072 -1.969683 0.000000 0.828649 40204
car -1 -1 nan nan nan nan nan 1.341900 0.451972 1.030766 43.303442 6.049566 -0.536594 0.000000 0.881804 40205
car -1 -1 nan nan nan nan nan 0.575412 0.670028 0.350254 -46.527456 3.117295 -1.195616 0.000000 0.684012 40207
car -1 -1 nan nan nan nan nan 0.847937 0.742887 0.514442 -44.400368 -16.302780 -1.303498 0.000000 0.840238 40208
car -1 -1 nan nan nan nan nan 2.065145 1.812880 3.865185 2.449502 3.228063 -0.711234 0.000000 0.955417 40212
car -1 -1 nan nan nan nan nan 1.285997 1.589536 4.122707 -24.265324 3.455569 -1.298294 0.000000 0.974466 40213
car -1 -1 nan nan nan nan nan 0.887053 0.753514 3.240028 -36.134373 2.843006 -1.699391 0.000000 0.782200 40214
car -1 -1 nan nan nan nan nan 1.326362 0.609062 2.886808 -29.735839 3.117315 -1.339806 0.000000 0.905294 40217
car -1 -1 nan nan nan nan nan 1.375813 1.669980 4.152029 -3.481710 3.212802 -1.157156 0.000000 0.962611 40218
other-vehicle -1 -1 nan nan nan nan nan 1.506819 1.230909 1.299774 42.241756 6.708019 -0.418228 0.000000 0.773413 40219
bicyclist -1 -1 nan nan nan nan nan 1.472288 1.206908 0.627716 34.134022 -1.330400 -0.582376 0.000000 0.884073 40210
bicyclist -1 -1 nan nan nan nan nan 1.274584 0.564980 1.175682 -42.729816 -0.682372 -1.439544 0.000000 0.710366 40215
person -1 -1 nan nan nan nan nan 0.371348 0.735948 0.273270 -30.219948 8.336659 -1.299511 0.000000 0.810941 40209
