car -1 -1 nan nan nan nan nan 1.898248 1.615837 2.781811 -27.694538 3.137573 -1.390052 0.000000 0.895104 40731
car -1 -1 nan nan nan nan nan 0.649915 1.925849 1.053360 46.646954 -15.047017 -0.486042 0.000000 0.796133 40732
car -1 -1 nan nan nan nan nan 0.600462 0.795326 1.436865 -10.679925 -45.109886 -2.383646 0.000000 0.827645 40734
car -1 -1 nan nan nan nan nan 0.615447 1.275129 0.645000 -7.458995 13.635508 -1.605363 0.000000 0.325216 40740
car -1 -1 nan nan nan nan nan 0.961232 2.050830 3.287136 38.273211 0.803432 -0.572263 0.000000 0.877979 40741
car -1 -1 nan nan nan nan nan 1.272507 1.003541 2.716225 -39.606876 3.105535 -2.014747 0.000000 0.865941 40742
car -1 -1 nan nan nan nan nan 0.602126 0.350254 0.466700 -21.793288 -43.894163 -2.286876 0.000000 0.742949 40743
car -1 -1 nan nan nan nan nan 0.769770 0.274125 1.093384 -33.033340 2.722630 -1.952228 0.000000 0.718354 40749
car -1 -1 nan nan nan nan nan 0.631533 1.822857 0.440292 46.522949 -11.758723 -0.474869 0.000000 0.695201 40759
car -1 -1 nan nan nan nan nan 1.087178 0.730764 2.351700 21.343462 19.426217 -1.278686 0.000000 0.664326 40760
bicyclist -1 -1 nan nan nan nan nan 0.617120 0.761724 0.361426 -1.947372 27.149669 -1.631281 0.000000 0.676986 40735
bicyclist -1 -1 nan nan nan nan nan 1.547861 0.607867 1.357534 16.947677 -1.499696 -0.592039 0.000000 0.906259 40736
bicycle -1 -1 nan nan nan nan nan 0.728187 1.228388 1.328519 -7.744846 18.061561 -1.657779 0.000000 0.861590 40750
bicycle -1 -1 nan nan nan nan nan 0.528812 0.569757 1.686062 -7.844479 16.081027 -1.541576 0.000000 0.436894 40756
bicyclist -1 -1 nan nan nan nan nan 1.544294 1.466921 0.597297 -2.237684 25.837150 -1.225157 0.000000 0.877747 40758
person -1 -1 nan nan nan nan nan 0.639014 0.270969 0.457504 21.958973 -16.217356 -0.660383 0.000000 0.868102 40739
person -1 -1 nan nan nan nan nan 0.863383 0.691979 0.784149 32.358383 -13.420705 -0.261425 0.000000 0.772341 40745
