car -1 -1 nan nan nan nan nan 1.316972 0.565973 1.461952 23.700670 19.349448 -0.872065 0.000000 0.774041 40662
car -1 -1 nan nan nan nan nan 0.498313 0.965004 0.832023 -8.474004 -44.753216 -2.344369 0.000000 0.757597 40665
car -1 -1 nan nan nan nan nan 1.749777 1.603132 2.861458 -25.774485 3.155143 -1.586132 0.000000 0.888641 40668
car -1 -1 nan nan nan nan nan 0.585951 1.394879 1.368721 46.577126 10.777262 -0.154139 0.000000 0.463395 40669
car -1 -1 nan nan nan nan nan 1.186882 2.090705 3.337780 38.972548 0.999359 -0.261450 0.000000 0.846276 40674
car -1 -1 nan nan nan nan nan 1.334891 0.626112 3.586288 -32.233200 2.796788 -2.137665 0.000000 0.694619 40681
car -1 -1 nan nan nan nan nan 1.039616 0.762900 0.835232 42.658911 -2.328205 -0.180545 0.000000 0.713029 40682
car -1 -1 nan nan nan nan nan 0.470555 1.384817 0.847904 40.947481 11.887988 0.112393 0.000000 0.751272 40686
car -1 -1 nan nan nan nan nan 0.233100 0.381989 0.308933 33.407583 32.166958 -0.872249 0.000000 0.631634 40687
car -1 -1 nan nan nan nan nan 0.316215 1.807790 0.655552 48.373281 -11.653705 -0.036653 0.000000 0.778224 40692
bicyclist -1 -1 nan nan nan nan nan 1.446025 0.608819 1.261425 17.778164 -1.421100 -0.460704 0.000000 0.926046 40670
bicycle -1 -1 nan nan nan nan nan 0.697930 0.397017 0.452002 -6.485233 13.565063 -1.649480 0.000000 0.777541 40673
motorcycle -1 -1 nan nan nan nan nan 1.003314 0.357087 2.612442 -37.714371 2.766418 -2.218851 0.000000 0.832315 40675
bicyclist -1 -1 nan nan nan nan nan 1.424742 1.344013 0.533941 -0.377370 26.485447 -1.197305 0.000000 0.827954 40680
bicycle -1 -1 nan nan nan nan nan 0.693506 1.178045 0.605266 -5.531734 18.094201 -1.631146 0.000000 0.699243 40683
bicycle -1 -1 nan nan nan nan nan 0.494811 0.604965 0.785469 -5.562704 16.105610 -1.537718 0.000000 0.262485 40688
person -1 -1 nan nan nan nan nan 0.890365 0.832873 0.582695 34.139236 -13.491518 -0.130770 0.000000 0.820882 40678
person -1 -1 nan nan nan nan nan 1.557731 0.618919 0.388802 42.016781 8.437435 0.088673 0.000000 0.874865 40685
