car -1 -1 nan nan nan nan nan 0.333001 1.414542 0.292736 44.822420 -14.954856 -0.618438 0.000000 0.717799 40788
car -1 -1 nan nan nan nan nan 0.770277 0.368773 2.642117 -40.931391 2.632279 -1.430607 0.000000 0.811114 40789
car -1 -1 nan nan nan nan nan 1.031134 0.809307 1.028376 5.823317 41.700907 -0.684723 0.000000 0.611905 40790
car -1 -1 nan nan nan nan nan 0.528350 0.389402 0.894028 -38.572792 -20.228089 -1.814378 0.000000 0.520791 40795
car -1 -1 nan nan nan nan nan 1.311497 1.841871 2.788326 37.266993 0.880916 -0.978936 0.000000 0.876156 40798
car -1 -1 nan nan nan nan nan 1.258979 1.273874 3.044779 19.238158 19.709939 -1.489860 0.000000 0.837512 40799
car -1 -1 nan nan nan nan nan 1.869666 1.596361 2.750778 -29.570808 3.091108 -1.129279 0.000000 0.941903 40801
car -1 -1 nan nan nan nan nan 0.223993 0.262033 0.338722 38.299267 -19.687680 -0.802864 0.000000 0.486520 40803
car -1 -1 nan nan nan nan nan 0.484133 3.078404 0.611500 44.831461 -7.985214 -0.992786 0.000000 0.922094 40805
car -1 -1 nan nan nan nan nan 0.916735 1.455578 1.973268 0.834522 -48.645102 -1.827337 0.000000 0.834729 40806
car -1 -1 nan nan nan nan nan 1.245065 0.612612 3.309292 -35.803690 2.629100 -1.526280 0.000000 0.877795 40807
other-vehicle -1 -1 nan nan nan nan nan 0.729153 1.318081 1.251968 -9.709641 18.156019 -1.702039 0.000000 0.813573 40808
other-vehicle -1 -1 nan nan nan nan nan 0.873156 3.104298 1.402637 34.791983 9.657954 -1.167406 0.000000 0.821253 40810
car -1 -1 nan nan nan nan nan 0.538867 1.799714 1.105164 44.967392 -11.688868 -1.031580 0.000000 0.855844 40811
truck -1 -1 nan nan nan nan nan 0.314669 0.455559 0.351091 1.328565 -45.491127 -1.438355 0.000000 0.174820 40812
car -1 -1 nan nan nan nan nan 0.740255 0.856419 0.705551 38.939388 -2.284073 -1.175156 0.000000 0.729195 40813
bicycle -1 -1 nan nan nan nan nan 0.735351 1.493119 1.130943 -9.620827 13.859210 -1.630718 0.000000 0.825180 40792
bicyclist -1 -1 nan nan nan nan nan 1.611986 0.648328 1.280365 15.919657 -1.498790 -0.727392 0.000000 0.920377 40794
bicyclist -1 -1 nan nan nan nan nan 1.282611 1.142008 0.606269 -4.171368 25.225114 -1.277268 0.000000 0.457226 40800
bicycle -1 -1 nan nan nan nan nan 0.607979 0.695047 1.657822 -9.774217 16.191792 -1.599530 0.000000 0.769282 40814
person -1 -1 nan nan nan nan nan 0.660004 0.438173 0.253616 33.801941 15.385963 -0.912809 0.000000 0.824854 40793
person -1 -1 nan nan nan nan nan 0.634989 0.484023 0.356876 20.220243 -16.190842 -0.781391 0.000000 0.922310 40797
person -1 -1 nan nan nan nan nan 0.515972 0.341158 0.262180 38.310472 8.552575 -0.365543 0.000000 0.448691 40804
person -1 -1 nan nan nan nan nan 0.892945 0.494199 0.319412 33.061470 14.392514 -0.756742 0.000000 0.512467 40816
