car -1 -1 nan nan nan nan nan 1.421604 1.652083 4.089498 -7.964053 2.840779 -1.221955 0.000000 0.964723 39427
car -1 -1 nan nan nan nan nan 1.482900 1.492945 1.386196 49.126829 4.421355 -0.613662 0.000000 0.654776 39428
car -1 -1 nan nan nan nan nan 1.252858 1.465970 3.778296 22.338933 3.600947 -0.898644 0.000000 0.918813 39429
car -1 -1 nan nan nan nan nan 1.572131 3.780071 1.909568 6.051986 15.906670 -0.999393 0.000000 0.915107 39432
car -1 -1 nan nan nan nan nan 1.411120 1.692453 4.314007 -27.355139 2.417934 -1.294865 0.000000 0.940686 39433
car -1 -1 nan nan nan nan nan 1.137310 1.842944 2.446144 37.720196 4.155386 -0.901801 0.000000 0.874588 39434
car -1 -1 nan nan nan nan nan 1.284799 4.240650 1.447287 -22.238513 12.286492 -1.200381 0.000000 0.898425 39435
car -1 -1 nan nan nan nan nan 1.240859 1.922048 4.361785 10.577955 3.261083 -1.064767 0.000000 0.960623 39436
car -1 -1 nan nan nan nan nan 1.271763 1.717142 3.991385 -14.961650 2.688552 -1.318669 0.000000 0.914557 39440
car -1 -1 nan nan nan nan nan 1.361859 1.598997 3.376278 17.292582 3.683492 -0.945264 0.000000 0.958792 39441
car -1 -1 nan nan nan nan nan 1.510221 1.931855 1.441411 3.067188 16.354869 -1.180790 0.000000 0.739800 39442
car -1 -1 nan nan nan nan nan 1.187157 1.001972 1.020134 3.958857 17.863857 -1.308261 0.000000 0.320184 39444
car -1 -1 nan nan nan nan nan 1.026160 1.761440 3.918412 -0.639401 3.015620 -0.841771 0.000000 0.958102 39445
bicyclist -1 -1 nan nan nan nan nan 1.591937 0.555926 1.762350 -16.916678 -1.775950 -1.053582 0.000000 0.913952 39437
