car -1 -1 nan nan nan nan nan 1.348779 1.625267 3.836901 -19.916810 2.631708 -1.358973 0.000000 0.796877 39519
car -1 -1 nan nan nan nan nan 1.547381 1.412921 1.995640 44.188231 4.302477 -0.422542 0.000000 0.721143 39520
car -1 -1 nan nan nan nan nan 1.391260 1.791258 3.485767 12.102018 3.732052 -0.994155 0.000000 0.958135 39521
car -1 -1 nan nan nan nan nan 1.406010 3.755182 1.815096 -1.830384 17.259582 -1.000301 0.000000 0.904230 39524
car -1 -1 nan nan nan nan nan 1.506183 1.959272 3.760559 -5.484881 3.172068 -1.112805 0.000000 0.914468 39525
car -1 -1 nan nan nan nan nan 1.160652 3.831085 0.958658 -27.029454 12.066726 -1.003247 0.000000 0.889655 39527
car -1 -1 nan nan nan nan nan 1.447939 1.698780 3.006769 -31.786078 2.412222 -1.361542 0.000000 0.935065 39528
car -1 -1 nan nan nan nan nan 1.415914 1.738278 4.093402 -12.844120 2.868912 -1.271378 0.000000 0.912928 39531
car -1 -1 nan nan nan nan nan 1.786120 1.888566 4.386101 5.511571 3.216133 -0.852721 0.000000 0.869439 39532
car -1 -1 nan nan nan nan nan 1.354506 1.454057 4.144689 17.415626 3.533260 -0.948542 0.000000 0.939009 39533
car -1 -1 nan nan nan nan nan 1.604811 4.241329 2.683494 0.715464 16.130856 -0.892072 0.000000 0.888569 39535
car -1 -1 nan nan nan nan nan 1.150418 1.747968 3.479656 33.181288 4.056086 -0.840284 0.000000 0.867488 39536
car -1 -1 nan nan nan nan nan 0.294467 0.841290 0.422024 -0.780410 18.874359 -1.628256 0.000000 0.493201 39541
bicyclist -1 -1 nan nan nan nan nan 0.430820 0.325035 0.667870 32.535313 9.935546 -0.055538 0.000000 0.825213 39526
bicyclist -1 -1 nan nan nan nan nan 1.593233 0.575259 1.636831 -19.650769 -1.711207 -1.062332 0.000000 0.857156 39534
