car -1 -1 nan nan nan nan nan 1.258903 1.540935 2.474659 -35.378317 2.471312 -1.488281 0.000000 0.949920 39588
car -1 -1 nan nan nan nan nan 1.470464 1.364573 2.817963 40.756134 4.093120 -0.595173 0.000000 0.829646 39589
car -1 -1 nan nan nan nan nan 1.288019 1.865947 4.340480 1.794785 3.127906 -1.149379 0.000000 0.920841 39590
car -1 -1 nan nan nan nan nan 1.405975 1.586825 3.924438 -16.692891 2.828439 -1.380397 0.000000 0.923927 39591
car -1 -1 nan nan nan nan nan 1.363306 3.111920 2.222260 -5.396342 16.928642 -1.132324 0.000000 0.877271 39592
car -1 -1 nan nan nan nan nan 1.146924 1.862355 3.665251 29.435920 3.934048 -0.989924 0.000000 0.932862 39594
car -1 -1 nan nan nan nan nan 1.351750 1.637381 4.319991 13.622718 3.620245 -1.013669 0.000000 0.938301 39595
car -1 -1 nan nan nan nan nan 1.013099 3.400956 1.227341 -30.993567 11.975221 -1.132110 0.000000 0.900411 39596
car -1 -1 nan nan nan nan nan 1.295498 1.108333 4.062544 -23.996341 2.443841 -1.451375 0.000000 0.911158 39597
car -1 -1 nan nan nan nan nan 1.456334 2.065331 3.767890 -9.250199 3.190008 -1.209421 0.000000 0.937306 39598
other-vehicle -1 -1 nan nan nan nan nan 0.393289 0.919846 0.531313 -21.192641 8.719404 -0.988205 0.000000 0.863022 39599
car -1 -1 nan nan nan nan nan 1.404838 1.741058 3.579484 8.312824 3.635799 -1.030553 0.000000 0.965256 39600
car -1 -1 nan nan nan nan nan 1.198793 1.314590 2.256775 34.068756 3.816158 -0.887940 0.000000 0.755277 39601
car -1 -1 nan nan nan nan nan 1.597164 3.876675 1.797192 -2.679905 16.000879 -1.010756 0.000000 0.896929 39603
bicyclist -1 -1 nan nan nan nan nan 1.517646 0.602103 1.567324 -21.934283 -1.507580 -1.142531 0.000000 0.884167 39602
