car -1 -1 nan nan nan nan nan 1.536199 1.608538 0.634327 -42.774229 1.405260 -1.665987 0.000000 0.837076 41456
other-vehicle -1 -1 nan nan nan nan nan 1.443009 2.022371 0.200642 46.895693 14.184625 -0.360040 0.000000 0.807087 41457
car -1 -1 nan nan nan nan nan 1.385777 1.802290 4.086346 3.816472 20.458152 -1.778917 0.000000 0.884656 41459
car -1 -1 nan nan nan nan nan 1.242100 1.678409 2.336353 35.279913 3.086426 -0.921379 0.000000 0.934641 41466
car -1 -1 nan nan nan nan nan 1.336088 0.868707 1.077068 24.981699 -0.524323 -0.989926 0.000000 0.777100 41470
car -1 -1 nan nan nan nan nan 1.568942 1.404285 3.274275 -3.648742 6.250454 -1.046478 0.000000 0.460160 41472
car -1 -1 nan nan nan nan nan 1.009390 3.943005 1.681655 14.343597 34.869696 -2.514989 0.000000 0.686424 41473
other-vehicle -1 -1 nan nan nan nan nan 1.607773 3.394811 1.612778 37.437386 -5.942899 -0.475326 0.000000 0.849173 41475
car -1 -1 nan nan nan nan nan 1.232103 0.947667 1.258492 40.085110 0.050983 -0.725990 0.000000 0.640140 41479
truck -1 -1 nan nan nan nan nan 0.605886 1.799517 0.594465 31.265506 -12.762774 -0.563875 0.000000 0.844489 41482
car -1 -1 nan nan nan nan nan 0.481044 0.851851 1.123625 19.465068 12.873288 -1.440545 0.000000 0.664027 41485
car -1 -1 nan nan nan nan nan 0.403043 0.366897 0.348448 31.196551 -7.497963 -0.828834 0.000000 0.800825 41487
car -1 -1 nan nan nan nan nan 0.910947 2.426559 1.871986 13.952443 41.221291 -2.894427 0.000000 0.775020 41488
bicyclist -1 -1 nan nan nan nan nan 1.626991 0.629797 1.551143 11.937673 -0.677777 -0.625307 0.000000 0.934234 41467
bicyclist -1 -1 nan nan nan nan nan 0.281935 0.383942 0.315670 35.021013 -29.775349 -0.287912 0.000000 0.740377 41469
bicycle -1 -1 nan nan nan nan nan 0.917008 1.905656 0.772661 16.102662 15.176174 -1.615798 0.000000 0.903231 41477
person -1 -1 nan nan nan nan nan 1.207114 0.511692 0.411732 17.420214 23.252829 -1.520390 0.000000 0.885151 41468
person -1 -1 nan nan nan nan nan 1.449992 1.060664 1.537983 19.139141 14.999239 -1.288461 0.000000 0.831868 41493
