car -1 -1 nan nan nan nan nan 1.458707 4.577251 1.935376 4.573440 7.521583 -1.161400 0.000000 0.935629 44544
car -1 -1 nan nan nan nan nan 0.335386 0.709672 1.267578 -47.575409 -0.863185 -1.655064 0.000000 0.605336 44545
other-vehicle -1 -1 nan nan nan nan nan 0.850346 1.584165 1.860550 44.320305 -10.424288 1.302119 0.000000 0.773765 44546
car -1 -1 nan nan nan nan nan 1.362260 1.639724 4.200745 -19.347260 -3.690503 -1.556486 0.000000 0.959477 44550
car -1 -1 nan nan nan nan nan 1.860156 3.183575 1.807978 27.720727 6.781617 -0.431651 0.000000 0.869091 44552
car -1 -1 nan nan nan nan nan 1.772316 1.032448 0.781040 -47.479795 16.474295 -2.111668 0.000000 0.602001 44553
car -1 -1 nan nan nan nan nan 1.288652 3.925944 1.518707 -33.683098 7.224534 -2.023418 0.000000 0.842505 44554
car -1 -1 nan nan nan nan nan 0.980045 0.585251 1.636533 -15.723997 38.507771 -1.425288 0.000000 0.714269 44555
car -1 -1 nan nan nan nan nan 1.199860 1.690286 3.196901 30.766856 -3.346512 -0.631102 0.000000 0.924447 44558
car -1 -1 nan nan nan nan nan 1.113488 0.945148 3.609497 36.975800 5.860294 -0.402304 0.000000 0.909670 44559
car -1 -1 nan nan nan nan nan 0.490971 0.708284 1.360999 13.540896 -14.897432 0.016771 0.000000 0.747549 44561
car -1 -1 nan nan nan nan nan 1.368921 2.623573 2.085896 12.398018 7.325518 -1.014306 0.000000 0.899284 44562
car -1 -1 nan nan nan nan nan 1.438010 2.031523 3.758228 -12.044591 -3.868152 -1.335494 0.000000 0.915498 44564
other-vehicle -1 -1 nan nan nan nan nan 1.557370 1.172152 1.660545 36.945465 -7.922080 0.010797 0.000000 0.684592 44565
car -1 -1 nan nan nan nan nan 1.157344 3.409633 1.607151 19.776178 7.582052 -0.665608 0.000000 0.953931 44566
car -1 -1 nan nan nan nan nan 0.786107 0.863129 0.811417 33.139103 5.755321 -0.891614 0.000000 0.764352 44573
car -1 -1 nan nan nan nan nan 1.542433 3.617133 1.839767 7.233663 6.879759 -1.109629 0.000000 0.915829 44576
car -1 -1 nan nan nan nan nan 1.677185 2.490485 1.659098 24.650733 7.110259 -0.666047 0.000000 0.907615 44578
car -1 -1 nan nan nan nan nan 0.840596 0.562160 1.699459 -30.066130 33.649622 -2.526751 0.000000 0.817405 44584
car -1 -1 nan nan nan nan nan 1.286230 1.516226 3.564171 37.379105 -3.373457 -0.321984 0.000000 0.838030 44585
other-vehicle -1 -1 nan nan nan nan nan 0.282351 0.814047 0.780323 -40.937296 -7.316333 -0.414718 0.000000 0.496761 44586
motorcycle -1 -1 nan nan nan nan nan 0.517246 0.647110 1.096821 -39.462290 -4.855314 -1.943597 0.000000 0.170523 44572
person -1 -1 nan nan nan nan nan 0.447055 0.241075 0.208318 8.023294 -4.027263 -0.890394 0.000000 0.474154 44557
person -1 -1 nan nan nan nan nan 0.988931 0.663998 0.422056 -2.590853 9.299960 -1.267316 0.000000 0.392336 44567
person -1 -1 nan nan nan nan nan 1.558948 0.648094 0.767069 27.980306 -5.382862 -0.288511 0.000000 0.931859 44574
person -1 -1 nan nan nan nan nan 1.087526 0.539829 0.350239 -18.618723 -6.843302 -0.934333 0.000000 0.767403 44575
