car -1 -1 nan nan nan nan nan 0.759448 2.327220 1.404472 29.166010 6.994198 -0.586715 0.000000 0.857826 44181
car -1 -1 nan nan nan nan nan 1.042309 1.361627 2.362366 -45.310474 -0.565582 -1.698657 0.000000 0.648461 44182
car -1 -1 nan nan nan nan nan 1.403270 1.975906 4.388571 -9.908910 -3.633458 -1.257468 0.000000 0.944564 44184
car -1 -1 nan nan nan nan nan 0.473329 0.636071 0.880859 42.621788 5.452619 -0.923957 0.000000 0.814319 44191
car -1 -1 nan nan nan nan nan 1.479783 3.140234 1.674337 16.750329 6.601456 -0.997880 0.000000 0.913797 44196
car -1 -1 nan nan nan nan nan 1.549130 3.531386 1.131500 36.896137 6.809243 -0.445584 0.000000 0.879973 44198
car -1 -1 nan nan nan nan nan 0.969512 1.773161 1.402891 21.951095 6.880090 -0.751766 0.000000 0.897464 44199
car -1 -1 nan nan nan nan nan 0.505324 1.159140 1.916931 46.036472 -3.556916 0.098695 0.000000 0.673277 44200
car -1 -1 nan nan nan nan nan 0.595134 0.218027 0.790169 47.714787 5.387628 -0.756989 0.000000 0.438751 44201
car -1 -1 nan nan nan nan nan 0.838799 0.708102 0.413597 -32.587353 -7.637999 -0.189651 0.000000 0.791968 44202
car -1 -1 nan nan nan nan nan 1.405538 4.671199 1.710729 13.921258 7.571876 -1.099268 0.000000 0.922122 44206
car -1 -1 nan nan nan nan nan 1.511513 1.765736 4.002296 -2.769232 -3.553862 -1.106414 0.000000 0.950385 44207
car -1 -1 nan nan nan nan nan 1.269804 1.660179 2.936874 40.082718 -3.492391 -0.491922 0.000000 0.873966 44208
car -1 -1 nan nan nan nan nan 1.268780 2.347248 0.958122 33.791607 6.899230 -0.476770 0.000000 0.793587 44209
car -1 -1 nan nan nan nan nan 0.799354 1.280146 0.335926 45.701666 -8.229954 -0.051910 0.000000 0.690939 44211
car -1 -1 nan nan nan nan nan 0.618214 0.784087 1.455719 45.422970 5.726661 -0.456427 0.000000 0.661097 44213
car -1 -1 nan nan nan nan nan 1.367013 3.964037 1.976625 -23.925576 7.435519 -1.750383 0.000000 0.893993 44215
bicycle -1 -1 nan nan nan nan nan 0.732026 1.099105 1.190468 28.053671 -9.374413 -0.582811 0.000000 0.782763 44189
motorcycle -1 -1 nan nan nan nan nan 0.823525 0.724488 1.716364 -30.218270 -4.513333 -1.664836 0.000000 0.628196 44205
person -1 -1 nan nan nan nan nan 1.036048 0.561002 0.385860 6.876743 8.813329 -1.228226 0.000000 0.736295 44187
person -1 -1 nan nan nan nan nan 0.732077 0.308045 0.239892 -3.979681 7.570522 -1.460249 0.000000 0.332371 44193
person -1 -1 nan nan nan nan nan 1.112994 0.702078 0.695652 37.574957 -5.085560 -0.233739 0.000000 0.915702 44194
person -1 -1 nan nan nan nan nan 1.557170 0.577006 0.970650 -10.741158 -6.733321 -0.888178 0.000000 0.853777 44203
person -1 -1 nan nan nan nan nan 1.683638 0.627922 1.119553 -29.764305 -6.667059 -1.207666 0.000000 0.912543 44210
person -1 -1 nan nan nan nan nan 0.713209 0.773193 0.323008 -27.869561 -7.070359 -1.389602 0.000000 0.788107 44216
