car -1 -1 nan nan nan nan nan 0.291175 0.243810 0.463627 -50.145395 0.692712 -1.820741 0.000000 0.453690 41194
car -1 -1 nan nan nan nan nan 1.343175 1.783707 1.523691 18.862245 33.687260 -2.436021 0.000000 0.644805 41198
car -1 -1 nan nan nan nan nan 1.032687 0.729235 0.865810 21.258234 -12.124343 -0.055660 0.000000 0.226841 41204
car -1 -1 nan nan nan nan nan 0.851246 1.377522 0.587513 44.056650 -0.443668 -0.287439 0.000000 0.721791 41206
car -1 -1 nan nan nan nan nan 1.793771 1.617315 2.111526 -39.119827 1.532957 -1.692514 0.000000 0.798064 41207
car -1 -1 nan nan nan nan nan 0.737757 1.998652 1.203590 35.157146 -13.156678 -0.215029 0.000000 0.787129 41208
other-vehicle -1 -1 nan nan nan nan nan 0.493561 0.657074 0.737842 -14.696012 22.761366 -2.344380 0.000000 0.742478 41210
car -1 -1 nan nan nan nan nan 1.516251 3.320225 0.894535 41.291895 -6.229820 -0.121880 0.000000 0.836890 41212
car -1 -1 nan nan nan nan nan 1.236407 1.573576 1.965534 34.409075 2.497429 -0.693049 0.000000 0.878695 41214
car -1 -1 nan nan nan nan nan 1.430255 1.202441 0.891548 29.245281 -0.874322 -0.741676 0.000000 0.802405 41223
bicyclist -1 -1 nan nan nan nan nan 1.615925 0.698213 1.401087 12.470712 -0.961300 -0.561499 0.000000 0.949102 41193
bicycle -1 -1 nan nan nan nan nan 1.039975 1.964479 0.609762 20.560311 15.131686 -1.589556 0.000000 0.925874 41202
bicycle -1 -1 nan nan nan nan nan 0.734046 1.308261 0.829973 -20.446473 13.274342 -2.261458 0.000000 0.802754 41203
bicycle -1 -1 nan nan nan nan nan 0.611016 0.916170 0.385080 22.888476 25.518069 -2.061197 0.000000 0.708694 41209
bicycle -1 -1 nan nan nan nan nan 0.227610 1.016262 0.504793 -20.332622 17.590240 -2.481257 0.000000 0.883578 41216
person -1 -1 nan nan nan nan nan 0.428143 0.315042 0.342043 29.216395 -18.192418 -0.052692 0.000000 0.770380 41211
person -1 -1 nan nan nan nan nan 1.316041 0.488008 0.511040 21.652765 22.075189 -1.449399 0.000000 0.932408 41219
