car -1 -1 nan nan nan nan nan 1.518495 3.743259 2.430490 4.407531 7.833496 -1.425446 0.000000 0.968325 43142
car -1 -1 nan nan nan nan nan 0.900577 1.465979 1.980259 -38.975988 -3.708692 -1.476444 0.000000 0.827345 43144
car -1 -1 nan nan nan nan nan 0.821220 1.674377 1.032753 45.085922 10.440842 -0.842406 0.000000 0.891980 43146
car -1 -1 nan nan nan nan nan 0.458430 0.362999 0.429741 12.544569 36.853378 -1.925707 0.000000 0.574665 43147
car -1 -1 nan nan nan nan nan 1.253155 3.750373 2.097065 -15.944767 -15.487031 -0.923764 0.000000 0.938990 43148
car -1 -1 nan nan nan nan nan 1.348754 1.797712 3.374783 26.251234 -1.024417 -0.669814 0.000000 0.936375 43149
other-vehicle -1 -1 nan nan nan nan nan 0.848854 0.247818 2.294246 -2.042533 -35.296402 1.053924 0.000000 0.867556 43153
car -1 -1 nan nan nan nan nan 0.607574 1.463011 1.657871 -14.593655 -29.230741 -0.275105 0.000000 0.760380 43154
car -1 -1 nan nan nan nan nan 0.305059 0.612838 0.693562 43.865103 0.050322 -0.556568 0.000000 0.677304 43157
car -1 -1 nan nan nan nan nan 0.469304 1.593724 1.897675 -1.154415 -16.037797 -0.021469 0.000000 0.758280 43160
car -1 -1 nan nan nan nan nan 1.288099 2.053042 4.009981 18.707982 -1.751010 -0.822454 0.000000 0.951774 43163
car -1 -1 nan nan nan nan nan 1.071900 4.589026 1.527977 42.189156 11.811605 -0.933758 0.000000 0.922047 43166
car -1 -1 nan nan nan nan nan 0.788917 0.568398 1.170343 -3.629150 28.546457 -2.760049 0.000000 0.673307 43167
other-vehicle -1 -1 nan nan nan nan nan 1.347095 2.361813 1.019386 -3.972628 -36.636595 0.892735 0.000000 0.805299 43168
car -1 -1 nan nan nan nan nan 0.600610 0.538374 0.318657 -25.276741 -20.752336 -0.874393 0.000000 0.540956 43169
car -1 -1 nan nan nan nan nan 0.686599 0.792038 0.520347 -2.346895 35.843105 -3.185384 0.000000 0.626277 43170
car -1 -1 nan nan nan nan nan 1.038858 2.087418 1.724110 -13.293274 -42.993332 0.465786 0.000000 0.856745 43175
bicyclist -1 -1 nan nan nan nan nan 1.427273 1.207203 0.518026 -20.079240 45.174700 -3.817255 0.000000 0.849273 43145
motorcycle -1 -1 nan nan nan nan nan 0.637173 0.656935 1.779795 -27.976468 -21.031611 -0.933037 0.000000 0.695250 43155
bicyclist -1 -1 nan nan nan nan nan 1.317188 1.315363 0.569576 -13.387835 -24.367312 0.035306 0.000000 0.929778 43162
bicycle -1 -1 nan nan nan nan nan 0.886161 0.522117 1.019097 10.073394 -6.173814 -0.693101 0.000000 0.564190 43164
bicycle -1 -1 nan nan nan nan nan 1.186854 0.944576 1.725089 -0.487703 -4.474110 -1.004786 0.000000 0.886962 43165
person -1 -1 nan nan nan nan nan 1.577966 0.513431 0.460125 14.622503 -5.025564 -0.345848 0.000000 0.930068 43156
person -1 -1 nan nan nan nan nan 0.895902 0.488535 0.408070 35.152174 11.416272 -1.198994 0.000000 0.688875 43158
person -1 -1 nan nan nan nan nan 0.849045 0.342403 0.215360 -7.369115 -35.861650 0.415361 0.000000 0.703819 43161
