car -1 -1 nan nan nan nan nan 1.655519 2.317152 0.775890 -45.510389 6.245815 -1.834278 0.000000 0.828254 41774
car -1 -1 nan nan nan nan nan 0.609994 0.224182 0.270763 49.864141 -4.527893 -0.799123 0.000000 0.698127 41776
other-vehicle -1 -1 nan nan nan nan nan 0.482063 0.887058 0.874838 -24.351022 33.002470 -1.634733 0.000000 0.883234 41777
car -1 -1 nan nan nan nan nan 0.318032 0.802315 1.732158 15.398713 41.827980 -2.722161 0.000000 0.309703 41778
car -1 -1 nan nan nan nan nan 0.726137 1.978695 0.665665 26.460926 -16.003752 -0.802765 0.000000 0.499391 41779
car -1 -1 nan nan nan nan nan 1.334972 1.657303 3.982369 2.652460 20.103174 -1.705844 0.000000 0.917818 41784
car -1 -1 nan nan nan nan nan 1.346985 1.350111 1.364475 36.667330 -4.213025 -0.762573 0.000000 0.570331 41785
truck -1 -1 nan nan nan nan nan 1.130987 1.669940 3.956837 22.711666 -3.460244 -1.116468 0.000000 0.808306 41788
car -1 -1 nan nan nan nan nan 0.749254 1.248462 0.516146 -18.855828 14.735207 -1.826620 0.000000 0.611836 41793
car -1 -1 nan nan nan nan nan 0.903003 1.646927 1.723743 37.851770 -0.919111 -0.780500 0.000000 0.846080 41795
car -1 -1 nan nan nan nan nan 1.067506 1.346760 1.435407 15.103662 39.539770 -2.446437 0.000000 0.744404 41801
car -1 -1 nan nan nan nan nan 1.430161 4.057192 1.583077 14.617132 33.326110 -2.121179 0.000000 0.887157 41802
bicycle -1 -1 nan nan nan nan nan 0.954071 1.733274 0.671211 14.400444 13.599397 -1.483789 0.000000 0.901631 41773
bicyclist -1 -1 nan nan nan nan nan 1.599003 0.634668 1.695297 12.821352 -1.977142 -0.693364 0.000000 0.924334 41783
person -1 -1 nan nan nan nan nan 1.559131 0.706306 0.405054 16.689925 22.847677 -1.485757 0.000000 0.788065 41789
person -1 -1 nan nan nan nan nan 0.687892 0.442225 0.324001 16.897146 15.488604 -1.301099 0.000000 0.675352 41797
person -1 -1 nan nan nan nan nan 1.699030 1.471381 1.009268 16.984324 13.792716 -1.107154 0.000000 0.780773 41799
