car -1 -1 nan nan nan nan nan 0.575164 0.995544 2.017166 43.084625 -4.650116 0.920973 0.000000 0.687915 48712
car -1 -1 nan nan nan nan nan 1.335881 1.901472 3.891100 -22.208175 -10.849409 -1.595689 0.000000 0.935061 48716
car -1 -1 nan nan nan nan nan 1.885500 1.944787 3.963552 -21.695823 12.240039 -1.506000 0.000000 0.919860 48718
car -1 -1 nan nan nan nan nan 0.729461 2.248260 1.924149 31.249691 2.190715 -0.798954 0.000000 0.689322 48720
car -1 -1 nan nan nan nan nan 1.339033 0.890244 1.550301 -11.083081 13.878143 -1.488526 0.000000 0.778479 48721
car -1 -1 nan nan nan nan nan 1.298259 4.611277 2.026321 -14.158568 -1.124019 -1.320703 0.000000 0.919290 48723
car -1 -1 nan nan nan nan nan 0.496298 1.046389 1.618034 -32.957378 -23.781787 -1.606988 0.000000 0.714881 48724
car -1 -1 nan nan nan nan nan 1.333450 1.759718 2.118326 -20.880984 20.433530 -1.787230 0.000000 0.879555 48725
car -1 -1 nan nan nan nan nan 1.711304 1.587438 4.108173 1.707835 -2.249828 -0.854380 0.000000 0.853191 48726
car -1 -1 nan nan nan nan nan 1.331319 1.817835 3.557678 -22.114763 4.524127 -1.684938 0.000000 0.948219 48727
car -1 -1 nan nan nan nan nan 0.602744 1.100502 0.918787 -21.495809 -2.940692 -1.203536 0.000000 0.805547 48728
car -1 -1 nan nan nan nan nan 1.443028 1.820665 3.996538 -21.978595 -8.092064 -1.621753 0.000000 0.932155 48736
car -1 -1 nan nan nan nan nan 1.369916 1.908955 3.904608 -21.691140 17.919519 -1.777775 0.000000 0.942926 48737
car -1 -1 nan nan nan nan nan 1.741434 1.768882 3.606974 -22.196071 9.166841 -1.554676 0.000000 0.919435 48738
car -1 -1 nan nan nan nan nan 1.368542 1.651390 1.318588 -20.387039 23.068987 -1.864080 0.000000 0.742708 48739
car -1 -1 nan nan nan nan nan 0.266284 1.231679 0.222775 43.276167 -2.911109 -0.268880 0.000000 0.792511 48740
car -1 -1 nan nan nan nan nan 0.618052 2.000381 0.417557 -48.063007 11.835859 -2.614943 0.000000 0.800380 48741
car -1 -1 nan nan nan nan nan 1.286803 2.485359 3.749420 31.824562 -3.564985 -0.335409 0.000000 0.879572 48743
bicycle -1 -1 nan nan nan nan nan 0.701476 0.252522 0.729716 -5.722935 3.077389 -1.312806 0.000000 0.301764 48711
bicyclist -1 -1 nan nan nan nan nan 0.391000 0.551318 0.357399 35.190693 4.275896 0.123468 0.000000 0.723562 48731
motorcycle -1 -1 nan nan nan nan nan 0.650132 0.621372 0.592049 35.123829 2.839079 -0.394274 0.000000 0.836586 48744
person -1 -1 nan nan nan nan nan 0.487925 1.403168 0.405787 -22.889394 -29.548765 -1.701490 0.000000 0.691445 48717
person -1 -1 nan nan nan nan nan 1.592001 0.759547 0.985177 11.061622 -2.795178 -0.683263 0.000000 0.959834 48719
person -1 -1 nan nan nan nan nan 1.504016 0.630344 0.829500 9.058450 1.163700 -0.738675 0.000000 0.906299 48730
