car -1 -1 nan nan nan nan nan 1.212972 4.730953 1.686890 -21.528065 5.856544 -1.458668 0.000000 0.884925 49174
car -1 -1 nan nan nan nan nan 1.303002 1.702470 3.414907 24.862987 -1.089879 -0.794447 0.000000 0.869705 49178
car -1 -1 nan nan nan nan nan 0.445304 0.690298 2.798016 -27.841131 -9.160747 -0.787765 0.000000 0.908946 49179
car -1 -1 nan nan nan nan nan 0.530824 0.600105 0.707914 -30.667939 15.751034 -2.019217 0.000000 0.657720 49181
car -1 -1 nan nan nan nan nan 1.881035 1.820871 4.429643 -4.569548 -2.269679 -0.862504 0.000000 0.899008 49182
car -1 -1 nan nan nan nan nan 2.007232 2.474273 1.959988 37.272875 -0.689967 -0.213441 0.000000 0.881937 49183
car -1 -1 nan nan nan nan nan 1.356053 2.213750 3.225271 -29.164893 2.822298 -1.543969 0.000000 0.944185 49185
car -1 -1 nan nan nan nan nan 1.860909 1.993602 3.714487 -29.246022 10.754982 -1.653584 0.000000 0.910680 49186
car -1 -1 nan nan nan nan nan 1.385834 1.552686 1.338146 39.120226 4.312981 -0.363619 0.000000 0.801089 49187
car -1 -1 nan nan nan nan nan 1.368333 1.563103 1.239752 -27.891448 -4.294788 -1.415408 0.000000 0.788648 49188
car -1 -1 nan nan nan nan nan 0.868730 1.534487 2.206154 -28.962957 7.705158 -1.138390 0.000000 0.799604 49193
car -1 -1 nan nan nan nan nan 1.058261 2.234717 0.789764 41.919022 7.276071 -0.389179 0.000000 0.834253 49194
bicycle -1 -1 nan nan nan nan nan 0.497021 1.263165 0.297783 40.087654 7.402382 -0.615870 0.000000 0.844533 49190
person -1 -1 nan nan nan nan nan 0.221183 0.370558 0.316700 -34.617189 -23.566337 -0.822573 0.000000 0.904517 49176
person -1 -1 nan nan nan nan nan 1.616019 1.133664 0.955420 6.221534 -1.814306 -0.782476 0.000000 0.944324 49177
person -1 -1 nan nan nan nan nan 0.387251 0.637688 0.680138 -30.350079 -0.529016 -1.180467 0.000000 0.455386 49191
