car -1 -1 nan nan nan nan nan 1.967155 3.082846 2.447868 15.200405 11.014896 -0.497912 0.000000 0.845397 45311
car -1 -1 nan nan nan nan nan 0.819791 0.670696 0.245009 10.928497 -43.470980 -1.411381 0.000000 0.770587 45313
car -1 -1 nan nan nan nan nan 1.005067 1.073839 3.111900 -29.553591 28.070600 -2.122162 0.000000 0.934882 45314
truck -1 -1 nan nan nan nan nan 0.839351 1.765904 0.621094 47.802921 8.487077 -0.060435 0.000000 0.861788 45315
other-vehicle -1 -1 nan nan nan nan nan 0.525628 0.344723 1.336373 5.186158 40.985018 0.850150 0.000000 0.594450 45316
car -1 -1 nan nan nan nan nan 1.361161 2.168352 3.566904 -20.882646 -8.345384 -1.638540 0.000000 0.930929 45317
car -1 -1 nan nan nan nan nan 0.303243 0.286146 0.213062 -43.857233 0.504889 -2.666424 0.000000 0.431378 45320
car -1 -1 nan nan nan nan nan 1.248214 1.669290 2.583809 -42.460533 -10.141338 -2.157989 0.000000 0.729563 45331
car -1 -1 nan nan nan nan nan 1.462688 3.197713 2.416333 7.475965 9.872384 -0.916309 0.000000 0.949856 45333
car -1 -1 nan nan nan nan nan 1.136798 0.851430 3.691717 -28.144279 -9.337314 -1.876859 0.000000 0.932895 45335
car -1 -1 nan nan nan nan nan 0.272077 0.603308 1.318150 -29.112305 20.729985 -1.520707 0.000000 0.700146 45336
car -1 -1 nan nan nan nan nan 1.277231 2.302580 3.836958 26.911439 3.378727 -0.473906 0.000000 0.932127 45338
car -1 -1 nan nan nan nan nan 1.288112 2.365276 3.496431 20.224288 1.954709 -0.713266 0.000000 0.926928 45340
car -1 -1 nan nan nan nan nan 1.491576 2.822703 2.365003 0.231996 8.143080 -1.097651 0.000000 0.948355 45341
car -1 -1 nan nan nan nan nan 0.478053 0.344013 0.418530 39.898886 16.833113 0.099951 0.000000 0.746314 45342
other-vehicle -1 -1 nan nan nan nan nan 1.800978 3.358219 1.170662 -43.803921 -19.395821 -0.787033 0.000000 0.861097 45346
car -1 -1 nan nan nan nan nan 1.279601 1.792362 1.535803 20.778543 11.785895 -0.776377 0.000000 0.874640 45347
car -1 -1 nan nan nan nan nan 1.120191 2.985760 1.291344 -43.966499 -3.143121 -2.330000 0.000000 0.851818 45350
car -1 -1 nan nan nan nan nan 1.691762 3.036030 1.971085 6.544019 -14.154120 -0.856912 0.000000 0.872910 45351
car -1 -1 nan nan nan nan nan 0.278154 0.946238 0.331627 42.142963 16.833932 -0.294731 0.000000 0.725674 45352
car -1 -1 nan nan nan nan nan 1.466423 4.470294 2.390306 -7.235343 6.527410 -1.275010 0.000000 0.946235 45353
car -1 -1 nan nan nan nan nan 0.216453 1.022388 1.094231 38.082676 15.731076 -0.760810 0.000000 0.825477 45354
car -1 -1 nan nan nan nan nan 1.254750 1.981808 1.729523 23.262985 12.552934 -0.466326 0.000000 0.849075 45358
car -1 -1 nan nan nan nan nan 0.582026 0.704887 0.697647 -45.108639 -17.761982 -1.675713 0.000000 0.537356 45359
car -1 -1 nan nan nan nan nan 1.785292 2.529764 2.188944 12.141111 10.619646 -0.714479 0.000000 0.893209 45361
car -1 -1 nan nan nan nan nan 1.214963 0.646667 1.559053 25.906577 12.499115 -0.449294 0.000000 0.753042 45363
other-vehicle -1 -1 nan nan nan nan nan 1.198515 1.799594 1.998478 34.788710 15.781325 -0.003079 0.000000 0.870759 45364
car -1 -1 nan nan nan nan nan 1.525663 4.170422 1.741580 -4.366416 6.718764 -1.232632 0.000000 0.936586 45366
bicycle -1 -1 nan nan nan nan nan 0.940048 1.237301 0.412520 10.281154 -6.570655 -0.869895 0.000000 0.658204 45329
person -1 -1 nan nan nan nan nan 1.244782 0.292955 0.744848 8.954147 -16.318152 -0.683086 0.000000 0.410826 45318
person -1 -1 nan nan nan nan nan 0.224989 0.262344 0.462662 16.081709 32.505180 -0.214174 0.000000 0.697211 45325
person -1 -1 nan nan nan nan nan 1.556001 0.652246 0.713989 18.342009 -1.676009 -0.385934 0.000000 0.901984 45344
person -1 -1 nan nan nan nan nan 1.311854 0.548731 0.463436 -24.482708 -12.271070 -1.339975 0.000000 0.886796 45345
person -1 -1 nan nan nan nan nan 0.617050 0.382753 0.232174 -46.362791 -17.733254 -1.421705 0.000000 0.759274 45367
