car -1 -1 nan nan nan nan nan 1.318742 4.679564 1.710955 -19.492610 3.521405 -1.371938 0.000000 0.855852 49067
car -1 -1 nan nan nan nan nan 1.377537 1.713812 4.196802 -28.436164 15.647363 -1.790254 0.000000 0.941886 49072
car -1 -1 nan nan nan nan nan 1.804288 2.575350 4.361622 -2.685850 -2.780844 -0.519626 0.000000 0.921002 49074
car -1 -1 nan nan nan nan nan 1.325841 1.918910 2.779945 -27.352287 7.220174 -1.372434 0.000000 0.880869 49077
car -1 -1 nan nan nan nan nan 1.187931 1.997476 1.242519 39.062201 0.233168 -0.447860 0.000000 0.859963 49078
car -1 -1 nan nan nan nan nan 1.397664 1.543180 1.023436 -25.965365 -4.718641 -1.486831 0.000000 0.736487 49079
car -1 -1 nan nan nan nan nan 0.873017 1.864353 0.690498 35.440681 5.978876 -0.734840 0.000000 0.867038 49080
car -1 -1 nan nan nan nan nan 1.229557 1.688631 2.737453 -27.241169 2.352989 -1.496688 0.000000 0.907624 49082
car -1 -1 nan nan nan nan nan 1.461673 1.462670 3.988773 -26.181337 -9.873285 -1.394560 0.000000 0.917067 49084
car -1 -1 nan nan nan nan nan 1.848384 2.184003 4.314779 -27.691190 10.314210 -1.492586 0.000000 0.875819 49085
car -1 -1 nan nan nan nan nan 1.388910 1.701284 3.255669 26.752851 -0.697526 -0.700537 0.000000 0.888593 49088
car -1 -1 nan nan nan nan nan 0.693154 1.669481 1.836517 -26.754112 -12.661418 -1.082426 0.000000 0.783747 49092
bicyclist -1 -1 nan nan nan nan nan 0.958047 1.165756 0.553110 29.834325 7.258825 -0.513675 0.000000 0.829074 49070
person -1 -1 nan nan nan nan nan 1.593994 1.039922 0.787211 7.803859 -1.714026 -0.764589 0.000000 0.940046 49069
person -1 -1 nan nan nan nan nan 1.214077 1.373011 1.230946 40.888567 4.852559 -0.269236 0.000000 0.824597 49083
