car -1 -1 nan nan nan nan nan 1.530535 4.031022 1.721429 5.553068 7.053010 -1.060203 0.000000 0.916732 44640
car -1 -1 nan nan nan nan nan 0.284986 0.853119 0.306660 -48.120264 -0.791527 -1.987764 0.000000 0.474035 44641
truck -1 -1 nan nan nan nan nan 0.303037 0.256050 0.549610 44.692019 -9.764613 1.603217 0.000000 0.490850 44643
car -1 -1 nan nan nan nan nan 1.726634 3.327652 1.767685 26.086140 6.914950 -0.240379 0.000000 0.895567 44647
other-vehicle -1 -1 nan nan nan nan nan 1.075858 2.516397 1.239460 46.159842 7.426234 0.380635 0.000000 0.728888 44650
car -1 -1 nan nan nan nan nan 1.304780 4.116161 1.631664 -35.306101 7.235093 -2.517139 0.000000 0.860247 44652
car -1 -1 nan nan nan nan nan 1.178942 1.678369 3.321251 29.159372 -3.296674 -0.291918 0.000000 0.942730 44655
car -1 -1 nan nan nan nan nan 0.717159 0.281043 0.462250 36.187927 5.637534 -0.206313 0.000000 0.726196 44657
car -1 -1 nan nan nan nan nan 0.205706 0.324042 1.081262 11.729326 -14.783604 0.161269 0.000000 0.717918 44658
car -1 -1 nan nan nan nan nan 0.955235 3.639841 1.721010 18.053248 7.674398 -0.535485 0.000000 0.959077 44659
other-vehicle -1 -1 nan nan nan nan nan 0.825364 1.783313 0.249046 34.577003 -8.501054 0.334525 0.000000 0.457825 44660
car -1 -1 nan nan nan nan nan 1.459359 1.783839 4.011866 -13.811785 -3.754571 -1.516937 0.000000 0.958500 44661
car -1 -1 nan nan nan nan nan 1.428882 2.966767 2.172080 10.909827 7.518413 -0.913961 0.000000 0.935099 44663
car -1 -1 nan nan nan nan nan 1.024780 0.579101 2.986408 35.381823 -2.880035 -0.194059 0.000000 0.781340 44665
car -1 -1 nan nan nan nan nan 0.781072 0.900176 0.760027 31.422860 5.808133 -0.626083 0.000000 0.781616 44667
car -1 -1 nan nan nan nan nan 1.637224 1.367160 2.139687 -43.332520 -7.574424 -1.434728 0.000000 0.787392 44668
car -1 -1 nan nan nan nan nan 1.338879 1.564881 4.053274 -20.908963 -3.653810 -1.762093 0.000000 0.918531 44669
car -1 -1 nan nan nan nan nan 1.688833 2.561539 1.607664 22.925216 7.139089 -0.389243 0.000000 0.841363 44670
car -1 -1 nan nan nan nan nan 1.506137 4.454638 1.992919 2.962022 7.449632 -1.177246 0.000000 0.949650 44673
car -1 -1 nan nan nan nan nan 0.215294 1.610260 0.291798 41.808691 -9.096544 1.278140 0.000000 0.821740 44677
car -1 -1 nan nan nan nan nan 0.322253 1.464000 0.473122 -45.931057 -0.860065 -2.712500 0.000000 0.732377 44681
car -1 -1 nan nan nan nan nan 0.586888 0.496841 1.071379 -28.822015 37.607708 -2.218008 0.000000 0.499874 44682
car -1 -1 nan nan nan nan nan 0.842646 1.191213 1.020649 33.962526 6.115651 -0.102571 0.000000 0.604253 44686
motorcycle -1 -1 nan nan nan nan nan 0.744190 0.624262 1.284252 -41.243731 -4.806763 -2.418148 0.000000 0.754693 44664
person -1 -1 nan nan nan nan nan 1.402485 0.550982 0.461687 -20.045571 -6.907950 -1.279692 0.000000 0.906886 44646
person -1 -1 nan nan nan nan nan 0.855957 0.388059 0.523069 19.917935 -13.705932 0.439924 0.000000 0.463423 44651
person -1 -1 nan nan nan nan nan 0.911098 0.478970 0.402812 -4.186164 9.384129 -1.336200 0.000000 0.198533 44656
person -1 -1 nan nan nan nan nan 1.271914 0.776160 0.820572 26.283260 -5.552165 -0.023696 0.000000 0.924323 44671
