car -1 -1 nan nan nan nan nan 1.460412 2.516544 2.706264 -11.271172 3.529593 -1.175245 0.000000 0.930107 46520
car -1 -1 nan nan nan nan nan 0.906038 0.614428 0.846764 45.302200 -20.900939 -1.287576 0.000000 0.607375 46521
car -1 -1 nan nan nan nan nan 0.324820 0.245010 0.847950 -30.513988 33.321468 -0.618042 0.000000 0.617787 46525
car -1 -1 nan nan nan nan nan 1.402739 2.243471 2.093777 -12.974983 -22.951085 -1.416774 0.000000 0.945581 46527
car -1 -1 nan nan nan nan nan 1.302765 2.249550 2.526018 0.154871 23.708063 -0.955320 0.000000 0.861325 46529
other-vehicle -1 -1 nan nan nan nan nan 2.036915 3.283663 1.024683 20.390832 32.026877 0.011745 0.000000 0.740216 46531
car -1 -1 nan nan nan nan nan 0.560298 0.219013 0.827297 -34.509325 -36.107752 -2.085639 0.000000 0.759851 46532
other-vehicle -1 -1 nan nan nan nan nan 0.606897 0.492244 0.333044 -24.824599 -3.233483 -0.316461 0.000000 0.181569 46533
car -1 -1 nan nan nan nan nan 0.574629 0.530706 0.458191 -46.174881 -5.655441 -1.620710 0.000000 0.495053 46535
other-vehicle -1 -1 nan nan nan nan nan 1.533042 2.296360 3.065957 5.081755 34.768267 -0.643787 0.000000 0.910634 46536
car -1 -1 nan nan nan nan nan 1.664689 2.860235 2.427318 6.372277 14.083115 -0.859737 0.000000 0.921964 46537
car -1 -1 nan nan nan nan nan 1.815799 2.720178 3.865225 -6.169798 14.129354 -0.915382 0.000000 0.969574 46539
car -1 -1 nan nan nan nan nan 0.248556 0.280178 0.243568 -37.981136 -10.805182 -1.480664 0.000000 0.546610 46543
car -1 -1 nan nan nan nan nan 1.494840 2.754530 3.794310 -15.129100 -3.482800 -1.285406 0.000000 0.920237 46544
car -1 -1 nan nan nan nan nan 1.015041 1.071541 1.106624 9.538511 40.885319 -0.671394 0.000000 0.727102 46545
car -1 -1 nan nan nan nan nan 1.264513 2.536625 2.746634 9.686149 19.504114 -0.898285 0.000000 0.878696 46547
car -1 -1 nan nan nan nan nan 1.222023 4.208725 2.490814 -17.521479 -24.401505 -1.409657 0.000000 0.886931 46549
car -1 -1 nan nan nan nan nan 0.650850 0.944422 0.686365 3.195840 27.911475 -1.226937 0.000000 0.811645 46551
car -1 -1 nan nan nan nan nan 0.825351 1.166714 0.845467 42.477535 -16.987438 -0.848181 0.000000 0.687937 46552
car -1 -1 nan nan nan nan nan 1.673706 1.744948 4.218552 9.842194 -6.221514 -0.977051 0.000000 0.909612 46553
car -1 -1 nan nan nan nan nan 1.485897 2.461659 3.750572 -8.220213 9.992874 -1.110694 0.000000 0.912129 46554
car -1 -1 nan nan nan nan nan 1.633151 3.230117 3.552522 -13.420294 -1.150716 -1.191297 0.000000 0.930065 46556
car -1 -1 nan nan nan nan nan 1.963163 2.881944 3.468452 -3.907946 16.601549 -0.815057 0.000000 0.896788 46558
car -1 -1 nan nan nan nan nan 0.677695 0.968166 1.436284 7.742259 36.693743 -1.145406 0.000000 0.703124 46559
car -1 -1 nan nan nan nan nan 1.436389 2.494295 3.258460 -1.343119 21.660428 -0.997563 0.000000 0.922188 46562
car -1 -1 nan nan nan nan nan 1.054068 1.253555 1.326582 1.994613 25.453011 -0.876376 0.000000 0.881290 46563
car -1 -1 nan nan nan nan nan 0.987276 1.909264 1.665599 3.685911 33.120876 -0.799085 0.000000 0.799557 46566
car -1 -1 nan nan nan nan nan 0.737044 0.664604 0.810645 8.193778 39.086617 -0.513118 0.000000 0.698317 46567
car -1 -1 nan nan nan nan nan 0.489928 0.469234 0.684542 11.274297 43.071543 -1.005040 0.000000 0.761718 46568
car -1 -1 nan nan nan nan nan 0.294635 0.489264 1.378567 -40.721266 -10.825081 -1.067089 0.000000 0.416132 46570
car -1 -1 nan nan nan nan nan 0.853150 0.594616 1.222245 13.000419 46.181723 -0.936130 0.000000 0.690680 46573
bicycle -1 -1 nan nan nan nan nan 0.977056 0.495013 1.004657 5.967408 1.197110 -1.054909 0.000000 0.788256 46530
bicycle -1 -1 nan nan nan nan nan 0.438025 0.313615 0.541785 -5.075104 -9.095863 -1.181805 0.000000 0.221025 46534
person -1 -1 nan nan nan nan nan 1.380013 0.614619 0.818249 23.908298 -10.770030 -1.030746 0.000000 0.893541 46528
person -1 -1 nan nan nan nan nan 0.543151 0.310513 0.246004 -24.020656 -19.445084 -1.484068 0.000000 0.470612 46538
person -1 -1 nan nan nan nan nan 1.594931 1.231132 0.893865 14.356193 -8.019471 -1.025728 0.000000 0.836132 46541
person -1 -1 nan nan nan nan nan 0.728902 0.266832 0.258551 -27.694669 29.141999 -1.237559 0.000000 0.797442 46550
person -1 -1 nan nan nan nan nan 1.470172 0.737076 0.676520 8.131536 9.835972 -0.636597 0.000000 0.769142 46555
person -1 -1 nan nan nan nan nan 1.484095 0.577869 0.488290 -11.236960 -25.818182 -1.159741 0.000000 0.901957 46560
person -1 -1 nan nan nan nan nan 0.648752 0.329583 0.337898 -3.506266 -5.803258 -1.105719 0.000000 0.134602 46564
