car -1 -1 nan nan nan nan nan 1.457021 4.563183 2.282547 -18.067589 2.256094 -1.356436 0.000000 0.855692 48988
car -1 -1 nan nan nan nan nan 1.342160 2.868251 4.358717 -26.770993 16.640683 -1.691454 0.000000 0.943672 48992
car -1 -1 nan nan nan nan nan 1.310114 2.374083 3.808653 28.349044 -1.482426 -0.671870 0.000000 0.915339 48993
car -1 -1 nan nan nan nan nan 0.811447 1.769308 4.174768 -25.254384 -12.287625 -1.079856 0.000000 0.887301 48994
car -1 -1 nan nan nan nan nan 1.908078 2.076679 2.237568 40.197451 -0.393505 -0.129973 0.000000 0.859441 48996
car -1 -1 nan nan nan nan nan 1.615302 1.628119 3.490309 -26.384746 7.494091 -1.454302 0.000000 0.886474 48997
car -1 -1 nan nan nan nan nan 1.214905 1.536785 2.766552 -25.440290 -4.355320 -1.338817 0.000000 0.724645 48999
car -1 -1 nan nan nan nan nan 0.710949 1.079966 1.295847 -25.116603 3.078458 -1.170612 0.000000 0.815307 49002
car -1 -1 nan nan nan nan nan 1.847104 2.077839 3.856831 -26.080832 10.736976 -1.432230 0.000000 0.904072 49004
car -1 -1 nan nan nan nan nan 0.215478 1.055571 0.787722 -0.450496 -6.176729 -1.652088 0.000000 0.745602 49005
car -1 -1 nan nan nan nan nan 1.413730 1.564105 3.955307 -24.994972 -9.581515 -1.307139 0.000000 0.913802 49007
car -1 -1 nan nan nan nan nan 0.419006 1.449853 0.238045 36.960346 4.758131 -0.781669 0.000000 0.663601 49008
car -1 -1 nan nan nan nan nan 0.866007 0.450572 0.890705 35.502161 4.091281 -0.731195 0.000000 0.753001 49011
car -1 -1 nan nan nan nan nan 1.841352 3.095025 4.143681 -1.510129 -3.035239 -0.531392 0.000000 0.914519 49012
other-vehicle -1 -1 nan nan nan nan nan 0.459002 0.515643 0.313000 34.390657 6.540864 -0.298769 0.000000 0.323117 49013
motorcycle -1 -1 nan nan nan nan nan 0.397048 0.969248 0.294891 31.522758 4.412704 -1.015812 0.000000 0.620589 49003
person -1 -1 nan nan nan nan nan 1.532857 0.756943 1.011592 8.675461 -1.891528 -0.753898 0.000000 0.955649 48991
person -1 -1 nan nan nan nan nan 1.694073 0.445530 0.591613 4.217306 1.681786 -0.896794 0.000000 0.795983 49000
