car -1 -1 nan nan nan nan nan 1.517645 3.192158 2.550618 6.585725 10.168503 -0.938103 0.000000 0.959658 45370
car -1 -1 nan nan nan nan nan 0.831072 1.701397 0.879833 47.097822 10.538630 -0.059763 0.000000 0.850370 45373
car -1 -1 nan nan nan nan nan 1.249382 2.425674 3.813761 26.297839 4.513324 -0.459588 0.000000 0.897983 45377
car -1 -1 nan nan nan nan nan 0.576345 2.083075 1.177273 -44.824137 -2.065140 -2.655520 0.000000 0.770493 45378
car -1 -1 nan nan nan nan nan 1.448728 4.557406 2.541148 -7.951642 6.236413 -1.313036 0.000000 0.959135 45379
other-vehicle -1 -1 nan nan nan nan nan 1.591485 2.952522 2.280613 33.520441 17.774834 -0.207415 0.000000 0.901780 45380
car -1 -1 nan nan nan nan nan 0.635096 0.262529 0.776264 44.050314 19.067710 -0.494350 0.000000 0.642492 45387
car -1 -1 nan nan nan nan nan 1.247819 1.714368 3.640297 -42.158272 -11.565810 -2.143840 0.000000 0.685047 45388
car -1 -1 nan nan nan nan nan 1.048748 0.531162 1.594494 24.978422 13.472324 -0.545632 0.000000 0.788696 45389
car -1 -1 nan nan nan nan nan 1.510531 3.104706 2.442188 -0.562528 7.988106 -1.152638 0.000000 0.931130 45390
car -1 -1 nan nan nan nan nan 0.313593 0.453217 1.730347 -38.637707 24.482754 -2.541742 0.000000 0.750195 45391
other-vehicle -1 -1 nan nan nan nan nan 0.839615 1.502523 2.875114 -31.132652 26.936677 -2.273146 0.000000 0.932139 45392
car -1 -1 nan nan nan nan nan 1.275234 2.040795 3.616167 -21.038930 -9.046513 -1.611710 0.000000 0.919887 45393
car -1 -1 nan nan nan nan nan 1.838294 3.041673 2.516652 11.120788 11.372599 -0.743350 0.000000 0.851151 45395
car -1 -1 nan nan nan nan nan 1.374546 1.686532 3.455130 -28.142528 -10.848419 -1.862107 0.000000 0.904191 45396
car -1 -1 nan nan nan nan nan 1.426367 2.470388 3.214256 19.800377 2.824694 -0.669924 0.000000 0.933853 45397
car -1 -1 nan nan nan nan nan 1.255392 1.949662 1.644823 19.817914 12.729610 -0.763972 0.000000 0.912845 45399
car -1 -1 nan nan nan nan nan 1.524384 4.185185 1.753662 -4.952482 6.550275 -1.264650 0.000000 0.937085 45400
car -1 -1 nan nan nan nan nan 0.795280 1.721312 0.632736 -44.192230 -5.517143 -2.201323 0.000000 0.754270 45402
other-vehicle -1 -1 nan nan nan nan nan 1.475734 2.137661 1.295849 -43.436312 -21.146809 -0.641438 0.000000 0.827470 45404
car -1 -1 nan nan nan nan nan 1.104396 2.167273 1.839415 22.406024 13.626841 -0.554703 0.000000 0.838038 45405
car -1 -1 nan nan nan nan nan 0.724155 0.789410 1.390812 37.114447 17.284342 -0.733750 0.000000 0.800278 45406
car -1 -1 nan nan nan nan nan 1.089856 0.781637 0.588020 41.126240 18.617379 -0.201805 0.000000 0.740440 45407
car -1 -1 nan nan nan nan nan 1.643964 3.274207 1.951871 6.451403 -13.943932 -0.827342 0.000000 0.875637 45410
other-vehicle -1 -1 nan nan nan nan nan 0.534588 1.163007 1.127930 -27.107225 0.776620 -0.108575 0.000000 0.298209 45412
car -1 -1 nan nan nan nan nan 1.948619 3.231337 2.644394 14.446650 11.738795 -0.584480 0.000000 0.827945 45413
other-vehicle -1 -1 nan nan nan nan nan 1.695854 1.626359 2.075693 -29.769927 0.103302 -1.419667 0.000000 0.189370 45415
motorcycle -1 -1 nan nan nan nan nan 1.432496 0.542403 0.726468 9.130249 -15.942502 -0.775447 0.000000 0.668166 45375
bicycle -1 -1 nan nan nan nan nan 0.941583 0.617146 0.310286 -14.985284 34.670599 -0.839610 0.000000 0.457027 45376
bicycle -1 -1 nan nan nan nan nan 0.997021 1.308345 0.592519 10.201018 -6.190739 -0.879006 0.000000 0.426242 45386
person -1 -1 nan nan nan nan nan 0.594809 0.700697 0.835991 -44.890278 -19.530898 -1.715561 0.000000 0.667932 45371
person -1 -1 nan nan nan nan nan 1.487828 0.549017 0.431580 -24.303204 -13.182343 -1.283879 0.000000 0.899741 45381
person -1 -1 nan nan nan nan nan 1.524061 0.639641 0.736197 17.940118 -0.911110 -0.373877 0.000000 0.888764 45385
