car -1 -1 nan nan nan nan nan 1.405219 4.760581 1.950709 -11.359437 -6.010410 -1.144456 0.000000 0.735143 48330
car -1 -1 nan nan nan nan nan 0.568090 0.635700 0.490779 -15.987452 43.028185 -1.497765 0.000000 0.691585 48332
other-vehicle -1 -1 nan nan nan nan nan 1.909791 0.355030 1.374634 -20.164629 -34.000757 -0.995438 0.000000 0.595584 48333
car -1 -1 nan nan nan nan nan 1.421538 1.787514 3.863136 -18.149796 18.254831 -1.318214 0.000000 0.955246 48335
car -1 -1 nan nan nan nan nan 1.251887 1.537131 3.236664 34.715622 -3.747786 -0.910266 0.000000 0.877525 48337
car -1 -1 nan nan nan nan nan 1.459867 1.907183 3.668243 -18.819857 4.806269 -1.350476 0.000000 0.937357 48339
other-vehicle -1 -1 nan nan nan nan nan 0.950002 1.511398 1.920546 -18.670409 30.747526 -1.361968 0.000000 0.869747 48340
car -1 -1 nan nan nan nan nan 1.364313 2.345617 1.479721 -7.328773 21.177636 -1.160446 0.000000 0.850062 48342
car -1 -1 nan nan nan nan nan 0.251463 1.269667 2.300604 -20.269887 -10.347563 -0.751566 0.000000 0.833817 48343
other-vehicle -1 -1 nan nan nan nan nan 1.325187 0.920096 5.354351 45.017885 -5.497331 -0.306392 0.000000 0.705958 48344
car -1 -1 nan nan nan nan nan 1.313758 1.579905 2.727942 -18.880084 -2.476933 -1.262166 0.000000 0.930341 48346
car -1 -1 nan nan nan nan nan 1.784995 1.871373 4.207214 4.794688 -2.346878 -0.924098 0.000000 0.924983 48347
car -1 -1 nan nan nan nan nan 1.369776 1.793007 1.254404 -16.722903 23.483944 -1.363169 0.000000 0.771254 48348
car -1 -1 nan nan nan nan nan 1.453444 3.507252 1.660958 -7.574300 15.345957 -1.174489 0.000000 0.938308 48349
car -1 -1 nan nan nan nan nan 1.962731 1.846016 3.686373 -18.121408 12.675091 -1.058652 0.000000 0.899031 48351
other-vehicle -1 -1 nan nan nan nan nan 0.795192 0.568005 1.468666 42.255684 3.277205 -0.518937 0.000000 0.473307 48356
car -1 -1 nan nan nan nan nan 1.694088 1.754700 3.657152 -18.843490 9.516325 -1.149361 0.000000 0.951362 48357
car -1 -1 nan nan nan nan nan 1.176330 1.767148 3.862806 -18.894906 -7.621490 -1.204697 0.000000 0.943665 48358
car -1 -1 nan nan nan nan nan 1.358716 1.666853 2.314474 -17.383876 20.793494 -1.309274 0.000000 0.871738 48359
car -1 -1 nan nan nan nan nan 0.747759 0.901066 1.079178 -17.179445 38.301516 -1.005644 0.000000 0.807822 48360
other-vehicle -1 -1 nan nan nan nan nan 1.644824 1.458721 2.762430 -17.773297 32.971102 -1.095899 0.000000 0.890195 48361
car -1 -1 nan nan nan nan nan 1.027568 1.443489 1.215958 -16.963562 26.052429 -1.515907 0.000000 0.815186 48362
car -1 -1 nan nan nan nan nan 1.334198 1.567101 1.183485 -16.327481 40.826309 -1.338256 0.000000 0.708411 48363
other-vehicle -1 -1 nan nan nan nan nan 0.238923 0.939064 0.360023 46.621807 -3.462739 -0.892871 0.000000 0.356558 48364
car -1 -1 nan nan nan nan nan 0.650434 1.003064 0.377167 49.175755 0.206511 -0.504908 0.000000 0.518073 48365
other-vehicle -1 -1 nan nan nan nan nan 0.786952 0.720021 0.343689 45.374439 -5.419334 -0.045304 0.000000 0.711956 48366
motorcycle -1 -1 nan nan nan nan nan 1.337643 1.684095 0.411289 45.796324 0.786043 -0.317193 0.000000 0.693188 48353
bicycle -1 -1 nan nan nan nan nan 1.026106 0.390538 0.832971 -2.427319 3.207763 -1.118066 0.000000 0.649191 48354
person -1 -1 nan nan nan nan nan 1.566945 0.516027 0.905421 13.799243 0.745044 -0.931055 0.000000 0.921723 48334
person -1 -1 nan nan nan nan nan 1.349995 0.916018 0.725434 -3.817222 11.801297 -0.626031 0.000000 0.765130 48338
person -1 -1 nan nan nan nan nan 0.473056 0.360996 0.309200 38.489321 3.352715 -0.568784 0.000000 0.727783 48345
person -1 -1 nan nan nan nan nan 1.583005 1.016978 0.930094 13.260342 -3.075729 -0.875496 0.000000 0.925686 48355
