car -1 -1 nan nan nan nan nan 1.343320 2.129479 3.269091 21.442922 0.222177 -0.629584 0.000000 0.918629 45212
other-vehicle -1 -1 nan nan nan nan nan 0.724131 0.502878 2.529430 -25.490070 30.277122 -1.869976 0.000000 0.607555 45215
car -1 -1 nan nan nan nan nan 0.317994 0.295400 1.026955 47.566929 13.429601 -0.031316 0.000000 0.649484 45217
car -1 -1 nan nan nan nan nan 1.324356 1.931061 3.714462 -20.705770 -6.722171 -1.696430 0.000000 0.957544 45218
car -1 -1 nan nan nan nan nan 1.467570 4.057870 1.630865 -2.940857 6.938133 -1.142623 0.000000 0.945245 45220
car -1 -1 nan nan nan nan nan 1.528054 2.244269 1.656584 6.260262 -14.350496 -0.866632 0.000000 0.819928 45221
car -1 -1 nan nan nan nan nan 1.080470 3.416441 1.373878 -43.408508 0.755049 -2.482597 0.000000 0.830008 45223
other-vehicle -1 -1 nan nan nan nan nan 0.559884 0.956081 1.985399 -3.462598 -4.448229 -1.206682 0.000000 0.465928 45227
car -1 -1 nan nan nan nan nan 0.857343 1.734007 0.631908 49.306963 4.567336 -0.066555 0.000000 0.895625 45229
car -1 -1 nan nan nan nan nan 1.332852 0.642202 3.893015 -27.912959 -7.141769 -1.931046 0.000000 0.865420 45231
car -1 -1 nan nan nan nan nan 0.796844 1.723974 1.742748 -43.497599 -7.115204 -2.441281 0.000000 0.876817 45232
car -1 -1 nan nan nan nan nan 1.153976 1.480685 1.386791 22.599335 9.859047 -0.721968 0.000000 0.882552 45233
car -1 -1 nan nan nan nan nan 0.758006 0.841008 1.272064 40.293312 12.510377 -0.506219 0.000000 0.748925 45234
car -1 -1 nan nan nan nan nan 1.320348 1.720131 3.995293 28.062170 1.307449 -0.496314 0.000000 0.906017 45236
car -1 -1 nan nan nan nan nan 1.929028 3.134295 2.028736 17.086454 9.736833 -0.459413 0.000000 0.860012 45238
car -1 -1 nan nan nan nan nan 1.474232 3.101918 2.469149 1.763315 8.010682 -1.036041 0.000000 0.941150 45241
car -1 -1 nan nan nan nan nan 0.284971 0.960590 0.314892 44.249739 13.345082 -0.302784 0.000000 0.758168 45245
other-vehicle -1 -1 nan nan nan nan nan 1.439658 1.772894 1.405655 -44.926617 -15.956748 -0.895087 0.000000 0.837264 45246
car -1 -1 nan nan nan nan nan 1.484144 4.593288 2.137794 -5.765564 7.011005 -1.232649 0.000000 0.930422 45247
car -1 -1 nan nan nan nan nan 1.336338 0.774382 0.722849 8.552424 -16.497273 -0.844552 0.000000 0.477605 45248
car -1 -1 nan nan nan nan nan 1.171945 2.159573 1.825806 25.165102 10.673969 -0.422967 0.000000 0.824526 45249
car -1 -1 nan nan nan nan nan 1.736030 2.889123 1.892094 13.902456 9.751184 -0.609912 0.000000 0.886991 45250
car -1 -1 nan nan nan nan nan 1.353005 3.547854 2.175316 9.135110 9.329396 -0.803458 0.000000 0.930036 45251
other-vehicle -1 -1 nan nan nan nan nan 1.416024 2.686593 1.772633 37.048880 13.365574 -0.100181 0.000000 0.942740 45252
truck -1 -1 nan nan nan nan nan 1.819745 2.478195 3.589405 10.200639 41.090698 0.789824 0.000000 0.781578 45253
car -1 -1 nan nan nan nan nan 1.102989 0.444031 1.623137 27.787551 10.198113 -0.392489 0.000000 0.698229 45254
car -1 -1 nan nan nan nan nan 1.087097 1.900047 1.228353 7.909977 -44.317741 -1.767936 0.000000 0.836794 45255
bicycle -1 -1 nan nan nan nan nan 0.947981 1.442628 0.388532 10.656368 -7.535779 -0.907270 0.000000 0.881079 45230
bicycle -1 -1 nan nan nan nan nan 0.255691 0.482094 0.376261 17.451863 -31.395241 -0.404226 0.000000 0.713974 45259
person -1 -1 nan nan nan nan nan 0.502074 0.272106 0.447090 -41.171383 -13.992710 -1.736892 0.000000 0.861583 45237
person -1 -1 nan nan nan nan nan 1.475956 0.493044 0.296877 -24.789706 -10.431592 -1.390381 0.000000 0.944641 45243
person -1 -1 nan nan nan nan nan 1.396142 0.723843 0.623625 19.063266 -3.118788 -0.294712 0.000000 0.876499 45244
