car -1 -1 nan nan nan nan nan 1.947132 3.032331 3.531489 -2.623226 16.795951 -0.768435 0.000000 0.855671 46414
car -1 -1 nan nan nan nan nan 1.310504 2.256943 3.032691 7.466995 34.303413 -0.457656 0.000000 0.869344 46422
car -1 -1 nan nan nan nan nan 0.333390 0.209126 0.648930 -36.042776 -34.159861 -2.351363 0.000000 0.840704 46423
car -1 -1 nan nan nan nan nan 1.575253 2.407972 2.703697 11.196750 18.844319 -0.727256 0.000000 0.866997 46424
car -1 -1 nan nan nan nan nan 1.428573 2.809267 2.757369 -10.895466 4.186553 -1.146354 0.000000 0.914375 46428
other-vehicle -1 -1 nan nan nan nan nan 1.132837 0.480429 0.462770 22.240420 29.725646 -0.386089 0.000000 0.313045 46430
car -1 -1 nan nan nan nan nan 1.223258 1.394165 2.074180 3.420977 25.317892 -0.733013 0.000000 0.778316 46431
car -1 -1 nan nan nan nan nan 1.686591 1.904253 4.196308 9.830858 -6.841351 -0.991182 0.000000 0.904663 46435
car -1 -1 nan nan nan nan nan 1.419062 3.132716 4.142387 -15.123508 -2.599852 -1.249238 0.000000 0.934527 46436
car -1 -1 nan nan nan nan nan 0.235704 0.675611 0.469810 35.533840 -23.633958 -0.793066 0.000000 0.575500 46437
car -1 -1 nan nan nan nan nan 1.218745 4.088495 2.766657 -19.340932 -24.913766 -1.560023 0.000000 0.932729 46438
car -1 -1 nan nan nan nan nan 1.464587 2.068353 3.623697 -7.324136 10.079722 -1.066812 0.000000 0.873517 46439
car -1 -1 nan nan nan nan nan 0.750852 0.866104 1.460070 12.478010 40.124496 -0.715945 0.000000 0.674501 46440
car -1 -1 nan nan nan nan nan 1.041569 2.043671 1.009817 -20.434873 -40.242744 -1.688605 0.000000 0.703728 46442
car -1 -1 nan nan nan nan nan 1.439360 2.594988 3.131524 0.305390 21.707305 -0.941808 0.000000 0.898265 46443
car -1 -1 nan nan nan nan nan 1.346365 2.806911 2.503319 7.521234 13.658387 -0.934491 0.000000 0.828505 46444
other-vehicle -1 -1 nan nan nan nan nan 1.470903 0.378046 0.538008 -27.646554 -22.527772 -1.207591 0.000000 0.358173 46446
car -1 -1 nan nan nan nan nan 1.451336 3.391616 3.437563 -13.107947 -0.417219 -1.218537 0.000000 0.935918 46448
car -1 -1 nan nan nan nan nan 1.323513 3.139347 2.457547 -14.107477 -22.610891 -1.453255 0.000000 0.945814 46449
car -1 -1 nan nan nan nan nan 1.808002 2.866706 3.895223 -5.028177 14.403154 -0.874025 0.000000 0.961715 46450
car -1 -1 nan nan nan nan nan 0.520540 0.303432 0.463190 10.510198 38.330858 -0.319226 0.000000 0.711193 46451
car -1 -1 nan nan nan nan nan 0.644772 1.020924 1.286500 4.818079 27.653965 -1.159054 0.000000 0.849041 46453
other-vehicle -1 -1 nan nan nan nan nan 0.596149 0.372295 0.938335 45.052900 -20.508476 -0.779015 0.000000 0.814064 46454
car -1 -1 nan nan nan nan nan 1.204969 1.873690 2.218043 5.757791 32.881549 -0.613728 0.000000 0.815144 46456
car -1 -1 nan nan nan nan nan 0.599870 1.265953 0.706005 -33.628099 -36.021935 -1.887366 0.000000 0.685955 46459
car -1 -1 nan nan nan nan nan 0.494923 0.428448 0.733441 14.050906 42.279367 -0.919178 0.000000 0.673016 46460
car -1 -1 nan nan nan nan nan 0.677133 0.867569 1.343111 10.183014 36.105034 -1.066766 0.000000 0.784570 46462
car -1 -1 nan nan nan nan nan 1.117343 2.421188 2.562163 1.826453 23.697626 -0.806397 0.000000 0.817421 46465
bicycle -1 -1 nan nan nan nan nan 0.240000 0.228009 0.255833 19.852087 -4.828889 -1.073429 0.000000 0.507305 46419
bicycle -1 -1 nan nan nan nan nan 0.906987 0.596307 1.162829 6.468143 0.787827 -1.011187 0.000000 0.784615 46429
bicyclist -1 -1 nan nan nan nan nan 1.417431 1.286108 0.861286 13.904888 -8.623862 -1.030529 0.000000 0.916582 46445
bicycle -1 -1 nan nan nan nan nan 0.600707 1.225893 0.875808 -4.666902 -8.283017 -1.274382 0.000000 0.214870 46458
bicyclist -1 -1 nan nan nan nan nan 0.825750 0.824370 1.191177 24.401049 -11.446860 -1.252834 0.000000 0.790126 46463
person -1 -1 nan nan nan nan nan 0.664885 0.338735 0.306384 -3.511582 -5.639123 -1.126434 0.000000 0.159689 46421
person -1 -1 nan nan nan nan nan 1.333270 0.628910 0.473303 -12.512021 -25.371092 -1.142935 0.000000 0.918064 46425
person -1 -1 nan nan nan nan nan 0.538511 0.619321 0.341251 8.868018 9.321544 -0.861969 0.000000 0.763133 46433
person -1 -1 nan nan nan nan nan 1.439008 0.468111 0.595005 23.850552 -12.320868 -1.073701 0.000000 0.910113 46434
