car -1 -1 nan nan nan nan nan 1.122599 1.223517 3.625885 0.289388 -2.612916 -0.608313 0.000000 0.962015 48863
car -1 -1 nan nan nan nan nan 1.126547 1.940175 2.449406 47.801641 5.498309 0.392824 0.000000 0.821483 48865
car -1 -1 nan nan nan nan nan 1.135947 1.898744 4.400780 -24.035822 -11.641531 -1.560656 0.000000 0.897860 48867
car -1 -1 nan nan nan nan nan 1.344590 1.619925 3.169764 29.718514 -2.019383 -0.511004 0.000000 0.901132 48868
car -1 -1 nan nan nan nan nan 1.443222 1.829539 3.415071 -24.143474 3.663070 -1.690748 0.000000 0.915027 48869
car -1 -1 nan nan nan nan nan 0.480294 0.711769 0.280109 -34.539640 -21.348009 -1.636561 0.000000 0.617144 48870
car -1 -1 nan nan nan nan nan 0.282153 0.616733 1.258224 40.817669 -3.016517 0.476419 0.000000 0.780418 48871
other-vehicle -1 -1 nan nan nan nan nan 0.475957 0.505627 1.440311 36.815771 5.390757 -0.091057 0.000000 0.498178 48872
car -1 -1 nan nan nan nan nan 1.409577 4.396738 1.873510 -16.033761 0.760193 -1.393590 0.000000 0.853370 48874
car -1 -1 nan nan nan nan nan 1.921128 2.102567 4.134590 -24.086081 11.428697 -1.424427 0.000000 0.897722 48875
car -1 -1 nan nan nan nan nan 1.413465 1.848704 2.632338 -24.000514 -3.845943 -1.572862 0.000000 0.929378 48876
car -1 -1 nan nan nan nan nan 1.765262 1.818226 3.805582 -24.540357 8.298196 -1.472812 0.000000 0.923440 48882
car -1 -1 nan nan nan nan nan 1.366721 1.685128 4.030287 -23.632552 -8.888121 -1.556012 0.000000 0.937900 48883
car -1 -1 nan nan nan nan nan 1.442412 2.275609 3.554741 39.123077 3.712783 -0.105302 0.000000 0.821562 48884
car -1 -1 nan nan nan nan nan 1.420242 1.784685 2.183241 -23.571021 19.663350 -1.702149 0.000000 0.827876 48887
car -1 -1 nan nan nan nan nan 0.818922 0.369897 0.953916 1.211824 -3.843137 -0.417712 0.000000 0.234612 48889
car -1 -1 nan nan nan nan nan 0.542526 1.450682 0.246704 41.459572 -1.407129 -0.391280 0.000000 0.765778 48891
car -1 -1 nan nan nan nan nan 1.442746 1.956179 3.725351 -24.223058 17.035445 -1.691411 0.000000 0.937754 48894
person -1 -1 nan nan nan nan nan 1.522986 0.931245 0.918400 9.848107 -2.376128 -0.699130 0.000000 0.939396 48873
person -1 -1 nan nan nan nan nan 1.529865 0.487671 0.691716 6.408527 1.441621 -0.814315 0.000000 0.803904 48878
person -1 -1 nan nan nan nan nan 0.825972 0.601706 0.419308 33.134668 5.505901 -0.261369 0.000000 0.855250 48888
