car -1 -1 nan nan nan nan nan 1.426146 1.044326 1.581294 -10.618656 14.005873 -1.410176 0.000000 0.797152 48672
car -1 -1 nan nan nan nan nan 1.309095 1.911499 4.260725 -22.032622 -10.755949 -1.587993 0.000000 0.945035 48677
car -1 -1 nan nan nan nan nan 1.359939 2.515259 3.083807 31.852643 -3.639876 -0.523316 0.000000 0.841803 48678
car -1 -1 nan nan nan nan nan 1.096924 1.462063 1.273090 -20.731369 25.753145 -1.664209 0.000000 0.635212 48681
car -1 -1 nan nan nan nan nan 1.426298 1.813794 3.544479 -21.773680 4.560807 -1.578242 0.000000 0.942915 48682
car -1 -1 nan nan nan nan nan 1.359977 0.966468 2.845165 43.789061 -4.775512 0.542507 0.000000 0.777461 48684
car -1 -1 nan nan nan nan nan 1.145883 1.800983 1.508400 39.234943 3.814970 -0.242063 0.000000 0.747244 48686
car -1 -1 nan nan nan nan nan 1.742815 1.546505 4.228590 2.075920 -2.262175 -0.894881 0.000000 0.876026 48687
car -1 -1 nan nan nan nan nan 1.374717 1.991207 3.935034 -21.200618 18.019741 -1.725335 0.000000 0.912282 48688
car -1 -1 nan nan nan nan nan 1.284389 4.694549 1.968000 -13.802865 -1.598358 -1.308755 0.000000 0.899827 48690
car -1 -1 nan nan nan nan nan 1.930930 2.063879 3.861074 -21.228301 12.352597 -1.374019 0.000000 0.923768 48693
car -1 -1 nan nan nan nan nan 1.352900 1.611132 2.552881 -20.713046 20.434741 -1.748550 0.000000 0.862417 48696
car -1 -1 nan nan nan nan nan 1.714945 1.836012 3.643211 -21.852339 9.211326 -1.511885 0.000000 0.923299 48697
car -1 -1 nan nan nan nan nan 1.464466 1.815545 3.962761 -21.599453 -7.999127 -1.636432 0.000000 0.950570 48699
car -1 -1 nan nan nan nan nan 1.353264 1.619366 1.456930 -20.045650 23.080452 -1.667508 0.000000 0.774191 48701
car -1 -1 nan nan nan nan nan 0.587062 0.962495 0.847843 43.842066 -2.872481 -0.431729 0.000000 0.605878 48703
bicycle -1 -1 nan nan nan nan nan 0.993917 0.292617 0.853058 -5.239178 3.135532 -1.212511 0.000000 0.701930 48683
person -1 -1 nan nan nan nan nan 1.544109 0.731544 0.993959 11.421960 -2.842053 -0.734035 0.000000 0.949402 48676
person -1 -1 nan nan nan nan nan 0.638979 0.233553 0.214949 -22.512336 -28.870948 -1.794510 0.000000 0.715240 48679
person -1 -1 nan nan nan nan nan 1.183356 1.395020 0.370326 -10.486434 -8.002875 -0.593196 0.000000 0.516621 48685
person -1 -1 nan nan nan nan nan 1.592009 0.502306 0.413598 9.609818 1.037594 -0.791845 0.000000 0.938397 48694
person -1 -1 nan nan nan nan nan 0.450002 0.225151 0.278187 35.593760 4.064620 -0.074092 0.000000 0.707203 48707
