car -1 -1 nan nan nan nan nan 1.708532 2.012987 4.160052 9.778148 -7.115845 -0.947640 0.000000 0.901810 46359
car -1 -1 nan nan nan nan nan 1.454850 2.679562 3.089817 1.111423 21.691381 -1.063977 0.000000 0.902343 46364
car -1 -1 nan nan nan nan nan 1.178927 2.880177 2.513997 -14.751102 -22.156488 -1.372303 0.000000 0.897610 46366
car -1 -1 nan nan nan nan nan 0.285877 0.486168 0.738068 -36.429184 -33.329411 -2.043727 0.000000 0.744313 46367
car -1 -1 nan nan nan nan nan 1.465812 2.645378 2.438477 -10.333174 4.386960 -1.161836 0.000000 0.950523 46368
other-vehicle -1 -1 nan nan nan nan nan 1.519707 2.369724 2.992513 8.591012 34.065546 -0.786791 0.000000 0.894985 46371
car -1 -1 nan nan nan nan nan 0.845570 2.476454 2.713197 11.972826 18.509145 -0.667572 0.000000 0.834929 46375
car -1 -1 nan nan nan nan nan 1.773897 2.908394 3.732330 -4.376218 14.496228 -0.955397 0.000000 0.951001 46377
car -1 -1 nan nan nan nan nan 1.482064 3.169283 4.076232 -15.035231 -2.200905 -1.239025 0.000000 0.947165 46379
car -1 -1 nan nan nan nan nan 0.651695 1.251905 0.742642 6.105297 27.546266 -1.199011 0.000000 0.780174 46380
car -1 -1 nan nan nan nan nan 1.325729 2.842361 2.551580 8.065115 13.427106 -1.027379 0.000000 0.890185 46384
car -1 -1 nan nan nan nan nan 0.483751 1.203457 2.316730 34.425390 -23.994987 -1.129422 0.000000 0.797028 46385
car -1 -1 nan nan nan nan nan 1.484195 2.043372 3.672755 -6.881649 10.241048 -1.116305 0.000000 0.945401 46386
car -1 -1 nan nan nan nan nan 0.271549 1.036581 0.747704 41.491577 -20.592317 -1.138865 0.000000 0.497348 46388
car -1 -1 nan nan nan nan nan 1.122447 4.092514 2.741814 -20.187513 -24.896561 -1.327622 0.000000 0.878138 46390
car -1 -1 nan nan nan nan nan 1.925639 2.753453 3.540813 -1.978114 16.666944 -0.860680 0.000000 0.872027 46391
car -1 -1 nan nan nan nan nan 0.670113 0.799019 1.427125 11.458548 35.721249 -1.287637 0.000000 0.781940 46392
car -1 -1 nan nan nan nan nan 1.117190 2.424589 2.456947 2.665566 23.610452 -0.930306 0.000000 0.837411 46394
car -1 -1 nan nan nan nan nan 1.442539 3.485782 3.385807 -12.855747 -0.064134 -1.196282 0.000000 0.944904 46395
car -1 -1 nan nan nan nan nan 0.598029 0.536814 0.954067 44.680025 -21.739903 -0.783964 0.000000 0.767024 46396
car -1 -1 nan nan nan nan nan 1.030324 1.974236 2.043317 6.727587 32.696823 -0.734100 0.000000 0.881327 46398
car -1 -1 nan nan nan nan nan 1.324467 1.555016 2.305027 4.293128 25.298836 -0.964413 0.000000 0.824342 46399
car -1 -1 nan nan nan nan nan 0.918463 1.210087 2.358971 -35.239880 -35.010561 -1.738398 0.000000 0.751574 46400
car -1 -1 nan nan nan nan nan 0.483938 0.256329 0.600200 11.730660 38.020479 -0.550920 0.000000 0.564207 46401
car -1 -1 nan nan nan nan nan 0.528946 0.371597 0.381628 17.207650 44.628605 -1.011232 0.000000 0.763622 46402
car -1 -1 nan nan nan nan nan 0.556010 0.249609 0.378170 35.468908 -29.850600 -0.714184 0.000000 0.749257 46404
car -1 -1 nan nan nan nan nan 0.630508 2.639473 2.605933 14.345359 40.638737 -1.155884 0.000000 0.732543 46409
car -1 -1 nan nan nan nan nan 0.307884 0.838581 1.116673 34.716581 -25.402880 -0.543362 0.000000 0.495005 46412
bicycle -1 -1 nan nan nan nan nan 0.284193 0.383989 0.343288 -46.169790 5.532222 -1.182822 0.000000 0.801653 46360
bicyclist -1 -1 nan nan nan nan nan 0.685724 0.459600 0.455147 -21.447454 -6.628690 -1.368608 0.000000 0.782398 46365
bicycle -1 -1 nan nan nan nan nan 0.913985 0.874367 1.305350 6.703630 0.459291 -1.030735 0.000000 0.461106 46378
person -1 -1 nan nan nan nan nan 0.669830 0.906363 0.997732 24.137235 -12.131631 -1.157900 0.000000 0.785507 46369
person -1 -1 nan nan nan nan nan 0.672187 0.272207 0.233399 -3.461214 -5.536716 -1.101595 0.000000 0.094725 46373
person -1 -1 nan nan nan nan nan 1.594137 1.175282 1.204294 13.812183 -8.947432 -1.027786 0.000000 0.670702 46387
person -1 -1 nan nan nan nan nan 0.566020 0.213789 0.252882 -25.059756 -17.371810 -1.554027 0.000000 0.265821 46389
person -1 -1 nan nan nan nan nan 1.376609 0.819033 0.468198 -13.088385 -25.194867 -1.025802 0.000000 0.921372 46393
person -1 -1 nan nan nan nan nan 1.445937 0.451430 0.505951 23.846458 -13.104481 -1.081399 0.000000 0.944608 46405
