car -1 -1 nan nan nan nan nan 1.773596 2.178982 4.464592 -4.015962 -2.491921 -0.945734 0.000000 0.914614 49149
car -1 -1 nan nan nan nan nan 0.725360 0.783214 1.948742 -30.093367 15.348475 -1.860745 0.000000 0.856533 49151
car -1 -1 nan nan nan nan nan 1.462312 1.726985 3.514515 25.478003 -0.814521 -0.726841 0.000000 0.922865 49153
car -1 -1 nan nan nan nan nan 1.473804 4.773396 1.639742 -21.006387 5.108365 -1.554334 0.000000 0.821207 49154
car -1 -1 nan nan nan nan nan 2.020600 3.015242 2.745892 37.257547 -0.491237 -0.229004 0.000000 0.900192 49155
car -1 -1 nan nan nan nan nan 1.336943 1.520082 1.499668 -27.562445 -4.584791 -1.409607 0.000000 0.766519 49157
car -1 -1 nan nan nan nan nan 0.867531 1.530684 1.971907 -28.502463 7.400656 -1.122684 0.000000 0.785496 49158
car -1 -1 nan nan nan nan nan 1.309289 1.940437 3.051315 -28.616009 2.599840 -1.513299 0.000000 0.939930 49161
car -1 -1 nan nan nan nan nan 0.838830 1.508215 3.729183 -27.700335 -9.767832 -1.003740 0.000000 0.880770 49163
car -1 -1 nan nan nan nan nan 1.926060 2.236644 3.997507 -28.989543 10.396351 -1.670816 0.000000 0.909482 49164
car -1 -1 nan nan nan nan nan 0.547211 0.375745 1.594814 -28.289854 -11.986834 -0.800522 0.000000 0.901551 49171
bicyclist -1 -1 nan nan nan nan nan 0.483608 0.739603 0.689575 39.512901 4.468282 -0.596941 0.000000 0.842062 49162
person -1 -1 nan nan nan nan nan 1.606067 0.936862 0.710512 6.769433 -1.787930 -0.787268 0.000000 0.939539 49156
