car -1 -1 nan nan nan nan nan 1.839531 1.801501 4.008674 -9.428823 12.784833 -1.192688 0.000000 0.949098 46865
car -1 -1 nan nan nan nan nan 0.295056 0.328142 0.874527 45.558273 -19.799045 -0.333528 0.000000 0.493085 46866
car -1 -1 nan nan nan nan nan 0.303528 0.945980 0.925488 -39.655569 -16.870161 -1.376278 0.000000 0.683610 46869
car -1 -1 nan nan nan nan nan 1.325397 3.636530 2.225080 -12.918910 -21.997342 -1.169615 0.000000 0.842891 46872
car -1 -1 nan nan nan nan nan 1.183302 1.724964 2.407654 -2.676131 33.333574 -1.256087 0.000000 0.816313 46873
car -1 -1 nan nan nan nan nan 0.635499 0.256577 0.632160 -29.080973 -41.090145 -1.766594 0.000000 0.775470 46876
car -1 -1 nan nan nan nan nan 1.275976 3.581932 2.822903 5.522219 21.256952 -1.112734 0.000000 0.928874 46877
car -1 -1 nan nan nan nan nan 0.602084 0.498402 1.069618 4.580173 47.561609 -1.640180 0.000000 0.755396 46879
car -1 -1 nan nan nan nan nan 1.399530 2.259337 3.910880 -15.460427 -5.816825 -1.361984 0.000000 0.919371 46880
car -1 -1 nan nan nan nan nan 1.125317 2.069439 2.732238 -4.735032 23.430742 -1.265184 0.000000 0.783786 46883
other-vehicle -1 -1 nan nan nan nan nan 2.187064 0.835049 1.026543 14.281069 33.719103 -0.345604 0.000000 0.695886 46885
car -1 -1 nan nan nan nan nan 1.675077 1.780596 4.223863 9.773202 -4.745609 -0.835981 0.000000 0.928897 46888
car -1 -1 nan nan nan nan nan 1.434859 2.460323 2.908412 -12.886356 1.611346 -1.352238 0.000000 0.929053 46891
car -1 -1 nan nan nan nan nan 0.714159 0.824413 0.750468 0.961616 39.936796 -1.013492 0.000000 0.701683 46892
car -1 -1 nan nan nan nan nan 1.220025 2.875250 2.411926 37.622433 -15.592595 -0.463592 0.000000 0.850030 46893
car -1 -1 nan nan nan nan nan 0.812629 1.182293 1.155617 -2.575358 28.035587 -1.643749 0.000000 0.789140 46896
car -1 -1 nan nan nan nan nan 1.064985 0.580921 1.338140 12.376793 41.794657 -0.957455 0.000000 0.854478 46898
car -1 -1 nan nan nan nan nan 1.491759 2.062499 3.641131 -10.763940 8.592394 -1.343188 0.000000 0.922118 46899
car -1 -1 nan nan nan nan nan 1.421897 2.844388 2.280904 3.169103 15.048757 -1.180930 0.000000 0.944479 46900
car -1 -1 nan nan nan nan nan 0.548969 0.790375 0.654836 3.431518 44.443943 -1.507026 0.000000 0.763646 46902
car -1 -1 nan nan nan nan nan 1.927721 2.615212 3.490280 -7.471984 15.888238 -1.104762 0.000000 0.891876 46903
car -1 -1 nan nan nan nan nan 1.194791 3.420620 2.250773 -10.396616 -25.242998 -1.132506 0.000000 0.923189 46904
car -1 -1 nan nan nan nan nan 1.445506 2.832060 3.758069 -14.171625 -3.314829 -1.330859 0.000000 0.940871 46905
car -1 -1 nan nan nan nan nan 0.863952 1.071873 1.375286 0.905410 37.500849 -1.697193 0.000000 0.780877 46907
car -1 -1 nan nan nan nan nan 1.487574 1.753250 2.216363 -3.570069 25.769634 -1.372754 0.000000 0.824789 46909
car -1 -1 nan nan nan nan nan 1.339021 2.058424 3.482313 -5.835757 21.197019 -1.326509 0.000000 0.920899 46910
car -1 -1 nan nan nan nan nan 0.631949 1.068646 2.326206 47.530653 -12.951821 -0.182372 0.000000 0.751233 46912
car -1 -1 nan nan nan nan nan 0.743683 1.175041 1.252440 2.270951 42.007339 -1.541461 0.000000 0.767623 46914
truck -1 -1 nan nan nan nan nan 1.493612 1.922760 3.058334 -1.440301 35.159389 -1.274348 0.000000 0.886330 46915
bicycle -1 -1 nan nan nan nan nan 0.970997 0.544529 1.565701 4.902689 2.102352 -1.052350 0.000000 0.499887 46881
motorcycle -1 -1 nan nan nan nan nan 0.749030 0.573025 0.962788 24.764627 -6.043844 -0.969262 0.000000 0.854556 46882
bicyclist -1 -1 nan nan nan nan nan 1.566002 1.166018 0.615897 14.828095 -6.209133 -0.704031 0.000000 0.915485 46897
bicycle -1 -1 nan nan nan nan nan 0.570999 1.663405 1.013829 -4.390471 -9.039631 -1.169666 0.000000 0.473835 46906
person -1 -1 nan nan nan nan nan 0.416011 0.267850 0.245314 30.757064 -15.041847 0.524002 0.000000 0.821856 46878
person -1 -1 nan nan nan nan nan 1.497089 0.834056 0.743726 5.528037 10.920110 -0.719740 0.000000 0.820172 46887
person -1 -1 nan nan nan nan nan 0.544859 0.242941 0.343182 -21.713589 -22.901626 -1.508454 0.000000 0.754757 46889
person -1 -1 nan nan nan nan nan 0.303041 0.365275 0.223248 46.693033 -10.485824 -0.017240 0.000000 0.497612 46890
person -1 -1 nan nan nan nan nan 1.492052 0.618093 0.499190 -7.792044 -26.348136 -0.773205 0.000000 0.890825 46894
person -1 -1 nan nan nan nan nan 1.480992 0.549925 0.508041 23.339109 -6.474948 -0.722224 0.000000 0.933912 46913
