car -1 -1 nan nan nan nan nan 1.727066 2.479198 1.659191 18.403904 7.356840 -0.686392 0.000000 0.906384 44917
car -1 -1 nan nan nan nan nan 1.437034 1.348348 1.804146 -47.057373 -8.396143 -1.158061 0.000000 0.781768 44918
car -1 -1 nan nan nan nan nan 1.330923 1.799104 3.920725 -18.136569 -4.058081 -1.509804 0.000000 0.929264 44922
car -1 -1 nan nan nan nan nan 0.490870 0.499942 1.304292 7.598120 -14.558702 -0.159975 0.000000 0.389881 44925
car -1 -1 nan nan nan nan nan 1.426400 4.405366 1.970394 -1.488927 7.395729 -1.252321 0.000000 0.919727 44926
car -1 -1 nan nan nan nan nan 1.279120 1.608342 4.052469 31.461036 -2.875137 -0.334250 0.000000 0.912766 44929
car -1 -1 nan nan nan nan nan 1.129070 1.387903 1.487383 29.678178 6.531343 -0.405375 0.000000 0.845288 44933
car -1 -1 nan nan nan nan nan 1.478202 3.126525 2.117768 6.408646 7.658442 -1.066281 0.000000 0.947078 44938
car -1 -1 nan nan nan nan nan 1.271816 1.360687 3.666159 -25.038430 -4.027987 -1.714935 0.000000 0.938875 44939
car -1 -1 nan nan nan nan nan 0.298903 1.844534 0.934723 -45.396828 -1.263632 -2.488934 0.000000 0.810748 44940
other-vehicle -1 -1 nan nan nan nan nan 2.179414 4.735107 3.067162 -43.765160 -10.847853 -0.398284 0.000000 0.854918 44944
car -1 -1 nan nan nan nan nan 1.214154 3.687541 2.128780 13.662178 7.886222 -0.802981 0.000000 0.949844 44946
car -1 -1 nan nan nan nan nan 1.292130 1.712583 3.398296 24.696487 -2.957386 -0.627697 0.000000 0.938277 44947
car -1 -1 nan nan nan nan nan 1.850278 3.234262 1.892176 21.514493 7.132344 -0.487769 0.000000 0.801796 44950
truck -1 -1 nan nan nan nan nan 0.265467 0.838717 0.277050 -43.265989 -8.173082 -1.869814 0.000000 0.606797 44952
car -1 -1 nan nan nan nan nan 1.548665 3.822093 1.871452 1.094619 6.930992 -1.174034 0.000000 0.927587 44955
car -1 -1 nan nan nan nan nan 0.973069 1.182581 1.095745 26.970619 6.325622 -0.872347 0.000000 0.839935 44957
other-vehicle -1 -1 nan nan nan nan nan 1.315953 2.442276 1.202335 41.642790 7.917415 -0.017753 0.000000 0.937373 44959
car -1 -1 nan nan nan nan nan 0.327320 0.396183 1.175446 -35.502102 33.033983 -2.361857 0.000000 0.717892 44961
other-vehicle -1 -1 nan nan nan nan nan 2.211133 1.721986 1.695484 -44.529226 -8.407300 -0.728287 0.000000 0.734945 44962
car -1 -1 nan nan nan nan nan 1.221067 3.650680 1.439503 -39.833170 6.488168 -2.185796 0.000000 0.859571 44965
car -1 -1 nan nan nan nan nan 0.582219 0.349357 0.216625 -45.689405 -7.432906 -1.551294 0.000000 0.685877 44967
bicycle -1 -1 nan nan nan nan nan 0.875871 0.871014 0.366763 12.996758 -8.891032 -0.728286 0.000000 0.838243 44937
motorcycle -1 -1 nan nan nan nan nan 0.274930 0.421748 0.652664 -46.033516 -5.435291 -2.532743 0.000000 0.600129 44953
motorcyclist -1 -1 nan nan nan nan nan 0.802024 0.528707 1.161348 32.167499 6.171774 -0.450877 0.000000 0.832747 44956
person -1 -1 nan nan nan nan nan 1.511098 0.500622 0.564922 21.766157 -5.433994 -0.320436 0.000000 0.929422 44934
person -1 -1 nan nan nan nan nan 1.501893 0.421899 0.253448 -23.456135 -7.095841 -1.174646 0.000000 0.923334 44949
