car -1 -1 nan nan nan nan nan 1.140772 3.560102 2.867342 -22.261943 -24.826722 -1.033960 0.000000 0.823956 46258
car -1 -1 nan nan nan nan nan 1.474333 1.619421 2.497204 5.888944 25.013104 -1.320347 0.000000 0.803673 46263
car -1 -1 nan nan nan nan nan 1.460400 3.330943 4.274115 -14.708514 -1.352534 -1.164199 0.000000 0.915594 46264
car -1 -1 nan nan nan nan nan 0.322056 0.207964 0.438850 -38.227009 -31.129561 -1.487529 0.000000 0.460940 46267
car -1 -1 nan nan nan nan nan 1.430664 2.241128 3.572880 -5.921494 10.392853 -1.166897 0.000000 0.900186 46268
car -1 -1 nan nan nan nan nan 1.350196 2.901204 2.618961 9.148095 12.941480 -1.166629 0.000000 0.919463 46270
car -1 -1 nan nan nan nan nan 0.661676 1.262707 1.326829 13.666026 35.128225 -1.555628 0.000000 0.802825 46273
car -1 -1 nan nan nan nan nan 1.067182 0.962116 1.334497 25.868594 35.962683 -0.650969 0.000000 0.864105 46275
car -1 -1 nan nan nan nan nan 1.983625 3.369736 3.389805 -0.670092 17.007128 -0.985970 0.000000 0.888147 46280
car -1 -1 nan nan nan nan nan 1.425014 2.675931 2.141987 -9.754061 4.918543 -1.144089 0.000000 0.926468 46281
car -1 -1 nan nan nan nan nan 0.595405 2.255907 2.674320 13.340816 17.679029 -0.791814 0.000000 0.889192 46284
car -1 -1 nan nan nan nan nan 0.816391 1.714191 1.834246 8.789485 32.181688 -1.023299 0.000000 0.650566 46285
car -1 -1 nan nan nan nan nan 1.331210 2.748476 2.889855 2.693499 21.517070 -1.257875 0.000000 0.944314 46286
car -1 -1 nan nan nan nan nan 2.360913 2.865161 3.410170 9.207598 -8.021153 -0.537568 0.000000 0.858700 46287
other-vehicle -1 -1 nan nan nan nan nan 0.497602 0.821407 1.607642 16.237229 38.764441 -1.615498 0.000000 0.851779 46289
car -1 -1 nan nan nan nan nan 1.842856 3.501768 3.891600 -3.297113 14.963414 -1.061728 0.000000 0.962878 46291
car -1 -1 nan nan nan nan nan 1.317292 2.897408 2.820158 -15.541165 -21.321106 -0.995514 0.000000 0.950587 46292
car -1 -1 nan nan nan nan nan 1.497993 3.554573 3.257421 -12.462612 0.660814 -1.143682 0.000000 0.946562 46294
car -1 -1 nan nan nan nan nan 0.668717 0.807333 0.682770 7.955836 27.065759 -1.533686 0.000000 0.801021 46295
car -1 -1 nan nan nan nan nan 0.996524 2.563232 2.027122 33.456673 -26.338865 -0.873375 0.000000 0.783258 46296
car -1 -1 nan nan nan nan nan 0.854914 0.647728 1.786533 -36.426241 -32.821358 -1.204285 0.000000 0.823458 46297
other-vehicle -1 -1 nan nan nan nan nan 1.280225 2.361629 2.997116 10.828391 33.456171 -1.121589 0.000000 0.901820 46299
car -1 -1 nan nan nan nan nan 0.506060 0.288219 0.475708 14.292038 37.228800 -1.051688 0.000000 0.778481 46300
car -1 -1 nan nan nan nan nan 1.275429 2.503845 2.691630 4.212076 23.396227 -1.157999 0.000000 0.756873 46301
car -1 -1 nan nan nan nan nan 0.834977 1.434559 1.890051 19.505866 44.144571 -1.184313 0.000000 0.870320 46309
bicycle -1 -1 nan nan nan nan nan 0.968986 0.837510 1.246434 7.025965 0.085977 -1.102479 0.000000 0.637060 46262
bicycle -1 -1 nan nan nan nan nan 0.218094 0.316409 0.646492 19.697721 -6.473967 -1.087813 0.000000 0.493862 46283
motorcycle -1 -1 nan nan nan nan nan 0.564921 0.531853 0.302078 39.950230 -23.385260 -0.711552 0.000000 0.772363 46290
motorcycle -1 -1 nan nan nan nan nan 0.820176 0.504635 0.651865 18.181163 40.910231 -1.604016 0.000000 0.619143 46298
person -1 -1 nan nan nan nan nan 1.320020 0.616127 0.580595 23.648499 -14.697702 -1.027907 0.000000 0.909913 46265
person -1 -1 nan nan nan nan nan 0.656937 0.305530 0.263498 -3.404128 -5.373362 -1.009257 0.000000 0.140891 46271
person -1 -1 nan nan nan nan nan 1.599079 1.221422 0.951590 13.584459 -9.549374 -0.941842 0.000000 0.950100 46272
person -1 -1 nan nan nan nan nan 1.394830 0.418768 0.513093 -14.329708 -24.653430 -0.679158 0.000000 0.951079 46279
person -1 -1 nan nan nan nan nan 1.460665 0.816560 0.640756 10.282823 8.483942 -0.799428 0.000000 0.812429 46288
person -1 -1 nan nan nan nan nan 0.486137 0.289153 0.354155 23.867335 -13.889891 -1.100675 0.000000 0.767707 46305
