car -1 -1 nan nan nan nan nan 0.756830 1.770523 2.603836 -26.801256 2.538366 -1.190134 0.000000 0.922452 49045
car -1 -1 nan nan nan nan nan 1.585350 2.523817 3.907848 27.533676 -1.207869 -0.629313 0.000000 0.916880 49048
car -1 -1 nan nan nan nan nan 0.703998 1.847732 2.494600 -26.066155 -12.624141 -1.090376 0.000000 0.812102 49049
car -1 -1 nan nan nan nan nan 1.400237 1.842033 3.442764 -27.551786 15.859142 -1.719590 0.000000 0.924280 49050
car -1 -1 nan nan nan nan nan 1.489557 2.563551 4.359900 -2.265318 -2.801085 -0.799042 0.000000 0.919657 49051
car -1 -1 nan nan nan nan nan 0.441926 1.081752 0.650578 35.850470 4.633767 -0.959500 0.000000 0.813027 49052
car -1 -1 nan nan nan nan nan 1.393110 4.611179 1.817245 -18.928936 3.106582 -1.339907 0.000000 0.783650 49053
other-vehicle -1 -1 nan nan nan nan nan 0.494010 0.787537 0.291656 43.931599 7.671826 0.099351 0.000000 0.841149 49054
car -1 -1 nan nan nan nan nan 1.379878 1.519258 2.707581 -26.368227 -4.673128 -1.478384 0.000000 0.661916 49055
car -1 -1 nan nan nan nan nan 1.624201 2.425710 2.062592 39.613972 -0.210148 0.002021 0.000000 0.820396 49056
car -1 -1 nan nan nan nan nan 1.959205 2.251194 4.082033 -27.151557 10.460227 -1.361738 0.000000 0.904893 49059
car -1 -1 nan nan nan nan nan 1.444721 1.508982 4.015249 -25.758374 -9.800653 -1.382612 0.000000 0.942697 49061
car -1 -1 nan nan nan nan nan 1.803858 1.853583 3.371767 -27.242133 7.300009 -1.410703 0.000000 0.908435 49062
bicyclist -1 -1 nan nan nan nan nan 0.966070 1.008685 0.562466 30.324600 7.107001 -0.521946 0.000000 0.877698 49058
motorcycle -1 -1 nan nan nan nan nan 0.221001 0.229159 0.316971 41.454102 4.118388 -0.775903 0.000000 0.782219 49060
bicyclist -1 -1 nan nan nan nan nan 1.143009 1.573101 0.807606 30.361259 4.994544 -0.607225 0.000000 0.824071 49064
person -1 -1 nan nan nan nan nan 1.568068 0.984772 0.938689 8.246830 -1.724430 -0.758059 0.000000 0.948744 49047
person -1 -1 nan nan nan nan nan 0.623032 0.387270 0.302990 34.476362 4.397609 -0.596023 0.000000 0.644626 49066
