car -1 -1 nan nan nan nan nan 1.334782 3.340574 1.462543 30.519751 -3.001122 -0.702008 0.000000 0.921661 51273
car -1 -1 nan nan nan nan nan 0.572807 0.285296 0.860332 -44.093065 1.471253 -2.046786 0.000000 0.778371 51274
car -1 -1 nan nan nan nan nan 0.467431 1.438774 0.499279 -18.507113 -35.444111 -0.578131 0.000000 0.684935 51275
car -1 -1 nan nan nan nan nan 1.619178 2.126825 4.260604 -11.432222 -2.684030 -1.127613 0.000000 0.932046 51277
other-vehicle -1 -1 nan nan nan nan nan 1.655004 1.495896 2.547894 12.594375 -2.537799 -0.716715 0.000000 0.887099 51278
car -1 -1 nan nan nan nan nan 1.498020 2.211806 4.528777 -4.314021 -2.688969 -1.104621 0.000000 0.963045 51284
car -1 -1 nan nan nan nan nan 1.186033 1.484471 4.031294 -25.260098 -2.517564 -1.513498 0.000000 0.832590 51286
car -1 -1 nan nan nan nan nan 1.181106 0.592004 2.455490 -30.706905 -2.083041 -1.552153 0.000000 0.752562 51288
car -1 -1 nan nan nan nan nan 1.030390 1.123793 1.555866 -42.716379 -2.777739 -1.646741 0.000000 0.633436 51290
car -1 -1 nan nan nan nan nan 0.518355 0.212718 0.382355 -40.779503 4.458766 -1.142300 0.000000 0.679843 51292
other-vehicle -1 -1 nan nan nan nan nan 0.369982 0.250977 0.471318 15.981716 -1.739329 -1.089255 0.000000 0.664950 51293
bicycle -1 -1 nan nan nan nan nan 0.530992 0.381160 0.202703 -28.633954 3.062362 -1.509688 0.000000 0.342635 51280
motorcycle -1 -1 nan nan nan nan nan 1.014925 0.726913 1.328077 19.609216 -1.994279 -0.833824 0.000000 0.854595 51285
person -1 -1 nan nan nan nan nan 0.630270 0.893856 0.287575 -0.620368 19.181450 -0.865199 0.000000 0.741894 51287
person -1 -1 nan nan nan nan nan 1.162163 0.929886 0.459917 -1.824978 21.728811 -0.683050 0.000000 0.816395 51295
person -1 -1 nan nan nan nan nan 1.453006 0.655031 0.579886 -1.285122 19.994149 -0.673812 0.000000 0.948867 51299
