car -1 -1 nan nan nan nan nan 1.596734 2.296768 3.600595 -0.405947 -3.148548 -0.680410 0.000000 0.936735 49925
car -1 -1 nan nan nan nan nan 0.586005 0.282082 2.887035 27.976763 -36.748974 -2.138330 0.000000 0.735350 49927
car -1 -1 nan nan nan nan nan 1.700067 1.979399 2.109938 30.759976 -2.335303 0.080084 0.000000 0.818873 49929
car -1 -1 nan nan nan nan nan 1.315729 1.454586 3.918298 17.657173 -1.942952 -0.689098 0.000000 0.957672 49933
car -1 -1 nan nan nan nan nan 1.381269 2.505414 3.917149 -29.594509 -3.104618 -1.481493 0.000000 0.900874 49934
car -1 -1 nan nan nan nan nan 1.446712 1.566645 3.561109 12.317157 -2.106028 -0.769242 0.000000 0.939107 49935
car -1 -1 nan nan nan nan nan 1.172270 0.455848 1.947952 37.761124 -1.496541 0.000901 0.000000 0.722296 49937
car -1 -1 nan nan nan nan nan 0.292245 0.439079 0.807455 27.798520 -34.738758 -2.141724 0.000000 0.656959 49939
person -1 -1 nan nan nan nan nan 1.659052 1.089440 0.766941 -14.395316 -2.264405 -1.199688 0.000000 0.681789 49931
person -1 -1 nan nan nan nan nan 1.098230 0.393149 0.405378 -31.796853 0.329280 -1.536521 0.000000 0.471493 49943
