car -1 -1 nan nan nan nan nan 1.714129 2.409021 4.695980 -9.753816 -1.817454 -0.971896 0.000000 0.937733 49366
car -1 -1 nan nan nan nan nan 0.632752 1.809220 0.495312 49.942293 -6.158306 -0.180679 0.000000 0.610159 49367
car -1 -1 nan nan nan nan nan 1.458206 1.781239 3.849411 19.779230 -3.864242 -0.950157 0.000000 0.931179 49368
car -1 -1 nan nan nan nan nan 0.842960 1.718624 2.333389 -32.345005 14.295375 -0.588376 0.000000 0.641772 49369
car -1 -1 nan nan nan nan nan 1.159548 1.619301 3.126568 -33.762648 6.516351 -1.137598 0.000000 0.920969 49374
car -1 -1 nan nan nan nan nan 0.281956 0.829454 1.044699 -25.476636 11.814943 -0.946489 0.000000 0.790986 49376
car -1 -1 nan nan nan nan nan 1.409679 2.316050 1.250298 -33.092342 -1.303354 -1.468003 0.000000 0.703224 49377
car -1 -1 nan nan nan nan nan 1.561796 1.690091 3.795647 -33.617046 11.253493 -1.174800 0.000000 0.904274 49380
car -1 -1 nan nan nan nan nan 1.164293 1.294191 3.193344 32.623463 -4.342679 -0.819953 0.000000 0.928140 49383
person -1 -1 nan nan nan nan nan 1.603693 0.838228 0.808559 2.348887 -2.622835 -0.878092 0.000000 0.923447 49373
person -1 -1 nan nan nan nan nan 1.633964 0.702103 0.701404 -6.378960 1.407426 -0.942587 0.000000 0.930919 49378
person -1 -1 nan nan nan nan nan 0.916235 0.242992 0.606613 37.014805 -4.286128 -0.770021 0.000000 0.618069 49379
