car -1 -1 nan nan nan nan nan 1.419987 1.586865 3.991840 -2.370372 -2.592032 -1.059413 0.000000 0.962277 49984
car -1 -1 nan nan nan nan nan 1.380095 1.568198 3.589411 29.500735 -2.374326 -0.526411 0.000000 0.856974 49989
car -1 -1 nan nan nan nan nan 1.451795 1.597285 3.290717 10.367801 -2.154025 -0.916172 0.000000 0.919148 49992
car -1 -1 nan nan nan nan nan 1.178205 0.547676 3.530655 36.646980 -1.814078 -0.436475 0.000000 0.795185 49995
car -1 -1 nan nan nan nan nan 1.617359 1.838924 3.545359 -31.258636 -2.541865 -1.293820 0.000000 0.902183 49996
car -1 -1 nan nan nan nan nan 1.309098 1.436241 3.899447 15.596474 -2.113430 -0.922523 0.000000 0.954635 49997
car -1 -1 nan nan nan nan nan 0.817974 0.965487 1.095486 45.253874 2.222882 -0.558344 0.000000 0.742458 50001
car -1 -1 nan nan nan nan nan 0.371232 0.271292 0.537851 -4.290158 -4.305990 -0.563210 0.000000 0.111486 50003
car -1 -1 nan nan nan nan nan 0.870936 0.618648 2.840858 37.050243 1.881556 -0.532840 0.000000 0.826072 50004
car -1 -1 nan nan nan nan nan 0.771980 0.351048 1.111031 -2.366761 -4.264421 -0.642125 0.000000 0.712071 50007
bicycle -1 -1 nan nan nan nan nan 0.461046 0.550724 0.373845 1.504799 12.656691 -0.721636 0.000000 0.755079 49990
person -1 -1 nan nan nan nan nan 1.637372 1.147763 0.829232 -16.294084 -2.245123 -1.129439 0.000000 0.915789 49991
person -1 -1 nan nan nan nan nan 0.424009 0.261848 0.254990 38.116287 3.637112 0.115496 0.000000 0.746878 49993
person -1 -1 nan nan nan nan nan 0.576040 0.783570 0.485188 34.110121 2.672589 0.440551 0.000000 0.829363 49999
person -1 -1 nan nan nan nan nan 1.084408 0.513070 0.970791 -34.862013 0.599814 -1.224625 0.000000 0.629556 50005
