car -1 -1 nan nan nan nan nan 1.688261 1.917798 4.937546 -1.862995 -2.695779 -0.993884 0.000000 0.956956 50961
car -1 -1 nan nan nan nan nan 0.931290 1.544516 0.741798 -49.976688 1.723728 -2.320889 0.000000 0.872140 50962
other-vehicle -1 -1 nan nan nan nan nan 0.801330 1.323174 2.078495 43.148420 1.626700 1.251381 0.000000 0.570373 50963
car -1 -1 nan nan nan nan nan 0.681930 1.021750 0.702589 -27.764358 4.598487 -1.289290 0.000000 0.739103 50964
other-vehicle -1 -1 nan nan nan nan nan 1.451126 1.427242 2.174936 22.298556 -2.433900 -0.452288 0.000000 0.904525 50965
car -1 -1 nan nan nan nan nan 1.384471 1.727762 3.955943 -15.708998 -2.555294 -1.456054 0.000000 0.911721 50966
car -1 -1 nan nan nan nan nan 1.379026 1.408096 2.171324 -32.880200 -3.022579 -1.678938 0.000000 0.800391 50967
car -1 -1 nan nan nan nan nan 0.309573 0.410607 0.709015 -48.887531 -7.362149 -1.406830 0.000000 0.546980 50968
car -1 -1 nan nan nan nan nan 1.562690 1.890890 4.528024 4.902002 -2.453163 -0.968537 0.000000 0.934981 50970
car -1 -1 nan nan nan nan nan 0.975851 1.715212 1.042721 39.834055 -2.171744 -0.345801 0.000000 0.770118 50972
car -1 -1 nan nan nan nan nan 1.427915 1.216101 2.924065 -20.772825 -2.457325 -1.522013 0.000000 0.916467 50973
car -1 -1 nan nan nan nan nan 0.404131 0.575528 0.430582 -31.229438 4.461982 -1.095452 0.000000 0.704939 50975
car -1 -1 nan nan nan nan nan 0.546919 0.518098 0.909237 -34.647306 1.443289 -2.149146 0.000000 0.262036 50979
motorcycle -1 -1 nan nan nan nan nan 0.693633 0.594088 1.222683 29.000038 -1.826258 -0.558651 0.000000 0.802995 50969
motorcycle -1 -1 nan nan nan nan nan 0.724887 0.541090 1.479349 25.763200 -1.787772 -0.713057 0.000000 0.873145 50976
