car -1 -1 nan nan nan nan nan 0.512033 0.650871 0.582245 46.428368 -3.203307 0.097563 0.000000 0.272832 49476
car -1 -1 nan nan nan nan nan 1.436095 1.735265 4.198522 16.086229 -3.067601 -0.737895 0.000000 0.914286 49477
car -1 -1 nan nan nan nan nan 1.635563 0.773873 1.346161 -38.293968 8.460086 -1.803675 0.000000 0.651139 49482
car -1 -1 nan nan nan nan nan 1.359024 1.431922 3.225168 28.872083 -2.952979 -0.516195 0.000000 0.912425 49483
car -1 -1 nan nan nan nan nan 1.421015 0.453613 0.351780 46.158709 0.730484 0.551415 0.000000 0.809135 49484
car -1 -1 nan nan nan nan nan 1.124954 1.786108 1.096539 -36.718401 -2.523828 -1.844905 0.000000 0.712515 49485
car -1 -1 nan nan nan nan nan 1.449506 2.176259 3.442799 -37.862574 4.580232 -1.909241 0.000000 0.836260 49486
car -1 -1 nan nan nan nan nan 1.174126 0.824092 1.463440 33.057549 -2.849336 -0.273604 0.000000 0.627662 49487
car -1 -1 nan nan nan nan nan 1.716781 2.013945 4.515575 -13.427897 -2.188541 -1.169755 0.000000 0.927264 49488
other-vehicle -1 -1 nan nan nan nan nan 0.982033 1.126499 0.913319 33.165182 3.503203 0.230610 0.000000 0.799402 49489
person -1 -1 nan nan nan nan nan 1.371803 0.587237 1.513215 -11.706999 0.826500 -1.098879 0.000000 0.924522 49475
person -1 -1 nan nan nan nan nan 1.224695 0.765833 0.948959 -39.929962 1.221524 -1.394118 0.000000 0.542562 49478
person -1 -1 nan nan nan nan nan 1.146737 0.705787 0.788541 -0.676566 -2.559601 -0.639473 0.000000 0.879524 49481
