car -1 -1 nan nan nan nan nan 1.666458 2.628324 4.213084 -15.655283 -2.901805 -1.071423 0.000000 0.938861 49534
car -1 -1 nan nan nan nan nan 1.071191 1.205256 0.205818 44.267662 -2.444557 -0.187863 0.000000 0.764171 49535
car -1 -1 nan nan nan nan nan 0.266917 0.200195 0.323915 12.940332 -5.468933 -1.205405 0.000000 0.222428 49538
car -1 -1 nan nan nan nan nan 0.485804 1.254231 0.504692 -38.995243 4.038262 -1.028896 0.000000 0.748545 49539
car -1 -1 nan nan nan nan nan 0.501062 0.334394 0.334702 -4.292448 20.157865 -0.695730 0.000000 0.494837 49543
car -1 -1 nan nan nan nan nan 1.252234 1.876994 3.236649 26.851040 -2.548228 -0.782392 0.000000 0.885130 49545
car -1 -1 nan nan nan nan nan 1.434634 1.449427 1.055805 -39.147371 -3.458961 -1.554031 0.000000 0.847151 49546
car -1 -1 nan nan nan nan nan 1.301270 0.989034 1.650635 30.987276 -2.181315 -0.694865 0.000000 0.653328 49549
car -1 -1 nan nan nan nan nan 1.496367 2.569762 3.880548 13.914510 -3.118951 -0.918071 0.000000 0.956441 49551
car -1 -1 nan nan nan nan nan 0.537606 1.382599 0.969845 -44.046522 -16.943344 -1.063315 0.000000 0.805236 49553
bicyclist -1 -1 nan nan nan nan nan 1.422940 0.621069 1.353045 -14.538229 0.528024 -0.943518 0.000000 0.794131 49548
person -1 -1 nan nan nan nan nan 1.634131 0.871580 1.201560 -2.627590 -2.490941 -0.888348 0.000000 0.920695 49541
