car -1 -1 nan nan nan nan nan 1.302465 1.888480 4.148606 1.603422 -2.477316 -0.867005 0.000000 0.954038 51068
car -1 -1 nan nan nan nan nan 1.443780 1.161415 2.929647 -24.407252 -2.470850 -1.308765 0.000000 0.911231 51072
car -1 -1 nan nan nan nan nan 1.336966 2.307491 0.756874 36.182461 -2.438025 -0.750570 0.000000 0.894622 51074
other-vehicle -1 -1 nan nan nan nan nan 1.112137 1.144701 1.226730 -30.879219 4.140508 -1.349889 0.000000 0.850631 51075
car -1 -1 nan nan nan nan nan 1.674682 1.824969 4.333103 -5.344000 -2.547004 -0.963555 0.000000 0.953685 51076
other-vehicle -1 -1 nan nan nan nan nan 1.584008 1.467384 2.377743 18.557529 -2.417133 -0.727956 0.000000 0.882086 51077
car -1 -1 nan nan nan nan nan 1.294734 1.693901 3.789619 -19.136898 -2.592432 -1.310684 0.000000 0.888990 51079
car -1 -1 nan nan nan nan nan 0.845279 0.526065 0.513988 -34.580179 4.380012 -1.125198 0.000000 0.513721 51080
truck -1 -1 nan nan nan nan nan 0.523037 1.801365 0.808090 46.814777 -3.598233 0.094376 0.000000 0.687696 51083
car -1 -1 nan nan nan nan nan 0.685217 0.360986 0.861210 -38.173609 1.302376 -1.819212 0.000000 0.786873 51084
bicycle -1 -1 nan nan nan nan nan 0.534021 0.316026 0.373299 -44.227142 5.132828 -0.697931 0.000000 0.858984 51070
motorcycle -1 -1 nan nan nan nan nan 0.718994 0.633143 1.345501 25.760159 -1.781919 -0.708513 0.000000 0.749432 51071
motorcycle -1 -1 nan nan nan nan nan 0.911000 0.584139 1.445383 22.386392 -1.773436 -0.988494 0.000000 0.927811 51081
