car -1 -1 nan nan nan nan nan 1.477190 1.688277 3.760567 -4.970881 -2.556052 -1.095655 0.000000 0.954120 50090
car -1 -1 nan nan nan nan nan 0.539748 0.306107 0.834768 24.313088 -35.164135 -1.925239 0.000000 0.446531 50092
car -1 -1 nan nan nan nan nan 1.563869 2.142077 3.224894 26.481662 -2.761081 -0.776270 0.000000 0.946449 50094
car -1 -1 nan nan nan nan nan 0.992679 1.553484 2.198657 0.884218 -18.218345 -2.150247 0.000000 0.847145 50096
car -1 -1 nan nan nan nan nan 1.306091 1.485021 3.974794 12.721535 -2.346610 -1.010291 0.000000 0.961174 50098
car -1 -1 nan nan nan nan nan 1.172848 1.835784 0.968273 -33.363047 -2.356298 -1.352288 0.000000 0.549495 50101
car -1 -1 nan nan nan nan nan 0.859661 0.597191 0.661839 29.549133 -36.117367 -1.399029 0.000000 0.676480 50102
car -1 -1 nan nan nan nan nan 0.724978 0.214195 1.439062 18.775004 -37.140144 -1.983237 0.000000 0.721369 50103
car -1 -1 nan nan nan nan nan 1.438936 1.674227 3.679168 7.510427 -2.285232 -1.014638 0.000000 0.943783 50104
car -1 -1 nan nan nan nan nan 0.960914 0.730536 1.898781 -5.386821 -4.603853 -0.753745 0.000000 0.777954 50109
car -1 -1 nan nan nan nan nan 1.196294 0.406993 3.590336 33.889181 -2.017548 -0.846078 0.000000 0.903340 50112
bicycle -1 -1 nan nan nan nan nan 0.867966 1.888685 0.360450 -1.799306 9.393067 -0.665737 0.000000 0.837339 50100
person -1 -1 nan nan nan nan nan 0.702435 1.222511 0.540379 -37.908915 1.293831 -1.035284 0.000000 0.888783 50093
person -1 -1 nan nan nan nan nan 1.601046 0.925917 0.780766 -18.289347 -2.015222 -1.023438 0.000000 0.840243 50097
