car -1 -1 nan nan nan nan nan 1.485476 1.608351 3.394404 6.922599 -2.244482 -1.049393 0.000000 0.894644 50114
other-vehicle -1 -1 nan nan nan nan nan 1.228277 1.137122 0.392570 49.946518 -2.875817 -0.484174 0.000000 0.840895 50116
car -1 -1 nan nan nan nan nan 0.806222 0.782894 0.238081 25.355147 -39.075850 -1.993189 0.000000 0.622649 50117
car -1 -1 nan nan nan nan nan 1.586641 2.094241 3.446739 25.826591 -2.779347 -0.798122 0.000000 0.931719 50119
car -1 -1 nan nan nan nan nan 1.466504 1.673665 4.125995 -5.842069 -2.577708 -1.090397 0.000000 0.962206 50122
car -1 -1 nan nan nan nan nan 1.048766 1.170132 2.808563 42.662529 1.921220 -0.906990 0.000000 0.884520 50125
car -1 -1 nan nan nan nan nan 0.449870 0.673214 0.689865 -34.009743 -1.741120 -1.553294 0.000000 0.438691 50126
car -1 -1 nan nan nan nan nan 1.357272 1.552230 3.935613 12.036586 -2.294338 -1.065591 0.000000 0.939840 50127
car -1 -1 nan nan nan nan nan 1.378114 0.650069 3.604492 33.179089 -2.104247 -0.929317 0.000000 0.881470 50128
bicycle -1 -1 nan nan nan nan nan 0.767923 0.384098 1.054411 15.132166 -37.111860 -2.171624 0.000000 0.918369 50123
motorcycle -1 -1 nan nan nan nan nan 0.582852 0.568061 0.914165 47.008856 1.589179 -0.739922 0.000000 0.889053 50129
person -1 -1 nan nan nan nan nan 1.167364 0.425018 0.939346 -39.168514 0.841391 -0.903821 0.000000 0.797229 50115
person -1 -1 nan nan nan nan nan 1.499416 0.916758 1.192257 -19.151985 -2.018732 -0.956302 0.000000 0.908067 50118
person -1 -1 nan nan nan nan nan 0.480062 0.218165 0.550083 -38.611670 1.752327 -1.019153 0.000000 0.825694 50131
