car -1 -1 nan nan nan nan nan 1.475263 1.582673 3.582764 8.914005 -2.213027 -0.943694 0.000000 0.919366 50038
car -1 -1 nan nan nan nan nan 0.297000 0.345924 0.437534 30.410053 -38.484222 -1.831189 0.000000 0.522489 50040
car -1 -1 nan nan nan nan nan 1.820262 2.024258 3.338110 27.945380 -2.808446 -0.413524 0.000000 0.884932 50044
car -1 -1 nan nan nan nan nan 1.410493 1.130903 1.720858 3.033933 -17.846755 -2.308670 0.000000 0.781847 50045
car -1 -1 nan nan nan nan nan 1.451169 1.624090 4.152002 -3.808592 -2.546299 -1.103391 0.000000 0.951193 50047
car -1 -1 nan nan nan nan nan 1.370245 1.523571 3.885302 14.143001 -2.214309 -0.921432 0.000000 0.956473 50051
car -1 -1 nan nan nan nan nan 1.387488 1.838985 3.943182 -32.874093 -2.396533 -1.352558 0.000000 0.841611 50053
car -1 -1 nan nan nan nan nan 0.794967 1.039590 1.438931 44.116163 1.967214 -0.536768 0.000000 0.816410 50058
car -1 -1 nan nan nan nan nan 0.857646 1.785324 1.389538 34.697584 2.238132 -0.492424 0.000000 0.901532 50060
car -1 -1 nan nan nan nan nan 1.275071 0.480834 3.430836 35.229849 -2.039707 -0.483172 0.000000 0.801310 50066
bicycle -1 -1 nan nan nan nan nan 0.837690 1.138114 0.728813 -0.413857 7.896834 -0.569775 0.000000 0.882722 50054
bicyclist -1 -1 nan nan nan nan nan 0.407047 0.332868 0.518963 36.823332 3.430173 0.118850 0.000000 0.707866 50062
person -1 -1 nan nan nan nan nan 1.284208 0.453981 1.081089 -36.598143 0.806503 -1.211998 0.000000 0.305219 50039
person -1 -1 nan nan nan nan nan 1.584864 1.017347 0.764307 -17.292363 -2.069373 -1.146542 0.000000 0.804337 50043
person -1 -1 nan nan nan nan nan 1.312046 0.375540 0.222588 -35.844555 -5.491898 -1.403905 0.000000 0.242602 50050
person -1 -1 nan nan nan nan nan 1.014074 0.850681 0.575260 32.767500 2.411585 0.452470 0.000000 0.823712 50055
