car -1 -1 nan nan nan nan nan 1.346849 1.749424 4.065287 -9.102203 -2.434027 -1.270447 0.000000 0.923180 50738
car -1 -1 nan nan nan nan nan 0.567369 1.178123 1.007599 46.632423 -2.054227 -0.724210 0.000000 0.727685 50739
car -1 -1 nan nan nan nan nan 1.491858 1.743362 3.919260 11.388709 -2.449930 -0.890319 0.000000 0.959840 50743
other-vehicle -1 -1 nan nan nan nan nan 1.401367 1.396174 2.085543 28.794990 -2.599339 -0.536200 0.000000 0.862372 50744
car -1 -1 nan nan nan nan nan 0.758011 0.857848 0.922165 -43.350574 5.145319 -1.508704 0.000000 0.762930 50745
other-vehicle -1 -1 nan nan nan nan nan 0.771179 1.066662 0.811392 -21.022437 4.802030 -0.954507 0.000000 0.779850 50747
car -1 -1 nan nan nan nan nan 1.754547 1.893655 3.938456 4.342018 -2.496198 -0.878615 0.000000 0.942398 50750
car -1 -1 nan nan nan nan nan 1.484900 1.403155 3.411079 -14.269236 -2.359960 -1.327662 0.000000 0.922911 50752
car -1 -1 nan nan nan nan nan 1.307313 1.529247 4.263004 -27.293550 -2.783807 -1.506413 0.000000 0.921081 50753
other-vehicle -1 -1 nan nan nan nan nan 0.848494 2.046592 1.521648 -43.600504 1.921384 -1.799960 0.000000 0.896689 50757
car -1 -1 nan nan nan nan nan 0.765123 2.119748 2.010643 -28.407093 2.478497 -1.719650 0.000000 0.729373 50758
motorcycle -1 -1 nan nan nan nan nan 0.415196 0.555055 1.001106 35.848541 -1.981724 -0.511307 0.000000 0.733899 50754
bicycle -1 -1 nan nan nan nan nan 0.552062 0.493047 1.488861 32.535854 -1.928728 -0.763937 0.000000 0.878373 50756
person -1 -1 nan nan nan nan nan 1.310679 0.896091 0.997421 -36.671043 -2.324614 -1.450770 0.000000 0.899225 50749
