car -1 -1 nan nan nan nan nan 1.387368 4.320377 1.724779 8.731331 9.700395 -0.959087 0.000000 0.942208 52475
car -1 -1 nan nan nan nan nan 0.355151 0.372204 1.007501 -4.933867 -50.085337 -0.591255 0.000000 0.746578 52476
car -1 -1 nan nan nan nan nan 0.608408 0.503962 0.741848 -47.081774 8.840469 -3.059832 0.000000 0.648026 52477
other-vehicle -1 -1 nan nan nan nan nan 1.920988 2.265610 1.090942 18.929247 42.094700 0.011860 0.000000 0.138706 52479
other-vehicle -1 -1 nan nan nan nan nan 0.841707 1.331620 1.627862 -7.368687 -0.808614 -1.471942 0.000000 0.450936 52483
car -1 -1 nan nan nan nan nan 1.339146 3.410087 2.320305 3.114281 -16.443686 -0.795117 0.000000 0.936179 52484
car -1 -1 nan nan nan nan nan 1.393882 4.296607 2.260160 5.587704 -5.297029 -0.931992 0.000000 0.947443 52485
car -1 -1 nan nan nan nan nan 2.232802 4.593651 2.619191 -2.307716 -39.794407 0.066301 0.000000 0.896066 52486
car -1 -1 nan nan nan nan nan 1.339096 3.942154 2.404744 0.691138 -26.172644 -0.629044 0.000000 0.925952 52487
car -1 -1 nan nan nan nan nan 1.439119 4.016153 2.034214 7.136932 2.664769 -0.973497 0.000000 0.954737 52491
car -1 -1 nan nan nan nan nan 1.283547 0.604280 0.962576 4.020304 14.641076 -0.626963 0.000000 0.759286 52492
car -1 -1 nan nan nan nan nan 1.448062 3.090246 1.872543 4.329737 -10.846009 -0.818052 0.000000 0.955424 52494
car -1 -1 nan nan nan nan nan 0.970809 2.723118 1.426938 15.169513 37.174971 -0.788429 0.000000 0.897482 52496
other-vehicle -1 -1 nan nan nan nan nan 0.975286 0.557354 0.994586 -11.657379 0.661837 -1.479607 0.000000 0.389721 52497
car -1 -1 nan nan nan nan nan 1.434810 2.270413 3.904800 -27.484549 3.804547 -1.986194 0.000000 0.870062 52501
car -1 -1 nan nan nan nan nan 0.795606 1.803515 0.606918 45.614666 -12.804054 0.531079 0.000000 0.602279 52505
bicycle -1 -1 nan nan nan nan nan 0.607231 0.997703 1.271999 17.048384 0.564439 -0.549346 0.000000 0.721945 52489
motorcycle -1 -1 nan nan nan nan nan 0.804720 0.374029 0.888718 -33.638222 5.882817 -2.319797 0.000000 0.695911 52490
motorcycle -1 -1 nan nan nan nan nan 1.281600 1.888713 0.683510 -4.223818 -2.352657 -1.184879 0.000000 0.670816 52498
bicycle -1 -1 nan nan nan nan nan 0.679087 0.815150 0.339827 2.957731 12.020724 -0.519462 0.000000 0.828515 52499
motorcycle -1 -1 nan nan nan nan nan 1.080534 1.902227 1.105013 -5.289694 -1.698120 -1.278214 0.000000 0.893395 52503
