car -1 -1 nan nan nan nan nan 1.419135 1.891681 3.906384 -8.682743 -3.127598 -1.128947 0.000000 0.948094 53560
car -1 -1 nan nan nan nan nan 0.626068 0.897877 1.061497 47.927298 -3.829472 -0.485565 0.000000 0.831917 53561
car -1 -1 nan nan nan nan nan 0.313073 0.284142 0.213623 -50.175003 -4.406703 -0.373827 0.000000 0.774333 53562
car -1 -1 nan nan nan nan nan 1.365922 1.597624 2.684507 26.463904 -1.899582 -1.163778 0.000000 0.900082 53563
car -1 -1 nan nan nan nan nan 0.259845 0.556111 0.815943 -17.263194 -15.582593 -1.127598 0.000000 0.684223 53566
car -1 -1 nan nan nan nan nan 0.895048 1.316688 3.930721 -38.514780 -4.080846 -0.574090 0.000000 0.822731 53568
car -1 -1 nan nan nan nan nan 1.286465 1.863698 4.221353 -17.043314 -3.463083 -1.013111 0.000000 0.935222 53569
car -1 -1 nan nan nan nan nan 1.206037 0.842874 1.022114 41.346209 -0.810375 -1.273904 0.000000 0.727382 53570
car -1 -1 nan nan nan nan nan 1.321333 1.395317 2.850742 -22.802677 -3.598190 -0.800247 0.000000 0.893079 53571
car -1 -1 nan nan nan nan nan 1.456110 1.594694 3.375830 31.287393 -1.422231 -1.152860 0.000000 0.916064 53572
car -1 -1 nan nan nan nan nan 1.299705 1.618382 4.272043 -1.594657 -2.809334 -1.065650 0.000000 0.952504 53573
car -1 -1 nan nan nan nan nan 1.124443 0.581661 3.128572 -27.436309 -3.431549 -0.761604 0.000000 0.918759 53574
person -1 -1 nan nan nan nan nan 0.346088 0.447128 0.264063 -30.080544 -6.862432 -0.634380 0.000000 0.822623 53564
person -1 -1 nan nan nan nan nan 0.627010 0.390933 0.315213 7.431387 -10.702096 0.335432 0.000000 0.873882 53565
