car -1 -1 nan nan nan nan nan 1.453654 1.752860 4.092490 -15.482943 -2.541971 -1.295836 0.000000 0.939701 51652
car -1 -1 nan nan nan nan nan 0.495968 0.207012 1.058197 45.734596 1.069562 -1.013426 0.000000 0.598898 51653
car -1 -1 nan nan nan nan nan 1.255945 1.250081 1.192978 18.821110 10.441864 -0.884349 0.000000 0.775546 51655
car -1 -1 nan nan nan nan nan 1.359203 1.969157 1.867813 19.472185 -8.741228 -0.766448 0.000000 0.897856 51656
other-vehicle -1 -1 nan nan nan nan nan 0.630018 0.550136 0.291561 1.945929 -2.276990 -0.543425 0.000000 0.446352 51657
car -1 -1 nan nan nan nan nan 1.513976 1.000044 4.287384 -22.453270 -2.315821 -1.316673 0.000000 0.881246 51661
car -1 -1 nan nan nan nan nan 1.026679 2.723228 1.474230 19.088607 3.974846 -0.806774 0.000000 0.952052 51663
car -1 -1 nan nan nan nan nan 1.336607 4.436393 1.769381 19.237481 -3.641321 -0.868703 0.000000 0.969057 51665
other-vehicle -1 -1 nan nan nan nan nan 1.085240 1.624345 3.209788 4.814857 -2.413544 -1.163738 0.000000 0.863503 51670
car -1 -1 nan nan nan nan nan 0.770987 0.286016 1.477623 43.484734 1.221072 -0.793002 0.000000 0.918367 51671
bicycle -1 -1 nan nan nan nan nan 0.228212 1.040075 0.486061 31.284794 -5.033346 -0.347130 0.000000 0.744977 51658
motorcycle -1 -1 nan nan nan nan nan 0.892351 1.550225 0.694249 9.033832 -2.838424 -0.709922 0.000000 0.870245 51664
bicycle -1 -1 nan nan nan nan nan 0.976377 2.009066 1.714241 -40.712616 2.308307 -1.303368 0.000000 0.812264 51667
bicyclist -1 -1 nan nan nan nan nan 1.017844 0.659039 0.399162 42.382858 -0.645538 -0.637797 0.000000 0.785207 51669
motorcycle -1 -1 nan nan nan nan nan 1.182429 1.890286 0.637813 7.761520 -2.614418 -1.005039 0.000000 0.945908 51672
