car -1 -1 nan nan nan nan nan 1.328832 4.564963 2.007838 14.542412 -3.601769 -0.923830 0.000000 0.927763 51803
car -1 -1 nan nan nan nan nan 0.298191 0.722966 0.207207 -49.299995 2.302098 -1.251681 0.000000 0.675046 51804
car -1 -1 nan nan nan nan nan 1.461928 1.772397 4.026150 -20.242785 -2.623642 -1.354486 0.000000 0.912919 51805
other-vehicle -1 -1 nan nan nan nan nan 1.692367 1.365484 2.256968 -3.092082 -2.493403 -0.939359 0.000000 0.875278 51808
car -1 -1 nan nan nan nan nan 1.311264 4.063471 1.447944 13.981403 11.965669 -1.137530 0.000000 0.949562 51809
car -1 -1 nan nan nan nan nan 1.616832 1.950266 2.551689 -40.851727 -3.085129 -1.442557 0.000000 0.742134 51812
car -1 -1 nan nan nan nan nan 1.555408 1.487211 2.954092 -26.961143 -2.604430 -1.275265 0.000000 0.816997 51814
car -1 -1 nan nan nan nan nan 1.347044 3.767769 1.774140 14.313641 4.568466 -1.036249 0.000000 0.968448 51815
car -1 -1 nan nan nan nan nan 1.472712 3.254519 1.493354 14.652657 -9.279815 -0.669851 0.000000 0.959822 51820
car -1 -1 nan nan nan nan nan 1.135902 3.079286 1.615047 14.678311 -15.990173 -0.533630 0.000000 0.923169 51821
car -1 -1 nan nan nan nan nan 0.367279 2.183423 1.052824 30.289063 0.142529 -0.395477 0.000000 0.659023 51825
motorcycle -1 -1 nan nan nan nan nan 1.129954 1.597405 0.615690 4.263879 -2.795391 -0.911006 0.000000 0.878915 51816
motorcycle -1 -1 nan nan nan nan nan 0.599975 0.776151 1.293422 1.115822 -2.589185 -0.947519 0.000000 0.842279 51819
motorcycle -1 -1 nan nan nan nan nan 1.109946 1.963487 0.758755 3.024186 -2.559383 -1.001854 0.000000 0.809056 51824
