car -1 -1 nan nan nan nan nan 1.396203 1.884643 4.003584 -3.893903 -3.182636 -1.122410 0.000000 0.956959 53396
car -1 -1 nan nan nan nan nan 0.268999 0.311530 0.350445 45.763708 0.962537 -1.121568 0.000000 0.666030 53397
car -1 -1 nan nan nan nan nan 1.940926 1.800449 3.849991 -47.097080 -6.390560 -0.052891 0.000000 0.819621 53398
car -1 -1 nan nan nan nan nan 1.241049 1.695343 2.547325 31.241608 -0.853662 -1.053469 0.000000 0.931270 53401
car -1 -1 nan nan nan nan nan 1.200529 1.493165 3.749109 -33.503386 -5.273622 -0.676237 0.000000 0.878351 53403
car -1 -1 nan nan nan nan nan 1.330991 1.966900 4.434518 -12.073285 -3.892265 -1.071476 0.000000 0.928505 53404
car -1 -1 nan nan nan nan nan 1.387673 1.881381 4.288795 3.159488 -2.608944 -1.096271 0.000000 0.965576 53405
car -1 -1 nan nan nan nan nan 1.349252 1.537522 3.057806 -17.880349 -4.310614 -0.963933 0.000000 0.921644 53407
car -1 -1 nan nan nan nan nan 1.288154 1.029297 3.261658 -22.507946 -4.392201 -0.934675 0.000000 0.917658 53409
car -1 -1 nan nan nan nan nan 1.060066 1.555610 2.626797 35.766481 -0.294547 -0.812993 0.000000 0.699001 53414
motorcycle -1 -1 nan nan nan nan nan 0.634762 0.366734 1.731712 -12.078543 7.489374 -0.501071 0.000000 0.838917 53402
motorcycle -1 -1 nan nan nan nan nan 0.864701 0.484893 1.827493 -12.212306 6.298004 -0.602700 0.000000 0.442896 53413
person -1 -1 nan nan nan nan nan 0.487190 0.387932 0.207705 -24.950181 -7.711681 -0.737694 0.000000 0.744417 53400
person -1 -1 nan nan nan nan nan 0.479156 0.342928 0.368210 -42.241611 -8.523026 0.086125 0.000000 0.533573 53406
