car -1 -1 nan nan nan nan nan 1.427598 3.317220 2.141306 2.578389 -11.448246 -1.038907 0.000000 0.928253 52562
truck -1 -1 nan nan nan nan nan 1.280313 1.249493 0.867926 19.798375 38.741457 0.258792 0.000000 0.736241 52564
car -1 -1 nan nan nan nan nan 0.593310 0.787334 1.725964 45.299871 -17.817612 -0.160717 0.000000 0.797671 52565
car -1 -1 nan nan nan nan nan 1.309110 2.562336 3.573032 -27.501390 6.926092 -1.863578 0.000000 0.876051 52568
other-vehicle -1 -1 nan nan nan nan nan 1.182986 1.630806 1.315995 -11.194595 1.026827 -1.177125 0.000000 0.686619 52570
car -1 -1 nan nan nan nan nan 1.420081 4.045774 2.230024 6.894473 1.748739 -0.937963 0.000000 0.972942 52574
car -1 -1 nan nan nan nan nan 1.185905 0.396854 0.819382 35.773376 -14.465129 -0.442166 0.000000 0.724334 52575
car -1 -1 nan nan nan nan nan 2.068740 4.673195 3.190962 -7.461546 -39.330990 -0.652419 0.000000 0.710234 52577
car -1 -1 nan nan nan nan nan 1.373067 0.998546 2.573811 -33.995649 9.753225 -1.846857 0.000000 0.831870 52578
car -1 -1 nan nan nan nan nan 1.460055 4.354228 1.792282 9.143817 8.525156 -0.786399 0.000000 0.957566 52580
car -1 -1 nan nan nan nan nan 0.595575 0.449168 0.321861 -46.001266 14.014990 -2.774825 0.000000 0.625072 52581
car -1 -1 nan nan nan nan nan 1.354305 3.762333 2.740910 -2.789255 -26.110491 -1.131468 0.000000 0.956274 52582
car -1 -1 nan nan nan nan nan 1.373938 4.174431 2.701305 4.465002 -5.895610 -1.062995 0.000000 0.952610 52583
car -1 -1 nan nan nan nan nan 1.264986 3.261613 2.386511 0.687821 -16.422508 -1.143407 0.000000 0.952501 52584
car -1 -1 nan nan nan nan nan 1.261382 2.890694 1.385763 18.721736 35.160908 -0.002176 0.000000 0.629928 52587
other-vehicle -1 -1 nan nan nan nan nan 0.904058 2.096176 2.068593 -8.072373 0.045830 -1.470869 0.000000 0.464622 52588
car -1 -1 nan nan nan nan nan 0.571079 0.320096 0.566986 40.661434 -16.140522 -0.421209 0.000000 0.647679 52594
other-vehicle -1 -1 nan nan nan nan nan 0.986349 0.913883 1.445766 21.488274 -9.752358 -0.774281 0.000000 0.575475 52595
motorcycle -1 -1 nan nan nan nan nan 0.987647 1.714886 0.998964 -5.736151 -1.064628 -1.365776 0.000000 0.899983 52585
motorcycle -1 -1 nan nan nan nan nan 1.072290 1.834049 0.895718 -4.861259 -1.893950 -1.295081 0.000000 0.830192 52591
person -1 -1 nan nan nan nan nan 0.623936 0.479305 0.723022 3.146111 12.373593 -0.428319 0.000000 0.826472 52567
person -1 -1 nan nan nan nan nan 0.272573 0.337700 0.217017 -7.632948 -22.477442 -0.396522 0.000000 0.771366 52572
