car -1 -1 nan nan nan nan nan 1.300558 1.555069 3.015814 -17.426999 -4.462840 -0.926820 0.000000 0.952556 53373
car -1 -1 nan nan nan nan nan 0.270020 0.316526 0.320759 46.258532 1.335496 -1.138206 0.000000 0.667375 53374
truck -1 -1 nan nan nan nan nan 0.921728 0.844543 0.857574 -46.636429 -11.387835 1.376633 0.000000 0.559843 53375
car -1 -1 nan nan nan nan nan 1.392225 1.914423 4.194784 3.577921 -2.559244 -1.090499 0.000000 0.951732 53376
car -1 -1 nan nan nan nan nan 1.178629 1.445834 3.948622 -33.073319 -5.529425 -0.663060 0.000000 0.948635 53377
car -1 -1 nan nan nan nan nan 1.281782 1.720379 2.262192 31.537434 -0.612566 -1.083861 0.000000 0.809155 53378
car -1 -1 nan nan nan nan nan 1.367447 1.868455 4.008066 -3.380553 -3.165306 -1.106097 0.000000 0.947491 53382
car -1 -1 nan nan nan nan nan 1.364204 1.965843 4.625187 -11.816430 -3.979235 -1.104972 0.000000 0.938297 53384
car -1 -1 nan nan nan nan nan 0.847506 0.909833 0.819637 -45.113321 -6.366305 -0.594982 0.000000 0.485482 53385
car -1 -1 nan nan nan nan nan 1.249549 0.748510 3.212725 -21.983171 -4.425741 -0.906436 0.000000 0.926785 53386
car -1 -1 nan nan nan nan nan 0.572055 1.424872 0.604069 -46.302923 -6.784514 0.620046 0.000000 0.758552 53389
car -1 -1 nan nan nan nan nan 1.501135 1.544661 2.677986 36.271370 0.074389 -0.827561 0.000000 0.883090 53390
truck -1 -1 nan nan nan nan nan 1.409283 0.493657 0.946190 -47.565002 -8.973230 0.814227 0.000000 0.661662 53392
motorcycle -1 -1 nan nan nan nan nan 1.083826 0.523583 1.803464 -11.731868 6.204475 -0.523888 0.000000 0.497546 53379
person -1 -1 nan nan nan nan nan 0.478984 0.411518 0.280306 -24.458920 -7.938499 -0.715746 0.000000 0.493491 53381
