car -1 -1 nan nan nan nan nan 1.456161 4.360035 1.928335 9.528154 7.166489 -0.687730 0.000000 0.943070 52660
car -1 -1 nan nan nan nan nan 1.435320 1.224611 2.019993 -45.088758 19.508147 -1.782234 0.000000 0.667327 52662
car -1 -1 nan nan nan nan nan 1.339871 2.944803 2.530567 -1.993068 -16.175494 -1.370760 0.000000 0.943800 52665
other-vehicle -1 -1 nan nan nan nan nan 0.412015 0.476521 0.627644 -11.940649 3.154373 -1.717598 0.000000 0.449069 52666
car -1 -1 nan nan nan nan nan 1.261275 2.967118 3.108883 -26.814989 10.488789 -1.708876 0.000000 0.879074 52667
car -1 -1 nan nan nan nan nan 1.358093 3.949488 3.170208 3.158742 -6.374957 -1.158024 0.000000 0.975674 52668
car -1 -1 nan nan nan nan nan 2.021021 3.724827 3.416369 -12.881742 -37.690802 -1.287733 0.000000 0.942325 52669
car -1 -1 nan nan nan nan nan 1.354020 3.560604 3.166133 -6.669439 -25.537609 -1.468728 0.000000 0.945384 52670
car -1 -1 nan nan nan nan nan 0.466196 1.447781 1.455301 17.165303 32.731920 1.296671 0.000000 0.503846 52671
car -1 -1 nan nan nan nan nan 1.441021 3.965075 2.652692 6.530749 0.747832 -0.951490 0.000000 0.978705 52674
car -1 -1 nan nan nan nan nan 1.384302 3.211379 2.466910 0.586431 -11.718324 -1.203862 0.000000 0.952642 52677
car -1 -1 nan nan nan nan nan 1.143392 3.178415 1.711605 22.676483 32.384459 0.257101 0.000000 0.846262 52678
other-vehicle -1 -1 nan nan nan nan nan 0.862010 1.645148 1.041410 -8.498784 1.076332 -1.494647 0.000000 0.658145 52679
car -1 -1 nan nan nan nan nan 0.245771 0.536383 0.348988 37.718157 -26.790380 -0.869423 0.000000 0.726977 52680
car -1 -1 nan nan nan nan nan 0.278923 0.344627 0.455181 -43.612326 17.841539 -1.126768 0.000000 0.466736 52682
car -1 -1 nan nan nan nan nan 1.073154 2.612713 1.197432 24.326592 36.501131 0.913413 0.000000 0.478476 52683
motorcycle -1 -1 nan nan nan nan nan 1.131666 2.709337 2.100519 -6.014356 -0.771423 -1.357893 0.000000 0.871813 52673
motorcycle -1 -1 nan nan nan nan nan 0.786493 0.716441 1.073263 -32.178166 13.830614 -1.953866 0.000000 0.839627 52676
