other-vehicle -1 -1 nan nan nan nan nan 1.056147 1.363732 2.256372 -4.412370 -2.442919 -1.273131 0.000000 0.878045 52080
car -1 -1 nan nan nan nan nan 0.225386 0.346958 0.557743 -44.675646 -2.786643 -2.408893 0.000000 0.470675 52081
car -1 -1 nan nan nan nan nan 1.435522 4.100258 1.949813 8.967867 11.891894 -1.221904 0.000000 0.910469 52084
car -1 -1 nan nan nan nan nan 1.283406 1.783800 3.717796 -25.148966 -2.873079 -1.693567 0.000000 0.892730 52085
car -1 -1 nan nan nan nan nan 1.445421 3.288136 1.658075 9.511210 -9.194515 -0.617133 0.000000 0.944671 52086
car -1 -1 nan nan nan nan nan 1.435073 3.904369 1.868271 9.045296 4.725431 -1.066280 0.000000 0.937782 52088
car -1 -1 nan nan nan nan nan 1.585066 0.943363 3.097975 -32.407163 -2.611342 -1.820636 0.000000 0.854944 52089
car -1 -1 nan nan nan nan nan 1.352092 3.704058 1.750122 9.705503 -16.030599 -0.405694 0.000000 0.938114 52090
car -1 -1 nan nan nan nan nan 1.363087 4.461317 2.071258 9.381514 -3.482759 -0.850569 0.000000 0.926121 52091
car -1 -1 nan nan nan nan nan 0.826177 3.432676 0.293273 9.285050 -25.276975 -0.105636 0.000000 0.907840 52094
other-vehicle -1 -1 nan nan nan nan nan 1.572697 0.773801 2.455897 -8.155465 -2.310415 -1.100866 0.000000 0.865300 52095
car -1 -1 nan nan nan nan nan 0.836810 2.287865 1.810903 10.019018 -23.961433 -0.243210 0.000000 0.860484 52098
bicycle -1 -1 nan nan nan nan nan 0.740286 0.740973 1.313448 18.913911 4.872548 -0.561479 0.000000 0.823023 52087
motorcycle -1 -1 nan nan nan nan nan 1.355186 2.005238 0.591063 -0.874041 -3.002640 -0.976384 0.000000 0.865870 52093
motorcycle -1 -1 nan nan nan nan nan 1.097726 1.679906 0.616652 -2.064875 -2.840599 -1.098577 0.000000 0.831953 52096
