car -1 -1 nan nan nan nan nan 1.867910 2.527618 1.773590 8.460018 -37.784218 0.603151 0.000000 0.780467 52234
car -1 -1 nan nan nan nan nan 1.305172 2.046237 3.793316 -26.558901 -2.626204 -1.532446 0.000000 0.895989 52236
car -1 -1 nan nan nan nan nan 1.107844 3.318557 1.222417 1.639749 17.111100 -1.137628 0.000000 0.877687 52237
car -1 -1 nan nan nan nan nan 1.244045 3.703032 1.534231 8.088488 -15.823151 -0.551596 0.000000 0.933216 52238
car -1 -1 nan nan nan nan nan 1.395856 3.906130 1.885351 7.869740 4.582331 -1.094383 0.000000 0.966443 52239
car -1 -1 nan nan nan nan nan 1.387256 4.439735 1.585426 8.228716 -25.128647 -0.216108 0.000000 0.902779 52240
car -1 -1 nan nan nan nan nan 0.602350 0.323564 0.545086 -33.123102 1.872420 -1.925659 0.000000 0.298462 52241
car -1 -1 nan nan nan nan nan 1.400537 4.462207 1.932533 7.983813 -3.612625 -0.929967 0.000000 0.961443 52242
other-vehicle -1 -1 nan nan nan nan nan 1.594814 1.244249 2.613205 -9.536758 -2.420260 -1.078274 0.000000 0.827416 52244
car -1 -1 nan nan nan nan nan 1.460235 4.130371 1.876224 7.778600 11.739710 -1.223406 0.000000 0.939470 52246
car -1 -1 nan nan nan nan nan 1.476169 3.320766 1.567504 8.075995 -9.283747 -0.704870 0.000000 0.945771 52249
car -1 -1 nan nan nan nan nan 0.771048 0.490409 1.636261 -32.980309 -1.966396 -1.854492 0.000000 0.758153 52250
other-vehicle -1 -1 nan nan nan nan nan 1.076479 1.509550 2.322824 -5.739614 -2.374317 -1.324034 0.000000 0.824537 52251
car -1 -1 nan nan nan nan nan 0.231244 0.773087 1.467815 24.306204 -1.400349 -0.435051 0.000000 0.760561 52255
motorcycle -1 -1 nan nan nan nan nan 1.264818 1.893526 0.565698 -2.131584 -2.947049 -1.025153 0.000000 0.759729 52231
bicycle -1 -1 nan nan nan nan nan 0.630942 0.732592 0.339166 0.402783 8.371599 -1.216075 0.000000 0.786396 52243
motorcycle -1 -1 nan nan nan nan nan 0.984229 1.603416 0.534389 -3.272478 -2.395588 -1.250571 0.000000 0.798185 52254
person -1 -1 nan nan nan nan nan 0.486074 0.269678 0.350887 43.771936 -3.190170 0.102994 0.000000 0.721032 52247
