car -1 -1 nan nan nan nan nan 1.796002 1.982500 4.287452 -12.164306 -2.616544 -1.122773 0.000000 0.916842 51306
other-vehicle -1 -1 nan nan nan nan nan 1.026767 0.783923 2.175162 15.933081 -2.027814 -0.858259 0.000000 0.745760 51310
car -1 -1 nan nan nan nan nan 1.261839 3.436607 1.617783 29.900623 -3.164129 -0.474243 0.000000 0.922230 51313
car -1 -1 nan nan nan nan nan 0.494978 0.613708 0.591709 -37.954939 4.471132 -1.363167 0.000000 0.616781 51314
car -1 -1 nan nan nan nan nan 0.907310 1.794813 1.409649 -24.562899 -2.342590 -1.710692 0.000000 0.653494 51317
car -1 -1 nan nan nan nan nan 1.121179 2.800030 2.513393 -43.709551 -3.277874 -1.901160 0.000000 0.761351 51318
car -1 -1 nan nan nan nan nan 1.479059 2.130031 4.547266 -4.946283 -2.643793 -1.115461 0.000000 0.971664 51319
other-vehicle -1 -1 nan nan nan nan nan 1.683940 1.500884 2.399067 12.003164 -2.559311 -0.654360 0.000000 0.887762 51321
other-vehicle -1 -1 nan nan nan nan nan 0.424049 1.009881 0.325710 32.253115 -2.002759 -0.260355 0.000000 0.757707 51325
car -1 -1 nan nan nan nan nan 0.261446 0.493820 0.848667 -45.031424 1.402750 -2.599543 0.000000 0.644049 51330
car -1 -1 nan nan nan nan nan 1.098661 1.288679 1.889219 -26.933206 -2.455115 -1.590201 0.000000 0.824399 51337
bicycle -1 -1 nan nan nan nan nan 1.108194 0.795250 1.383891 -0.565065 16.315138 -0.788579 0.000000 0.724344 51316
motorcycle -1 -1 nan nan nan nan nan 0.253190 0.433954 0.249252 19.535381 -2.278770 -0.434354 0.000000 0.331134 51323
person -1 -1 nan nan nan nan nan 1.432019 0.614023 0.568453 -1.493886 23.503058 -0.556670 0.000000 0.360001 51309
