car -1 -1 nan nan nan nan nan 1.349742 4.481407 2.046116 13.137539 -3.561808 -0.889220 0.000000 0.939804 51866
car -1 -1 nan nan nan nan nan 0.352108 0.216325 0.698210 -16.569745 7.323788 -0.894245 0.000000 0.696023 51869
other-vehicle -1 -1 nan nan nan nan nan 1.686866 1.293082 2.862921 -4.274588 -2.540257 -1.013278 0.000000 0.813734 51871
other-vehicle -1 -1 nan nan nan nan nan 1.508411 1.329800 3.086235 -28.677773 -2.598906 -1.489190 0.000000 0.849861 51872
car -1 -1 nan nan nan nan nan 0.942090 4.226186 1.680774 12.586132 11.902786 -0.811287 0.000000 0.943933 51873
car -1 -1 nan nan nan nan nan 1.204512 3.796175 1.596415 13.253224 -16.271146 -0.566914 0.000000 0.923216 51875
car -1 -1 nan nan nan nan nan 1.363848 3.734310 1.803229 12.806594 4.555377 -0.983790 0.000000 0.961445 51877
car -1 -1 nan nan nan nan nan 1.370194 1.765455 4.054567 -21.730802 -2.717585 -1.474074 0.000000 0.938938 51878
car -1 -1 nan nan nan nan nan 1.384709 3.207211 1.528013 13.217782 -9.250204 -0.709170 0.000000 0.943862 51881
car -1 -1 nan nan nan nan nan 0.426906 1.026817 1.090371 -0.465836 -2.514973 -0.979963 0.000000 0.789501 51886
motorcycle -1 -1 nan nan nan nan nan 1.134244 1.827192 0.629046 2.773607 -2.920489 -1.104166 0.000000 0.925666 51879
bicycle -1 -1 nan nan nan nan nan 0.313918 0.529068 0.411173 24.990167 -4.772779 -0.305511 0.000000 0.874660 51880
motorcycle -1 -1 nan nan nan nan nan 0.843732 1.413393 0.644611 1.580234 -2.706911 -0.917559 0.000000 0.892461 51887
person -1 -1 nan nan nan nan nan 0.405935 0.298824 0.286461 -4.330270 13.168123 0.199246 0.000000 0.339912 51874
