car -1 -1 nan nan nan nan nan 0.997794 0.891283 1.164181 -39.897013 2.705514 -2.314225 0.000000 0.696789 54213
car -1 -1 nan nan nan nan nan 1.174944 1.477050 3.117643 24.909705 -3.250621 -0.420068 0.000000 0.917029 54216
car -1 -1 nan nan nan nan nan 1.443500 1.761448 3.700820 -5.917017 -3.042883 -1.285851 0.000000 0.900663 54217
car -1 -1 nan nan nan nan nan 1.498809 1.688931 3.760988 9.589128 -2.658406 -0.910268 0.000000 0.958302 54218
car -1 -1 nan nan nan nan nan 0.761982 0.776033 0.998793 30.410783 -6.064302 -0.224304 0.000000 0.815333 54222
car -1 -1 nan nan nan nan nan 0.887735 1.206910 3.047054 -41.311319 -3.232423 -2.291405 0.000000 0.844861 54223
car -1 -1 nan nan nan nan nan 1.372347 1.586822 4.188928 -0.940484 -2.793503 -0.907851 0.000000 0.949712 54224
car -1 -1 nan nan nan nan nan 1.131933 1.388995 3.752934 14.262148 -2.579506 -0.831211 0.000000 0.916778 54225
car -1 -1 nan nan nan nan nan 1.219025 1.508062 1.087772 33.413431 -3.512175 -0.065307 0.000000 0.710382 54227
car -1 -1 nan nan nan nan nan 1.089864 1.766879 3.407406 -33.728163 -3.298025 -2.249388 0.000000 0.818402 54228
car -1 -1 nan nan nan nan nan 0.349161 0.247014 1.381924 -48.378115 -5.782882 -2.362610 0.000000 0.783927 54231
bicycle -1 -1 nan nan nan nan nan 0.806296 0.629019 0.948630 2.131877 -18.555877 -0.454759 0.000000 0.840133 54215
bicyclist -1 -1 nan nan nan nan nan 0.653667 0.690721 0.817627 -36.202816 -5.918973 -1.264035 0.000000 0.837174 54220
person -1 -1 nan nan nan nan nan 1.174931 0.414085 0.488274 -38.247318 -5.639309 -2.280779 0.000000 0.899042 54230
