car -1 -1 nan nan nan nan nan 1.096892 1.745292 3.539922 -8.015149 -2.665368 -1.384713 0.000000 0.955221 55348
car -1 -1 nan nan nan nan nan 0.830354 0.922756 0.592355 -11.602247 -41.983885 -1.567278 0.000000 0.602506 55352
car -1 -1 nan nan nan nan nan 1.425527 1.453694 4.103474 17.738836 -2.764434 -1.066456 0.000000 0.956410 55353
car -1 -1 nan nan nan nan nan 0.313100 1.148388 0.832075 0.103489 -23.292606 -1.582731 0.000000 0.482682 55354
car -1 -1 nan nan nan nan nan 1.682415 1.835629 2.655865 -6.633930 24.326466 -0.214354 0.000000 0.828255 55356
car -1 -1 nan nan nan nan nan 1.224311 1.601666 1.831707 33.736597 3.098318 -0.876052 0.000000 0.847914 55357
car -1 -1 nan nan nan nan nan 0.457464 1.388004 2.047059 -6.509676 36.363882 -0.502095 0.000000 0.806128 55362
car -1 -1 nan nan nan nan nan 1.609257 1.646727 3.434964 11.463493 -2.942106 -1.021601 0.000000 0.936164 55363
car -1 -1 nan nan nan nan nan 0.579862 1.031759 0.976532 44.600109 3.390202 -0.437122 0.000000 0.623401 55364
car -1 -1 nan nan nan nan nan 1.429652 1.813421 3.602039 -12.743329 -2.889698 -1.335942 0.000000 0.932030 55366
car -1 -1 nan nan nan nan nan 1.490630 1.742223 3.658434 -23.512031 -3.247349 -1.349117 0.000000 0.940026 55367
car -1 -1 nan nan nan nan nan 1.342048 1.778593 3.442848 37.755394 -1.712110 -0.971530 0.000000 0.912577 55368
other-vehicle -1 -1 nan nan nan nan nan 0.505428 0.619125 1.529547 -3.909904 -41.613255 -1.872497 0.000000 0.607064 55371
car -1 -1 nan nan nan nan nan 1.290736 1.649682 3.513331 2.212427 -2.825067 -1.077472 0.000000 0.946962 55373
truck -1 -1 nan nan nan nan nan 0.306277 0.458505 0.256676 -48.158520 -7.388656 1.650370 0.000000 0.415439 55374
car -1 -1 nan nan nan nan nan 0.326112 0.284930 2.274616 42.432081 -0.878292 -0.545658 0.000000 0.788306 55376
other-vehicle -1 -1 nan nan nan nan nan 0.565024 0.217778 0.678720 -29.588269 -3.113072 -1.072919 0.000000 0.845608 55378
bicycle -1 -1 nan nan nan nan nan 0.437232 0.356560 0.246229 -1.798678 -39.777332 -2.743789 0.000000 0.839205 55359
person -1 -1 nan nan nan nan nan 0.342708 0.561056 0.291334 7.565997 -8.244604 -0.455509 0.000000 0.867367 55358
person -1 -1 nan nan nan nan nan 0.812547 0.423857 0.399525 -44.099619 -7.725869 0.203495 0.000000 0.836015 55365
