car -1 -1 nan nan nan nan nan 1.381998 1.445588 3.323718 -10.504215 -2.935057 -1.285396 0.000000 0.926650 54332
car -1 -1 nan nan nan nan nan 1.076025 0.347960 3.472248 35.904627 -3.168556 -0.617181 0.000000 0.906938 54333
car -1 -1 nan nan nan nan nan 0.744184 0.375275 3.021523 -45.966026 -2.670446 -2.037918 0.000000 0.826269 54334
car -1 -1 nan nan nan nan nan 0.587699 1.367441 0.836162 -16.209904 -30.781442 -1.045174 0.000000 0.691660 54335
car -1 -1 nan nan nan nan nan 1.144989 1.777772 3.477629 9.684314 -2.772548 -1.059864 0.000000 0.935570 54336
car -1 -1 nan nan nan nan nan 0.803035 0.530936 0.859415 25.657424 -5.989650 -0.565075 0.000000 0.806595 54337
car -1 -1 nan nan nan nan nan 1.279541 1.834600 2.877926 -37.745100 -3.304161 -2.013362 0.000000 0.958571 54338
car -1 -1 nan nan nan nan nan 1.379364 1.573773 3.216438 20.277412 -3.327513 -0.765627 0.000000 0.927471 54339
car -1 -1 nan nan nan nan nan 1.405653 1.187859 3.172615 29.867352 -3.459520 -0.538428 0.000000 0.847531 54341
car -1 -1 nan nan nan nan nan 1.456329 1.746656 3.830054 5.091672 -2.730932 -1.029943 0.000000 0.948196 54342
car -1 -1 nan nan nan nan nan 1.667616 1.854845 4.145840 -5.400923 -2.835847 -1.114802 0.000000 0.910888 54343
person -1 -1 nan nan nan nan nan 1.279226 0.562750 0.635517 -42.794374 -5.634907 -1.901576 0.000000 0.882429 54344
