car -1 -1 nan nan nan nan nan 1.574795 1.725566 4.387578 -3.398057 -2.793711 -1.057239 0.000000 0.941911 54268
car -1 -1 nan nan nan nan nan 0.348017 0.668092 0.418869 -49.490768 -2.665781 -3.098882 0.000000 0.477266 54269
car -1 -1 nan nan nan nan nan 1.300344 1.537791 3.270323 22.524774 -3.273564 -0.477863 0.000000 0.895953 54272
car -1 -1 nan nan nan nan nan 1.210134 1.871214 2.381908 -35.833635 -3.329044 -2.275833 0.000000 0.919211 54273
car -1 -1 nan nan nan nan nan 1.527416 1.653614 3.801325 7.298236 -2.655324 -0.972077 0.000000 0.934186 54275
car -1 -1 nan nan nan nan nan 1.331980 1.293866 0.991768 30.942444 -3.433629 -0.140001 0.000000 0.727412 54277
car -1 -1 nan nan nan nan nan 1.453445 1.553343 3.221424 -8.283228 -2.956979 -1.336860 0.000000 0.895863 54279
car -1 -1 nan nan nan nan nan 1.167071 1.391737 3.524528 11.947072 -2.572509 -0.927468 0.000000 0.925785 54280
other-vehicle -1 -1 nan nan nan nan nan 0.522080 0.373958 0.289606 28.010306 -5.989323 -0.279078 0.000000 0.729750 54281
motorcycle -1 -1 nan nan nan nan nan 1.097034 0.315964 1.826401 37.323795 -3.091692 -0.219573 0.000000 0.722496 54270
motorcycle -1 -1 nan nan nan nan nan 0.953207 0.241134 1.709084 -42.844673 -2.814227 -2.511341 0.000000 0.857687 54276
bicyclist -1 -1 nan nan nan nan nan 0.252857 0.307939 0.220554 -38.673101 -5.806139 -1.204649 0.000000 0.752606 54282
person -1 -1 nan nan nan nan nan 0.521089 0.485991 0.556220 -0.384743 -14.130301 -0.344512 0.000000 0.876154 54274
person -1 -1 nan nan nan nan nan 1.186764 0.573920 0.856380 -40.775381 -5.622384 -2.252928 0.000000 0.882364 54283
