car -1 -1 nan nan nan nan nan 1.427621 1.840593 4.069458 -5.408102 -3.036053 -1.202248 0.000000 0.956137 54888
car -1 -1 nan nan nan nan nan 1.122717 1.519688 2.188580 -48.953337 -5.870422 -1.679017 0.000000 0.804907 54890
car -1 -1 nan nan nan nan nan 0.710066 0.638057 0.252098 -25.290617 -14.325371 -0.389517 0.000000 0.808126 54893
car -1 -1 nan nan nan nan nan 1.414945 1.229739 3.929127 24.907377 -2.056700 -1.016641 0.000000 0.949135 54894
truck -1 -1 nan nan nan nan nan 1.171309 4.083462 0.415073 -42.116606 -23.398989 1.268173 0.000000 0.778160 54895
car -1 -1 nan nan nan nan nan 1.386934 1.768615 3.383167 9.282602 -2.748826 -1.071900 0.000000 0.940382 54896
car -1 -1 nan nan nan nan nan 1.731555 1.950976 4.068761 -16.404171 -3.732530 -1.233896 0.000000 0.928167 54898
car -1 -1 nan nan nan nan nan 1.031996 0.384213 0.917439 41.580034 5.963078 -0.374019 0.000000 0.741181 54899
car -1 -1 nan nan nan nan nan 1.495881 1.639036 3.218435 18.779935 -2.620671 -0.917196 0.000000 0.948645 54900
car -1 -1 nan nan nan nan nan 0.965646 1.414167 3.615086 -1.129859 -2.707280 -1.132955 0.000000 0.915923 54902
truck -1 -1 nan nan nan nan nan 0.502987 0.699347 1.555054 -15.333866 -6.955862 -0.077222 0.000000 0.754295 54903
car -1 -1 nan nan nan nan nan 1.346981 1.637838 1.840317 44.140644 -0.798909 -0.813513 0.000000 0.939042 54905
car -1 -1 nan nan nan nan nan 1.259995 1.571825 1.751339 40.812521 3.957546 -0.750973 0.000000 0.779640 54906
motorcycle -1 -1 nan nan nan nan nan 1.280824 0.612436 1.930452 -21.890592 -3.656279 -1.298860 0.000000 0.743909 54901
person -1 -1 nan nan nan nan nan 1.324075 0.577906 0.599280 7.787113 23.554219 -0.382655 0.000000 0.930970 54891
person -1 -1 nan nan nan nan nan 1.162106 0.447560 0.292629 -36.718042 -8.574373 0.480831 0.000000 0.843113 54897
