car -1 -1 nan nan nan nan nan 1.639059 1.823819 4.132249 -13.580823 -3.041208 -1.273015 0.000000 0.942302 54648
other-vehicle -1 -1 nan nan nan nan nan 1.118054 1.725035 0.231003 -40.238556 -22.065269 0.907386 0.000000 0.885943 54650
car -1 -1 nan nan nan nan nan 0.751080 1.765071 1.814255 -45.766975 -3.681862 -2.246160 0.000000 0.830559 54652
car -1 -1 nan nan nan nan nan 0.902178 1.623809 3.622256 1.670319 -2.765497 -1.073587 0.000000 0.916461 54653
car -1 -1 nan nan nan nan nan 1.287012 0.563684 3.828880 27.634235 -3.145025 -0.817381 0.000000 0.911050 54655
car -1 -1 nan nan nan nan nan 0.807034 1.565655 0.930176 43.426758 2.044164 -0.538580 0.000000 0.746724 54656
car -1 -1 nan nan nan nan nan 1.383024 1.676325 3.453365 12.147418 -3.286422 -0.961322 0.000000 0.945458 54657
car -1 -1 nan nan nan nan nan 1.410026 0.708527 2.539141 -19.075557 -2.787656 -1.477818 0.000000 0.877733 54658
car -1 -1 nan nan nan nan nan 1.551038 1.455713 3.334330 21.529794 -3.480119 -0.734362 0.000000 0.895441 54659
car -1 -1 nan nan nan nan nan 1.328944 1.721348 3.988409 -2.852041 -2.841671 -1.169453 0.000000 0.973965 54660
car -1 -1 nan nan nan nan nan 0.203925 0.441492 0.362347 -15.639770 -7.685259 -0.146303 0.000000 0.477463 54661
car -1 -1 nan nan nan nan nan 1.087065 0.956876 1.275457 -12.468193 -6.261050 -0.358411 0.000000 0.394466 54662
car -1 -1 nan nan nan nan nan 1.155002 1.555628 1.294781 46.678907 -2.994143 -0.443425 0.000000 0.841793 54663
person -1 -1 nan nan nan nan nan 0.388054 0.390342 0.273659 -34.125984 -6.970641 0.121649 0.000000 0.834325 54654
