car -1 -1 nan nan nan nan nan 1.592863 1.678413 3.823009 12.699776 -2.855389 -0.846361 0.000000 0.923284 53898
truck -1 -1 nan nan nan nan nan 0.218400 0.478462 0.905010 -46.537130 2.981352 0.163634 0.000000 0.204090 53899
car -1 -1 nan nan nan nan nan 1.382877 1.910610 4.350792 -19.642311 -2.408423 -1.623220 0.000000 0.927985 53901
other-vehicle -1 -1 nan nan nan nan nan 0.971871 1.133572 2.906590 -34.795729 -1.927514 -1.620591 0.000000 0.836273 53904
car -1 -1 nan nan nan nan nan 1.123990 1.389872 3.595394 -27.380621 -2.131140 -1.705520 0.000000 0.894286 53907
other-vehicle -1 -1 nan nan nan nan nan 0.266894 0.647349 0.652081 -41.268785 6.672870 -0.059647 0.000000 0.470913 53908
car -1 -1 nan nan nan nan nan 0.740893 1.200190 1.994976 -41.112658 -1.984384 -1.413369 0.000000 0.838517 53909
car -1 -1 nan nan nan nan nan 1.211654 1.520487 3.122181 23.547882 -3.039443 -0.877211 0.000000 0.862171 53911
car -1 -1 nan nan nan nan nan 1.508199 1.841256 3.277442 7.917598 -3.018625 -1.079770 0.000000 0.909518 53913
car -1 -1 nan nan nan nan nan 0.830647 1.467547 1.684983 13.843151 -5.956878 0.139276 0.000000 0.817937 53915
car -1 -1 nan nan nan nan nan 0.957801 0.742764 1.711473 27.977309 -2.834544 -0.882214 0.000000 0.900193 53920
