car -1 -1 nan nan nan nan nan 1.404847 1.681353 3.661455 -4.883111 -2.931233 -1.154493 0.000000 0.945939 55606
car -1 -1 nan nan nan nan nan 1.266984 1.647873 3.568928 26.990326 2.434808 -0.796374 0.000000 0.939153 55610
car -1 -1 nan nan nan nan nan 1.432990 1.611691 3.707100 -30.564484 -2.779972 -1.335853 0.000000 0.932068 55611
car -1 -1 nan nan nan nan nan 1.452851 1.755217 4.298450 10.333026 -3.203697 -1.040896 0.000000 0.916442 55612
car -1 -1 nan nan nan nan nan 1.128662 1.688452 3.640279 -15.338209 -2.523192 -1.469241 0.000000 0.942732 55613
car -1 -1 nan nan nan nan nan 1.657563 1.640424 3.481802 4.209395 -3.056458 -0.980684 0.000000 0.946114 55615
car -1 -1 nan nan nan nan nan 1.264089 1.724850 3.830393 30.268916 -2.367289 -0.832173 0.000000 0.901332 55617
car -1 -1 nan nan nan nan nan 1.354968 1.589184 3.189035 -20.361569 -2.602590 -1.406912 0.000000 0.906496 55618
car -1 -1 nan nan nan nan nan 1.384027 1.114900 1.023838 37.331575 2.567237 -0.779897 0.000000 0.718957 55622
car -1 -1 nan nan nan nan nan 1.233976 0.550952 1.544205 34.064117 -1.713333 -0.897100 0.000000 0.881627 55623
bicyclist -1 -1 nan nan nan nan nan 0.713981 0.564944 0.737766 39.328581 -1.355356 -0.970079 0.000000 0.708454 55621
