car -1 -1 nan nan nan nan nan 1.317091 1.486597 1.201342 -4.251230 24.258279 -0.801065 0.000000 0.675804 55246
car -1 -1 nan nan nan nan nan 0.879004 0.531901 0.800133 48.662216 -0.148972 -0.620517 0.000000 0.675927 55248
car -1 -1 nan nan nan nan nan 1.622701 1.654860 3.306048 13.338092 -2.874255 -1.013087 0.000000 0.936342 55250
car -1 -1 nan nan nan nan nan 1.361494 1.855155 3.765748 -10.867118 -2.940494 -1.221553 0.000000 0.933567 55251
car -1 -1 nan nan nan nan nan 1.074687 0.295182 0.930676 -27.740364 -3.258380 -1.230331 0.000000 0.470592 55252
car -1 -1 nan nan nan nan nan 0.604826 1.990421 0.225622 -0.594345 36.719164 -1.099577 0.000000 0.417854 55253
car -1 -1 nan nan nan nan nan 1.281015 1.534742 2.683533 36.022800 3.341923 -0.941333 0.000000 0.846760 55254
car -1 -1 nan nan nan nan nan 1.342782 1.439873 4.120386 19.530368 -2.505703 -1.074898 0.000000 0.952557 55258
car -1 -1 nan nan nan nan nan 1.611767 1.810281 4.024374 -21.802909 -3.413384 -1.209059 0.000000 0.962205 55259
car -1 -1 nan nan nan nan nan 1.629846 0.920319 1.109802 -37.297371 -7.076745 -0.675907 0.000000 0.674629 55260
car -1 -1 nan nan nan nan nan 1.142872 1.747115 3.947561 -6.338910 -2.716288 -1.319019 0.000000 0.909199 55261
car -1 -1 nan nan nan nan nan 1.387191 1.971730 3.458158 3.952254 -2.931250 -1.094508 0.000000 0.945469 55264
car -1 -1 nan nan nan nan nan 1.404938 1.772680 2.811367 39.303152 -1.416244 -1.031588 0.000000 0.913002 55266
motorcycle -1 -1 nan nan nan nan nan 0.643258 0.706272 0.913048 -1.582623 -32.952158 -1.782960 0.000000 0.896486 55271
person -1 -1 nan nan nan nan nan 0.998016 0.359173 0.410816 -42.169592 -7.985554 0.355857 0.000000 0.800605 55249
