car -1 -1 nan nan nan nan nan 1.183802 1.699274 3.707343 -7.635647 -2.678104 -1.369949 0.000000 0.928837 55324
car -1 -1 nan nan nan nan nan 0.536010 0.440914 0.626221 47.042423 -0.278445 -1.043021 0.000000 0.615312 55325
car -1 -1 nan nan nan nan nan 0.209835 1.473217 0.536100 -1.749588 43.691484 0.303510 0.000000 0.706841 55327
car -1 -1 nan nan nan nan nan 1.360068 1.411751 4.111256 18.247631 -2.669590 -1.040140 0.000000 0.951983 55329
car -1 -1 nan nan nan nan nan 1.624146 1.766481 2.153513 -5.948815 24.332461 -0.314473 0.000000 0.904896 55330
car -1 -1 nan nan nan nan nan 1.095465 0.364933 1.903666 -28.773526 -3.076483 -1.468150 0.000000 0.650899 55331
car -1 -1 nan nan nan nan nan 1.257003 1.636731 0.943520 33.884769 3.164949 -0.898067 0.000000 0.669218 55332
car -1 -1 nan nan nan nan nan 1.410342 1.665899 3.521074 2.718282 -2.788539 -1.141395 0.000000 0.896597 55335
car -1 -1 nan nan nan nan nan 1.622087 1.653176 3.285419 11.955241 -2.946365 -0.978161 0.000000 0.901377 55338
car -1 -1 nan nan nan nan nan 1.543079 1.884471 3.779673 -23.091962 -3.337451 -1.332829 0.000000 0.929357 55340
car -1 -1 nan nan nan nan nan 1.392359 1.855502 3.561027 -12.296710 -2.907290 -1.319051 0.000000 0.929761 55341
car -1 -1 nan nan nan nan nan 1.151022 1.796661 3.274399 38.055195 -1.622191 -0.884595 0.000000 0.868864 55342
person -1 -1 nan nan nan nan nan 0.764834 0.356458 0.262981 -43.534746 -7.816449 -0.022502 0.000000 0.809190 55328
