car -1 -1 nan nan nan nan nan 1.167842 1.712656 3.757092 -13.336338 -2.575419 -1.393346 0.000000 0.934735 55552
car -1 -1 nan nan nan nan nan 1.433059 1.616498 4.396227 12.345439 -3.085558 -1.053276 0.000000 0.949153 55554
car -1 -1 nan nan nan nan nan 1.221986 1.663540 3.078316 29.104816 2.598282 -0.800062 0.000000 0.902085 55557
car -1 -1 nan nan nan nan nan 0.912001 0.348908 1.374310 36.261263 -1.412119 -0.764992 0.000000 0.834423 55560
car -1 -1 nan nan nan nan nan 1.644249 1.801468 3.389908 6.257118 -3.140959 -0.976531 0.000000 0.941512 55561
car -1 -1 nan nan nan nan nan 1.220989 0.950751 1.657162 39.745337 2.759760 -0.714527 0.000000 0.714334 55562
car -1 -1 nan nan nan nan nan 1.310636 1.662568 3.261166 -18.190920 -2.628776 -1.377431 0.000000 0.927701 55563
car -1 -1 nan nan nan nan nan 1.505741 1.575875 3.594971 -28.760387 -2.881063 -1.318816 0.000000 0.950617 55564
car -1 -1 nan nan nan nan nan 1.347007 1.705534 3.646400 32.446804 -2.197400 -0.902478 0.000000 0.936034 55565
car -1 -1 nan nan nan nan nan 1.450289 1.773825 3.783694 -2.901847 -2.911733 -1.150777 0.000000 0.932830 55566
car -1 -1 nan nan nan nan nan 0.450000 0.506864 0.377300 41.215643 -1.207177 -0.883998 0.000000 0.672807 55568
person -1 -1 nan nan nan nan nan 1.259006 0.625046 0.589789 1.366144 -7.771084 -0.679170 0.000000 0.885916 55558
