car -1 -1 nan nan nan nan nan 1.141200 1.716486 3.568784 -12.615153 -2.576418 -1.438751 0.000000 0.934590 55534
car -1 -1 nan nan nan nan nan 1.398232 1.677386 4.257192 13.076334 -3.038909 -1.006225 0.000000 0.958296 55537
car -1 -1 nan nan nan nan nan 1.258206 1.747426 3.015287 29.812713 2.590168 -0.828592 0.000000 0.933138 55540
car -1 -1 nan nan nan nan nan 1.439535 1.691533 3.947745 -2.320398 -2.873721 -1.173018 0.000000 0.971024 55541
car -1 -1 nan nan nan nan nan 1.655173 1.826308 3.394506 6.919530 -3.115141 -0.978308 0.000000 0.935553 55542
car -1 -1 nan nan nan nan nan 1.375119 1.757435 3.462454 33.052079 -2.199298 -0.925163 0.000000 0.921809 55544
car -1 -1 nan nan nan nan nan 1.664157 1.551289 3.315168 -28.132691 -2.907195 -1.393790 0.000000 0.960203 55545
car -1 -1 nan nan nan nan nan 1.354169 1.637555 3.350367 -17.447211 -2.683725 -1.374886 0.000000 0.919307 55546
car -1 -1 nan nan nan nan nan 0.519891 0.891731 1.426178 40.423389 2.777141 -0.370474 0.000000 0.630975 55548
car -1 -1 nan nan nan nan nan 1.118017 0.403875 3.274082 37.892111 -1.337581 -0.877765 0.000000 0.875393 55549
bicyclist -1 -1 nan nan nan nan nan 0.220002 0.509841 0.276958 41.880880 -1.160640 -0.780790 0.000000 0.692981 55535
bicycle -1 -1 nan nan nan nan nan 0.203037 0.211956 0.258594 3.366593 -5.592894 -1.339521 0.000000 0.153965 55550
person -1 -1 nan nan nan nan nan 1.529994 0.629750 0.640871 2.071908 -7.881938 -0.569180 0.000000 0.947833 55543
