car -1 -1 nan nan nan nan nan 1.659030 1.751677 3.466404 5.569353 -3.130300 -0.973877 0.000000 0.938284 55572
car -1 -1 nan nan nan nan nan 1.539085 1.657649 3.727579 -29.317395 -2.895026 -1.350530 0.000000 0.967425 55574
car -1 -1 nan nan nan nan nan 1.329989 1.672564 3.005257 28.474604 2.528838 -0.846035 0.000000 0.923023 55575
car -1 -1 nan nan nan nan nan 1.137673 1.617103 3.476960 -13.937032 -2.555574 -1.448323 0.000000 0.921751 55576
car -1 -1 nan nan nan nan nan 1.088996 0.395900 3.147682 36.483997 -1.471615 -0.843513 0.000000 0.757407 55577
car -1 -1 nan nan nan nan nan 1.426381 1.772514 3.654751 -3.453826 -2.956688 -1.169103 0.000000 0.929208 55578
car -1 -1 nan nan nan nan nan 1.444047 1.720597 4.201961 11.778698 -3.097724 -1.037782 0.000000 0.941940 55580
car -1 -1 nan nan nan nan nan 1.318001 1.703558 3.564674 31.750542 -2.272406 -0.876003 0.000000 0.897948 55581
car -1 -1 nan nan nan nan nan 1.397705 1.638513 3.166103 -18.838675 -2.618399 -1.378495 0.000000 0.945942 55583
car -1 -1 nan nan nan nan nan 0.447002 0.455881 0.322868 40.521626 -1.215681 -0.864515 0.000000 0.791224 55585
car -1 -1 nan nan nan nan nan 1.199997 0.991749 0.941822 38.696070 2.681300 -0.698995 0.000000 0.680686 55586
person -1 -1 nan nan nan nan nan 0.587018 0.425020 0.246912 0.524149 -7.863491 -0.432119 0.000000 0.863560 55579
