car -1 -1 nan nan nan nan nan 1.637765 1.653255 3.413235 9.930038 -2.985806 -0.987919 0.000000 0.952350 55428
car -1 -1 nan nan nan nan nan 1.558309 1.904236 3.891425 -8.721641 24.448378 -0.497622 0.000000 0.961379 55432
car -1 -1 nan nan nan nan nan 1.357159 1.825274 3.413972 -14.400920 -2.823612 -1.334511 0.000000 0.928090 55433
car -1 -1 nan nan nan nan nan 1.170058 1.829842 2.595015 32.566026 3.004737 -0.825676 0.000000 0.917177 55435
car -1 -1 nan nan nan nan nan 1.054759 1.697588 3.556808 0.733211 -2.855785 -0.883845 0.000000 0.963623 55436
car -1 -1 nan nan nan nan nan 1.433712 1.564048 3.915089 15.960531 -2.854999 -1.024668 0.000000 0.948939 55439
car -1 -1 nan nan nan nan nan 1.515520 1.806362 3.428080 -25.150723 -3.222048 -1.382544 0.000000 0.965105 55441
car -1 -1 nan nan nan nan nan 1.148712 1.761294 3.643461 -9.675859 -2.668266 -1.393097 0.000000 0.946545 55442
car -1 -1 nan nan nan nan nan 0.778068 0.980901 0.380848 42.751680 3.145170 -0.522681 0.000000 0.582116 55443
car -1 -1 nan nan nan nan nan 1.275974 1.783837 3.527405 36.177643 -1.863821 -0.919185 0.000000 0.884525 55444
person -1 -1 nan nan nan nan nan 0.689959 0.357515 0.303383 -37.507950 2.124054 -1.333504 0.000000 0.816474 55437
