car -1 -1 nan nan nan nan nan 1.472065 1.763283 3.526296 -2.521892 -2.964847 -1.165636 0.000000 0.949591 54136
car -1 -1 nan nan nan nan nan 1.196102 1.801771 3.908949 -30.471986 -3.138204 -1.783299 0.000000 0.943481 54141
car -1 -1 nan nan nan nan nan 1.451997 1.705181 3.943292 12.970649 -2.713027 -1.005662 0.000000 0.938963 54142
car -1 -1 nan nan nan nan nan 0.839381 0.879411 1.000904 -36.282141 2.928868 -1.598475 0.000000 0.611328 54143
car -1 -1 nan nan nan nan nan 1.116010 1.217415 0.887211 36.727076 -3.482578 -0.408808 0.000000 0.813239 54144
car -1 -1 nan nan nan nan nan 1.054209 1.446129 4.045204 -37.419941 -3.121520 -1.815108 0.000000 0.897553 54145
car -1 -1 nan nan nan nan nan 1.667451 1.794312 4.049685 2.219215 -2.701835 -0.975469 0.000000 0.951737 54147
car -1 -1 nan nan nan nan nan 1.094011 1.150312 3.620903 17.593824 -2.437639 -1.038756 0.000000 0.897173 54148
car -1 -1 nan nan nan nan nan 0.306837 0.280903 0.360317 -44.864470 -2.650530 -2.221751 0.000000 0.517852 54150
car -1 -1 nan nan nan nan nan 1.115018 1.489443 3.227608 28.300262 -3.317458 -0.746294 0.000000 0.898210 54154
person -1 -1 nan nan nan nan nan 0.621652 0.673808 0.461899 -32.519543 -5.814279 -0.983325 0.000000 0.889570 54149
