car -1 -1 nan nan nan nan nan 1.651441 1.839998 3.448342 7.526434 -3.130835 -0.973175 0.000000 0.898187 55516
car -1 -1 nan nan nan nan nan 1.221158 1.753900 3.457129 -11.948716 -2.578234 -1.424373 0.000000 0.942111 55519
car -1 -1 nan nan nan nan nan 1.264974 1.628475 3.060036 30.457121 2.707623 -0.840659 0.000000 0.890719 55520
car -1 -1 nan nan nan nan nan 1.350511 1.688566 3.682436 -1.578062 -2.887902 -1.094662 0.000000 0.978413 55522
car -1 -1 nan nan nan nan nan 1.128997 0.368882 2.647709 38.269144 -1.254112 -0.903421 0.000000 0.697681 55523
car -1 -1 nan nan nan nan nan 1.470255 1.651249 4.254725 13.655734 -2.965754 -1.053244 0.000000 0.951075 55525
car -1 -1 nan nan nan nan nan 1.478996 1.635427 3.351988 -27.549792 -3.003736 -1.422641 0.000000 0.908265 55526
car -1 -1 nan nan nan nan nan 0.402007 0.586368 0.589752 -30.595148 -7.490452 -0.028930 0.000000 0.565060 55527
car -1 -1 nan nan nan nan nan 1.205901 1.726440 3.491566 33.789713 -2.110831 -0.849812 0.000000 0.898623 55528
car -1 -1 nan nan nan nan nan 1.261978 0.933714 0.732174 40.573233 2.841133 -0.746125 0.000000 0.733689 55529
car -1 -1 nan nan nan nan nan 1.400980 1.601683 3.253250 -16.842833 -2.692091 -1.367709 0.000000 0.943819 55530
person -1 -1 nan nan nan nan nan 1.520144 1.004844 0.485835 2.627787 -7.754799 -0.561823 0.000000 0.944542 55524
