car -1 -1 nan nan nan nan nan 1.441724 1.854992 4.827229 -12.353184 2.558028 -1.225038 0.000000 0.933745 57715
car -1 -1 nan nan nan nan nan 0.533334 0.679981 0.940582 7.159428 -47.469023 0.077854 0.000000 0.650543 57717
other-vehicle -1 -1 nan nan nan nan nan 2.046424 2.181538 2.069763 8.850146 37.725267 -0.701961 0.000000 0.804707 57718
truck -1 -1 nan nan nan nan nan 1.071089 3.300519 0.260334 -43.305532 11.975971 1.191790 0.000000 0.867150 57723
car -1 -1 nan nan nan nan nan 1.269721 1.844248 3.404234 -23.555150 2.663415 -1.358972 0.000000 0.927053 57727
car -1 -1 nan nan nan nan nan 0.536953 1.140351 1.315220 -39.477575 -2.263115 -2.034980 0.000000 0.735545 57732
car -1 -1 nan nan nan nan nan 1.308886 0.476080 2.346879 -16.564046 -1.664997 -1.294434 0.000000 0.827514 57736
car -1 -1 nan nan nan nan nan 1.605926 1.762396 3.988146 12.775515 2.432582 -0.847129 0.000000 0.951654 57737
car -1 -1 nan nan nan nan nan 1.236758 1.718321 4.474161 -3.024129 2.521469 -1.032938 0.000000 0.974665 57738
car -1 -1 nan nan nan nan nan 1.702556 1.718984 4.193631 -10.238681 -2.089243 -1.088076 0.000000 0.958358 57739
car -1 -1 nan nan nan nan nan 1.479071 1.293051 3.726042 -20.627002 -2.128714 -1.264569 0.000000 0.912542 57741
car -1 -1 nan nan nan nan nan 0.327219 0.900986 1.399824 6.455006 -44.318413 -0.591347 0.000000 0.492049 57742
car -1 -1 nan nan nan nan nan 1.345556 1.837544 4.430848 -4.577317 -2.777233 -1.079070 0.000000 0.950558 57745
other-vehicle -1 -1 nan nan nan nan nan 2.069006 0.720112 3.653358 29.247971 -1.044156 0.006518 0.000000 0.496471 57747
car -1 -1 nan nan nan nan nan 2.130010 1.941296 1.107676 21.572442 -1.721772 -0.368995 0.000000 0.733976 57748
car -1 -1 nan nan nan nan nan 1.545102 2.597900 4.205425 2.045006 19.523270 -1.091560 0.000000 0.896714 57750
bicycle -1 -1 nan nan nan nan nan 0.327990 0.584061 0.479097 10.647425 -28.601572 -0.603799 0.000000 0.756405 57722
motorcycle -1 -1 nan nan nan nan nan 1.060916 0.857688 2.388152 1.239759 2.824726 -1.007921 0.000000 0.876345 57724
motorcycle -1 -1 nan nan nan nan nan 1.068061 0.604258 1.686722 8.847344 -9.310266 -0.752430 0.000000 0.394262 57729
bicycle -1 -1 nan nan nan nan nan 0.648187 0.756004 0.776580 9.423500 24.686209 -1.446328 0.000000 0.920309 57731
person -1 -1 nan nan nan nan nan 1.278997 0.320090 0.664707 16.751471 -2.364454 -0.788515 0.000000 0.684042 57720
person -1 -1 nan nan nan nan nan 0.618092 0.416065 0.326715 -18.723248 -7.170341 -0.391917 0.000000 0.491645 57728
person -1 -1 nan nan nan nan nan 1.409010 0.390134 0.745088 10.190328 -2.240634 -0.906562 0.000000 0.745623 57734
person -1 -1 nan nan nan nan nan 1.502012 0.629196 0.555123 7.329740 -3.217628 -0.900223 0.000000 0.956391 57743
person -1 -1 nan nan nan nan nan 1.656019 0.717177 0.602561 9.398686 -3.106406 -0.760144 0.000000 0.917799 57751
