car -1 -1 nan nan nan nan nan 1.466533 1.851149 4.421063 -3.369426 -2.771982 -1.127545 0.000000 0.940836 57609
car -1 -1 nan nan nan nan nan 0.833694 0.802856 1.371536 8.852183 -47.486416 -0.043060 0.000000 0.718605 57611
car -1 -1 nan nan nan nan nan 1.133961 1.537880 2.030393 10.317112 37.559692 -0.229376 0.000000 0.681090 57612
car -1 -1 nan nan nan nan nan 2.128987 1.923867 3.024527 23.728599 -1.646529 -0.339363 0.000000 0.842399 57614
car -1 -1 nan nan nan nan nan 0.351280 0.336138 1.257112 3.503188 18.403041 -1.464383 0.000000 0.473574 57615
other-vehicle -1 -1 nan nan nan nan nan 0.625805 0.814617 0.325321 -23.464802 10.629956 -0.299089 0.000000 0.696815 57616
car -1 -1 nan nan nan nan nan 1.107983 1.166732 2.005894 -38.270430 -2.430198 -1.618001 0.000000 0.809580 57619
car -1 -1 nan nan nan nan nan 1.603032 1.707154 3.607481 13.854117 2.437747 -0.785508 0.000000 0.924352 57622
car -1 -1 nan nan nan nan nan 1.511510 1.829870 4.365458 -10.774946 2.531911 -1.214339 0.000000 0.924487 57623
car -1 -1 nan nan nan nan nan 1.355663 1.880519 3.809570 -22.441151 2.593273 -1.462447 0.000000 0.956767 57625
car -1 -1 nan nan nan nan nan 1.340227 0.445396 2.431731 -15.104929 -1.692936 -1.318909 0.000000 0.882820 57629
car -1 -1 nan nan nan nan nan 1.637872 1.712202 4.172994 -8.928087 -2.101061 -1.054812 0.000000 0.947278 57632
car -1 -1 nan nan nan nan nan 1.183033 1.749233 4.399542 -1.739391 2.519558 -0.924588 0.000000 0.951093 57633
car -1 -1 nan nan nan nan nan 1.467481 1.290000 3.809891 -19.250307 -2.230749 -1.305483 0.000000 0.917949 57634
car -1 -1 nan nan nan nan nan 0.703991 0.318828 0.644755 11.504970 -2.189401 -1.171825 0.000000 0.407585 57636
car -1 -1 nan nan nan nan nan 0.528013 0.423255 0.741809 -15.855065 -6.805010 -0.934121 0.000000 0.279696 57639
car -1 -1 nan nan nan nan nan 0.883021 0.268850 1.249146 13.216923 -2.176354 -1.135326 0.000000 0.403391 57641
other-vehicle -1 -1 nan nan nan nan nan 1.964019 0.483696 0.653456 29.037759 -0.826487 -0.107962 0.000000 0.323873 57642
car -1 -1 nan nan nan nan nan 1.342006 0.226394 1.224953 -45.074421 -1.902123 -1.667793 0.000000 0.678193 57644
car -1 -1 nan nan nan nan nan 1.504235 1.699406 2.093001 3.502709 19.939320 -1.065212 0.000000 0.889233 57645
car -1 -1 nan nan nan nan nan 0.313996 0.213974 0.265220 7.741116 -44.703205 -0.574888 0.000000 0.494368 57646
bicycle -1 -1 nan nan nan nan nan 1.049983 1.178917 1.728715 10.236949 -9.078744 -0.688146 0.000000 0.770033 57620
motorcycle -1 -1 nan nan nan nan nan 1.293034 0.940277 2.375798 2.473248 2.873383 -1.117265 0.000000 0.921800 57624
person -1 -1 nan nan nan nan nan 0.439052 0.280968 0.258875 -17.331784 -7.214601 -0.409427 0.000000 0.165299 57621
person -1 -1 nan nan nan nan nan 1.475990 0.549751 0.670406 8.156285 -3.183634 -0.875589 0.000000 0.932728 57628
person -1 -1 nan nan nan nan nan 1.665018 0.732680 0.470947 10.265894 -3.004054 -0.711200 0.000000 0.939964 57638
