car -1 -1 nan nan nan nan nan 1.115788 1.128241 4.211436 0.703719 2.564518 -0.774820 0.000000 0.923733 56910
car -1 -1 nan nan nan nan nan 1.299955 1.729471 3.548592 -27.524149 -3.671448 -1.701875 0.000000 0.881393 56914
car -1 -1 nan nan nan nan nan 0.815882 1.853349 2.115608 -4.260457 -9.402849 -0.887942 0.000000 0.652566 56915
car -1 -1 nan nan nan nan nan 1.348780 1.887174 4.243525 -10.868883 1.994206 -1.220356 0.000000 0.942482 56916
car -1 -1 nan nan nan nan nan 1.302902 0.681636 2.794567 -33.943800 -2.946784 -1.777889 0.000000 0.823502 56920
car -1 -1 nan nan nan nan nan 1.477997 1.639473 1.562347 24.610275 2.682421 -0.453016 0.000000 0.850068 56921
car -1 -1 nan nan nan nan nan 1.417793 1.671681 4.435933 -2.926505 -2.772082 -1.151575 0.000000 0.964685 56922
car -1 -1 nan nan nan nan nan 1.536917 1.741589 4.105574 9.399420 2.378308 -0.805609 0.000000 0.927227 56923
truck -1 -1 nan nan nan nan nan 1.916990 1.933728 2.945427 35.524437 -1.161037 0.034487 0.000000 0.870911 56924
car -1 -1 nan nan nan nan nan 1.535666 1.734503 4.140162 -7.677250 -2.917147 -1.175428 0.000000 0.947537 56925
car -1 -1 nan nan nan nan nan 1.684002 1.509652 4.025117 2.284989 -2.226483 -0.919943 0.000000 0.634366 56927
car -1 -1 nan nan nan nan nan 1.476977 1.884714 3.995043 8.001164 -2.891283 -0.959506 0.000000 0.919607 56929
car -1 -1 nan nan nan nan nan 0.203810 0.675813 0.654449 -41.674706 -2.863346 -2.286092 0.000000 0.808896 56934
person -1 -1 nan nan nan nan nan 0.475001 0.315280 0.551151 40.652643 -0.127613 0.380500 0.000000 0.857919 56912
person -1 -1 nan nan nan nan nan 1.288011 0.374313 0.336411 18.661730 -4.276886 -0.467068 0.000000 0.891127 56913
person -1 -1 nan nan nan nan nan 1.283999 0.379341 0.498550 30.040831 -1.917216 -0.482015 0.000000 0.912722 56917
person -1 -1 nan nan nan nan nan 1.271001 0.371335 0.725780 23.282318 -2.029341 -0.613513 0.000000 0.904288 56926
person -1 -1 nan nan nan nan nan 0.699025 0.496985 0.389710 -5.285564 -7.591361 -0.897151 0.000000 0.641079 56930
