car -1 -1 nan nan nan nan nan 1.321172 0.897568 1.247423 -14.020981 -7.297534 -1.258312 0.000000 0.770589 56503
car -1 -1 nan nan nan nan nan 1.799181 1.568174 1.894772 -49.295073 4.806060 -1.980529 0.000000 0.578038 56505
car -1 -1 nan nan nan nan nan 1.451120 1.624862 4.096611 18.036884 2.075288 -0.655331 0.000000 0.927976 56506
car -1 -1 nan nan nan nan nan 1.368823 0.870210 3.442230 -34.607536 -1.821373 -2.047637 0.000000 0.821030 56508
car -1 -1 nan nan nan nan nan 0.800297 0.662764 0.982385 -7.725989 5.914887 -0.874454 0.000000 0.822132 56510
car -1 -1 nan nan nan nan nan 1.703058 1.673992 3.856878 10.629989 -2.442995 -0.788473 0.000000 0.926409 56515
car -1 -1 nan nan nan nan nan 0.993918 1.727371 3.765987 -2.188140 2.253539 -0.889798 0.000000 0.936255 56517
car -1 -1 nan nan nan nan nan 0.336152 0.891301 0.498772 -43.368107 -1.232515 -2.641035 0.000000 0.569196 56518
car -1 -1 nan nan nan nan nan 1.470935 1.824408 3.936705 -19.115149 -2.963958 -1.643095 0.000000 0.926796 56519
car -1 -1 nan nan nan nan nan 1.133139 1.465762 3.978968 0.669896 -2.732914 -0.796822 0.000000 0.932375 56520
car -1 -1 nan nan nan nan nan 1.565152 1.919192 4.456441 8.913591 2.202556 -0.866343 0.000000 0.917537 56522
car -1 -1 nan nan nan nan nan 1.449122 1.625737 4.500583 5.229639 -2.614036 -1.013183 0.000000 0.969888 56523
car -1 -1 nan nan nan nan nan 1.243015 0.550945 2.098328 17.414682 -2.524246 -0.766591 0.000000 0.827941 56524
truck -1 -1 nan nan nan nan nan 2.125903 3.450417 2.851849 44.184454 -2.785038 0.125835 0.000000 0.770570 56531
car -1 -1 nan nan nan nan nan 1.393089 1.550761 0.816639 32.905489 2.041193 -0.385325 0.000000 0.749811 56534
car -1 -1 nan nan nan nan nan 1.439229 1.506035 3.707935 -25.078703 -2.611268 -1.661454 0.000000 0.941787 56536
bicyclist -1 -1 nan nan nan nan nan 1.517005 0.335944 0.389286 49.234770 -1.131808 0.574407 0.000000 0.786673 56504
motorcycle -1 -1 nan nan nan nan nan 0.908001 0.297965 0.439762 24.051752 -3.237573 -0.285155 0.000000 0.368216 56530
person -1 -1 nan nan nan nan nan 0.669960 0.557785 0.896177 3.269418 -7.504256 -0.437900 0.000000 0.496866 56507
person -1 -1 nan nan nan nan nan 1.194996 0.347944 0.406828 31.996980 -2.631611 -0.440666 0.000000 0.932990 56525
person -1 -1 nan nan nan nan nan 1.133995 0.339931 0.425060 38.569521 -2.693571 -0.239189 0.000000 0.915779 56526
person -1 -1 nan nan nan nan nan 0.335015 0.223999 0.202087 6.207962 -9.428476 -0.318679 0.000000 0.492758 56528
person -1 -1 nan nan nan nan nan 0.507999 0.200977 0.238611 27.637034 -5.250746 0.237790 0.000000 0.809722 56535
