car -1 -1 nan nan nan nan nan 1.353970 1.535822 3.924088 11.019750 -3.013063 -0.768247 0.000000 0.920816 56761
car -1 -1 nan nan nan nan nan 0.928180 0.680621 1.063461 -39.211742 -2.089751 -2.500246 0.000000 0.629288 56762
car -1 -1 nan nan nan nan nan 0.477773 0.511080 0.451355 -18.226730 -6.400354 -1.358759 0.000000 0.496407 56764
other-vehicle -1 -1 nan nan nan nan nan 1.294060 2.523016 1.546427 28.964280 -9.563117 0.614702 0.000000 0.893754 56765
car -1 -1 nan nan nan nan nan 0.345033 0.278093 0.405109 -2.340524 -8.211939 -0.802556 0.000000 0.384579 56766
car -1 -1 nan nan nan nan nan 1.665187 1.731779 1.061783 27.431890 2.248513 -0.197159 0.000000 0.845895 56767
car -1 -1 nan nan nan nan nan 1.450185 1.949249 3.709066 -7.534946 2.165887 -1.294900 0.000000 0.938740 56768
car -1 -1 nan nan nan nan nan 1.598303 1.350504 2.928493 -31.011942 -2.727586 -1.980585 0.000000 0.908161 56771
car -1 -1 nan nan nan nan nan 1.289409 1.797298 3.647089 -24.581777 -3.145416 -1.844218 0.000000 0.941543 56774
car -1 -1 nan nan nan nan nan 1.530913 1.752195 4.237090 -4.714176 -2.794279 -1.188636 0.000000 0.962506 56775
car -1 -1 nan nan nan nan nan 1.753189 1.956352 3.928405 5.113203 -2.560147 -0.852235 0.000000 0.928326 56777
car -1 -1 nan nan nan nan nan 1.297087 1.529401 4.425430 -0.038653 -2.764772 -0.750643 0.000000 0.931149 56780
car -1 -1 nan nan nan nan nan 1.560160 1.747933 4.137165 12.430611 2.176622 -0.672764 0.000000 0.886303 56781
truck -1 -1 nan nan nan nan nan 1.835080 1.932836 1.165283 37.706123 -1.930838 0.318225 0.000000 0.901101 56788
car -1 -1 nan nan nan nan nan 1.508823 1.780529 4.423079 3.320679 2.147114 -0.904572 0.000000 0.889551 56789
person -1 -1 nan nan nan nan nan 0.776002 0.348154 0.284983 21.361934 -4.955267 -0.112631 0.000000 0.762285 56770
person -1 -1 nan nan nan nan nan 1.167990 0.393169 0.352131 32.914213 -2.504603 -0.274406 0.000000 0.901287 56773
person -1 -1 nan nan nan nan nan 1.415956 0.449193 0.595510 26.243716 -2.476619 -0.417359 0.000000 0.925880 56778
person -1 -1 nan nan nan nan nan 1.019008 0.326160 0.402561 16.345440 -3.203545 -0.328865 0.000000 0.626723 56779
