car -1 -1 nan nan nan nan nan 1.503871 1.868207 4.331329 -7.605777 -2.846030 -1.195439 0.000000 0.950327 57977
other-vehicle -1 -1 nan nan nan nan nan 2.166848 2.359150 3.345479 5.961722 37.917166 -1.427359 0.000000 0.674162 57980
other-vehicle -1 -1 nan nan nan nan nan 2.158028 2.097905 1.290907 18.534944 -1.605199 -0.368079 0.000000 0.830235 57982
car -1 -1 nan nan nan nan nan 1.191204 1.629175 3.289001 -26.620037 2.205188 -1.607574 0.000000 0.940345 57984
car -1 -1 nan nan nan nan nan 0.799563 0.811802 2.007921 -1.470050 -33.603273 -0.493147 0.000000 0.609040 57988
car -1 -1 nan nan nan nan nan 1.684182 1.732634 3.989779 9.651469 2.507100 -0.886272 0.000000 0.950269 57989
car -1 -1 nan nan nan nan nan 0.508719 0.583639 0.683914 -42.126442 -2.776740 -2.137825 0.000000 0.677941 57991
car -1 -1 nan nan nan nan nan 1.466951 1.778042 4.304492 -15.041886 2.389949 -1.343290 0.000000 0.949321 57992
other-vehicle -1 -1 nan nan nan nan nan 0.706982 1.091554 0.868580 -37.512758 4.491969 -1.390477 0.000000 0.305303 57993
car -1 -1 nan nan nan nan nan 2.170950 0.617306 4.126347 26.409943 -0.651815 0.050292 0.000000 0.624171 57995
car -1 -1 nan nan nan nan nan 0.564630 0.302834 0.463337 -49.068941 -2.335563 -1.940134 0.000000 0.680079 57997
car -1 -1 nan nan nan nan nan 1.410270 1.357368 3.140781 -23.576141 -2.389238 -1.414851 0.000000 0.896024 57999
car -1 -1 nan nan nan nan nan 1.683311 1.721615 4.045601 -13.306884 -2.217613 -1.173124 0.000000 0.952216 58000
car -1 -1 nan nan nan nan nan 1.401180 1.870561 4.219157 -5.879218 2.507413 -1.246260 0.000000 0.914039 58001
car -1 -1 nan nan nan nan nan 1.290790 0.303620 2.087683 -19.624589 -1.804326 -1.423501 0.000000 0.768315 58003
car -1 -1 nan nan nan nan nan 0.257042 0.268152 0.559669 35.167099 9.017085 0.450685 0.000000 0.339656 58005
car -1 -1 nan nan nan nan nan 0.820344 0.539562 0.696009 1.098937 -33.487879 -0.499176 0.000000 0.476248 58011
car -1 -1 nan nan nan nan nan 0.834648 1.111965 1.385920 0.246889 19.757862 -1.675532 0.000000 0.768791 58012
car -1 -1 nan nan nan nan nan 1.517879 1.636141 2.424248 -2.471483 19.979136 -1.341120 0.000000 0.851077 58014
car -1 -1 nan nan nan nan nan 0.434495 0.331456 1.665300 -19.778611 -6.883613 -0.977921 0.000000 0.764009 58016
motorcycle -1 -1 nan nan nan nan nan 0.849519 0.534486 1.134361 5.745708 -9.321709 -0.578055 0.000000 0.853305 57986
bicycle -1 -1 nan nan nan nan nan 0.433686 0.301252 0.901622 5.733134 24.668983 -1.916650 0.000000 0.656858 57990
motorcycle -1 -1 nan nan nan nan nan 0.909749 0.878236 1.994357 -2.010351 2.821139 -1.020177 0.000000 0.938622 57994
motorcycle -1 -1 nan nan nan nan nan 0.787255 0.944382 2.323728 -2.168061 11.702635 -1.243910 0.000000 0.893093 57996
bicycle -1 -1 nan nan nan nan nan 1.042518 0.999901 0.268605 -3.165468 14.865947 -1.193016 0.000000 0.766915 58004
person -1 -1 nan nan nan nan nan 0.562835 1.075897 0.593936 3.461761 -44.247421 -0.184916 0.000000 0.824978 57979
person -1 -1 nan nan nan nan nan 1.525075 0.799546 0.681231 5.104845 -3.145072 -0.859974 0.000000 0.945450 57998
person -1 -1 nan nan nan nan nan 1.095278 0.539842 0.623610 -21.761615 -7.331118 -0.657513 0.000000 0.766989 58006
person -1 -1 nan nan nan nan nan 1.697248 1.394599 0.955021 7.225132 -2.654232 -0.753672 0.000000 0.932838 58010
