car -1 -1 nan nan nan nan nan 1.407192 1.576383 3.950781 13.872710 -2.138462 -0.935053 0.000000 0.944777 56177
car -1 -1 nan nan nan nan nan 1.532443 1.888852 3.379332 -16.842553 -3.458558 -1.245265 0.000000 0.951377 56180
car -1 -1 nan nan nan nan nan 1.927243 3.564125 2.002265 0.586128 7.090901 -0.510064 0.000000 0.956776 56181
car -1 -1 nan nan nan nan nan 1.240470 2.507691 0.372550 -4.689903 -9.273830 -1.028469 0.000000 0.817074 56184
car -1 -1 nan nan nan nan nan 0.797494 1.130936 3.635799 -36.231256 -2.627935 -1.899379 0.000000 0.848311 56185
car -1 -1 nan nan nan nan nan 0.267094 0.641049 0.473095 41.176378 5.460989 0.008750 0.000000 0.552987 56187
car -1 -1 nan nan nan nan nan 1.328551 1.214230 3.352844 -26.270630 -3.070368 -1.501923 0.000000 0.931044 56188
car -1 -1 nan nan nan nan nan 1.390866 1.490204 1.805679 25.145885 2.876364 -0.690932 0.000000 0.656900 56191
car -1 -1 nan nan nan nan nan 1.457358 1.755938 3.879604 5.876690 2.276538 -0.976028 0.000000 0.931037 56192
car -1 -1 nan nan nan nan nan 1.479674 1.904398 4.564127 -10.653255 -3.401663 -1.264882 0.000000 0.941670 56193
car -1 -1 nan nan nan nan nan 1.482769 1.794317 4.431661 17.250671 2.761489 -0.778031 0.000000 0.934008 56196
car -1 -1 nan nan nan nan nan 1.561256 1.771676 3.861891 8.954880 -2.511246 -0.906775 0.000000 0.965953 56197
car -1 -1 nan nan nan nan nan 1.647201 1.739317 3.770096 19.236315 -1.847798 -0.761188 0.000000 0.934061 56199
car -1 -1 nan nan nan nan nan 1.479915 1.220120 0.965569 41.481663 3.252287 -0.400419 0.000000 0.697665 56204
bicycle -1 -1 nan nan nan nan nan 0.360973 0.883097 0.209629 29.523371 -4.826041 -0.393892 0.000000 0.719009 56203
person -1 -1 nan nan nan nan nan 1.162008 0.320027 0.269718 47.176264 -1.082088 -0.447877 0.000000 0.853666 56179
person -1 -1 nan nan nan nan nan 0.988007 0.324030 0.336216 40.628141 -1.224108 -0.607849 0.000000 0.913043 56194
