car -1 -1 nan nan nan nan nan 1.037927 1.253500 4.215630 0.118289 2.626895 -0.743033 0.000000 0.930872 56938
car -1 -1 nan nan nan nan nan 1.261618 1.824335 3.715731 -28.099652 -3.821775 -1.700292 0.000000 0.905292 56942
car -1 -1 nan nan nan nan nan 1.388039 1.919322 4.280333 -11.524561 1.925254 -1.276285 0.000000 0.929801 56944
car -1 -1 nan nan nan nan nan 1.455942 1.879088 4.031997 7.430842 -2.874640 -0.977120 0.000000 0.940368 56946
car -1 -1 nan nan nan nan nan 1.580752 1.273157 2.701511 -34.475309 -3.436214 -1.722470 0.000000 0.882871 56948
car -1 -1 nan nan nan nan nan 1.579002 1.648599 1.284439 23.841291 2.815251 -0.505446 0.000000 0.856925 56949
car -1 -1 nan nan nan nan nan 1.442423 1.848665 4.620780 -3.489046 -2.791694 -1.156237 0.000000 0.953477 56951
truck -1 -1 nan nan nan nan nan 2.108089 1.916838 2.843575 34.982773 -0.990450 -0.076061 0.000000 0.889825 56952
car -1 -1 nan nan nan nan nan 1.548866 1.781877 4.127638 8.806922 2.384592 -0.845662 0.000000 0.900498 56953
car -1 -1 nan nan nan nan nan 1.573979 1.501462 3.988186 1.746498 -2.203740 -0.861967 0.000000 0.735550 56954
car -1 -1 nan nan nan nan nan 1.529621 1.739320 4.015557 -8.290169 -2.964343 -1.164154 0.000000 0.943948 56955
car -1 -1 nan nan nan nan nan 1.242992 0.358362 0.732622 22.682157 -1.908872 -0.595608 0.000000 0.861308 56959
car -1 -1 nan nan nan nan nan 0.531940 0.820426 0.637051 -42.129175 -2.960135 -2.472052 0.000000 0.753446 56963
motorcycle -1 -1 nan nan nan nan nan 1.346035 0.549516 0.273912 18.127936 -4.005475 -0.495314 0.000000 0.730773 56961
person -1 -1 nan nan nan nan nan 1.257997 0.288281 0.427010 29.366943 -1.736672 -0.468100 0.000000 0.881522 56945
