car -1 -1 nan nan nan nan nan 0.923142 1.439500 3.733868 0.837637 -2.720678 -0.521499 0.000000 0.934911 56998
car -1 -1 nan nan nan nan nan 0.811943 0.316535 1.214149 -46.838512 2.343943 -2.236226 0.000000 0.459700 56999
car -1 -1 nan nan nan nan nan 1.405597 1.712269 3.772898 -29.300496 -4.054334 -1.690196 0.000000 0.893777 57001
car -1 -1 nan nan nan nan nan 1.433034 1.926926 3.833611 -12.484756 1.825326 -1.284534 0.000000 0.944599 57003
car -1 -1 nan nan nan nan nan 0.533583 0.883934 0.775715 -40.130690 -6.918367 -1.900815 0.000000 0.787563 57004
car -1 -1 nan nan nan nan nan 1.664917 1.668346 2.908829 23.480995 3.011970 -0.551812 0.000000 0.900759 57008
car -1 -1 nan nan nan nan nan 1.581302 2.038055 4.052443 -9.388277 -3.188309 -1.204703 0.000000 0.953850 57009
car -1 -1 nan nan nan nan nan 1.459936 1.898931 4.200020 6.186478 -2.813279 -1.007512 0.000000 0.949069 57010
car -1 -1 nan nan nan nan nan 0.512823 0.703471 0.621166 -43.731348 -3.424293 -2.289286 0.000000 0.627918 57012
car -1 -1 nan nan nan nan nan 1.043409 2.056643 4.620021 -1.176419 2.433251 -0.787214 0.000000 0.943056 57013
car -1 -1 nan nan nan nan nan 1.423109 1.266071 3.109642 -35.835255 -3.934789 -1.693836 0.000000 0.902013 57014
car -1 -1 nan nan nan nan nan 1.367879 1.881658 4.492948 -4.549277 -2.830762 -1.131139 0.000000 0.941125 57015
other-vehicle -1 -1 nan nan nan nan nan 2.030164 1.883515 0.953720 32.791080 -0.666537 -0.062933 0.000000 0.862904 57021
car -1 -1 nan nan nan nan nan 1.545909 1.724634 4.242898 7.673829 2.411966 -0.864029 0.000000 0.918099 57025
motorcycle -1 -1 nan nan nan nan nan 0.852003 0.499470 0.816808 13.023015 2.932087 -0.721226 0.000000 0.693305 57017
person -1 -1 nan nan nan nan nan 1.215975 0.315251 0.441010 38.961197 0.482881 -0.008051 0.000000 0.758223 57000
person -1 -1 nan nan nan nan nan 1.596000 0.543465 0.535181 18.350389 -3.137129 -0.619855 0.000000 0.929241 57002
person -1 -1 nan nan nan nan nan 1.198020 0.309254 0.413773 28.171919 -1.507724 -0.614855 0.000000 0.876427 57005
person -1 -1 nan nan nan nan nan 0.986911 0.388278 0.409652 -6.883360 -7.699264 -0.631406 0.000000 0.405680 57019
person -1 -1 nan nan nan nan nan 1.420997 0.356298 0.834606 21.587465 -1.710422 -0.674372 0.000000 0.888349 57020
person -1 -1 nan nan nan nan nan 1.362998 0.334273 0.332617 17.049222 -3.671119 -0.612383 0.000000 0.847367 57022
