car -1 -1 nan nan nan nan nan 1.195762 1.594880 3.982162 1.187855 -2.392267 -0.653850 0.000000 0.910847 56969
car -1 -1 nan nan nan nan nan 1.548237 1.664277 3.325047 24.300211 2.932796 -0.492632 0.000000 0.842541 56972
car -1 -1 nan nan nan nan nan 1.382075 1.883698 3.804649 -11.852386 1.873955 -1.263970 0.000000 0.922681 56974
car -1 -1 nan nan nan nan nan 1.467520 1.771236 3.837690 -28.717479 -3.977475 -1.705102 0.000000 0.932815 56980
car -1 -1 nan nan nan nan nan 1.394883 1.202237 2.781639 -35.107624 -3.736719 -1.658200 0.000000 0.914029 56981
car -1 -1 nan nan nan nan nan 1.437017 1.885630 4.297984 6.787349 -2.829569 -0.981212 0.000000 0.947708 56982
car -1 -1 nan nan nan nan nan 1.410891 1.865625 4.503774 -4.009160 -2.819803 -1.150709 0.000000 0.936372 56983
truck -1 -1 nan nan nan nan nan 0.956017 0.370283 0.499149 39.514658 0.340260 0.127965 0.000000 0.733780 56984
car -1 -1 nan nan nan nan nan 0.999205 1.377139 4.505932 -0.547046 2.688576 -0.753653 0.000000 0.918600 56985
car -1 -1 nan nan nan nan nan 1.552432 1.760167 4.089025 -8.829981 -2.996747 -1.183247 0.000000 0.947401 56987
car -1 -1 nan nan nan nan nan 1.567641 1.660516 4.193872 8.229170 2.372652 -0.848631 0.000000 0.885675 56989
truck -1 -1 nan nan nan nan nan 2.069246 1.916487 1.184765 33.466585 -0.830145 -0.069390 0.000000 0.928864 56993
motorcycle -1 -1 nan nan nan nan nan 0.422006 0.384296 0.660959 13.485970 2.904443 -0.437641 0.000000 0.639303 56991
person -1 -1 nan nan nan nan nan 1.057138 0.578045 0.754881 -6.503145 -7.620684 -0.781139 0.000000 0.463439 56977
person -1 -1 nan nan nan nan nan 0.878007 0.352302 0.271091 17.546198 -3.788074 -0.259580 0.000000 0.811858 56978
person -1 -1 nan nan nan nan nan 1.249027 0.373295 0.551825 28.841611 -1.611751 -0.462276 0.000000 0.924612 56979
person -1 -1 nan nan nan nan nan 1.212986 0.348284 0.850666 22.250088 -1.802429 -0.575238 0.000000 0.900043 56986
person -1 -1 nan nan nan nan nan 0.392030 0.403285 0.405283 20.439105 5.759038 -0.157387 0.000000 0.229406 56988
person -1 -1 nan nan nan nan nan 1.611989 0.383345 0.418150 18.825644 -3.261120 -0.538603 0.000000 0.937849 56994
