car -1 -1 nan nan nan nan nan 1.370347 1.934504 4.525239 -3.814960 2.569461 -1.113665 0.000000 0.937983 57795
other-vehicle -1 -1 nan nan nan nan nan 2.170790 2.234070 1.903199 7.856135 37.834717 -0.931835 0.000000 0.627348 57798
car -1 -1 nan nan nan nan nan 1.250472 1.595809 3.580919 -24.448913 2.431820 -1.386201 0.000000 0.946469 57800
car -1 -1 nan nan nan nan nan 1.561908 2.601101 4.391951 1.185603 20.028316 -1.114707 0.000000 0.925728 57801
other-vehicle -1 -1 nan nan nan nan nan 1.096634 3.504025 1.086662 -44.647316 11.815677 1.209681 0.000000 0.844827 57803
car -1 -1 nan nan nan nan nan 1.605154 1.886874 4.154214 11.818804 2.343120 -0.835243 0.000000 0.939369 57804
car -1 -1 nan nan nan nan nan 1.542615 1.962968 4.837138 -13.173178 2.587299 -1.266646 0.000000 0.949678 57806
car -1 -1 nan nan nan nan nan 2.182010 1.911739 2.526951 21.408998 -1.651140 -0.415177 0.000000 0.829863 57809
car -1 -1 nan nan nan nan nan 0.524861 1.002324 0.973732 -40.256813 -2.314116 -2.063585 0.000000 0.778719 57811
car -1 -1 nan nan nan nan nan 1.259889 0.429278 2.547222 -17.202074 -1.658465 -1.303370 0.000000 0.869456 57813
car -1 -1 nan nan nan nan nan 1.700979 1.786721 4.200924 -11.138073 -2.156563 -1.114016 0.000000 0.953978 57814
car -1 -1 nan nan nan nan nan 1.403962 1.336448 3.906273 -21.498760 -2.203094 -1.341277 0.000000 0.909866 57816
car -1 -1 nan nan nan nan nan 1.447869 1.904834 4.429472 -5.471423 -2.816017 -1.157765 0.000000 0.955570 57821
other-vehicle -1 -1 nan nan nan nan nan 2.035938 1.107382 3.663963 28.353821 -1.160909 0.020909 0.000000 0.723950 57823
bicycle -1 -1 nan nan nan nan nan 1.085918 0.448132 1.703179 8.065505 -9.400772 -0.738983 0.000000 0.867718 57802
motorcycle -1 -1 nan nan nan nan nan 0.791939 0.789169 2.190367 0.321721 2.822401 -0.881298 0.000000 0.959595 57818
person -1 -1 nan nan nan nan nan 0.758029 0.461199 0.424671 -19.613960 -7.217503 -0.461968 0.000000 0.798006 57805
person -1 -1 nan nan nan nan nan 1.464003 0.840381 0.732074 6.709809 -3.291802 -0.897196 0.000000 0.957946 57812
person -1 -1 nan nan nan nan nan 0.468002 0.290116 0.356753 15.981326 -2.332960 -0.366170 0.000000 0.353031 57815
person -1 -1 nan nan nan nan nan 0.652991 0.327140 0.547052 9.205261 -2.182602 -0.670665 0.000000 0.811766 57819
person -1 -1 nan nan nan nan nan 1.620004 0.753348 0.586803 8.692642 -3.082056 -0.734200 0.000000 0.922072 57826
