car -1 -1 nan nan nan nan nan 1.541966 1.584205 4.172673 6.449913 2.466573 -0.894900 0.000000 0.912617 57052
car -1 -1 nan nan nan nan nan 0.290928 0.427630 0.437996 -44.894604 -3.955702 -2.227809 0.000000 0.731589 57053
car -1 -1 nan nan nan nan nan 1.214775 1.718236 3.580854 -30.404748 -4.353129 -1.622171 0.000000 0.876271 57058
car -1 -1 nan nan nan nan nan 1.017966 2.590752 4.509191 -2.281078 2.611781 -0.791174 0.000000 0.904458 57061
car -1 -1 nan nan nan nan nan 1.458263 1.942927 4.174789 -13.642034 1.693271 -1.311024 0.000000 0.962837 57062
car -1 -1 nan nan nan nan nan 1.588985 1.695138 3.119226 22.270823 3.192186 -0.621675 0.000000 0.883360 57065
car -1 -1 nan nan nan nan nan 1.451394 1.862804 4.583699 -5.782452 -2.869997 -1.192566 0.000000 0.962500 57066
car -1 -1 nan nan nan nan nan 1.466793 1.908553 4.051215 5.181295 -2.756751 -1.023114 0.000000 0.928247 57067
car -1 -1 nan nan nan nan nan 1.148431 1.113759 3.603548 -0.175837 -2.557440 -0.653345 0.000000 0.922698 57069
car -1 -1 nan nan nan nan nan 1.571008 1.622867 4.001556 -10.606546 -3.058022 -1.202609 0.000000 0.935937 57071
truck -1 -1 nan nan nan nan nan 1.971041 1.890270 2.862591 32.658754 -0.409778 -0.059448 0.000000 0.853607 57072
car -1 -1 nan nan nan nan nan 1.469332 0.433252 2.849201 -36.859972 -3.844304 -1.744451 0.000000 0.913693 57081
motorcycle -1 -1 nan nan nan nan nan 1.030011 0.587451 2.371877 11.299074 3.047735 -0.834098 0.000000 0.498248 57068
person -1 -1 nan nan nan nan nan 1.152014 0.346237 0.323832 26.955651 -1.290873 -0.582933 0.000000 0.867522 57056
person -1 -1 nan nan nan nan nan 1.096982 0.627151 0.554881 -8.030157 -7.664317 -0.644789 0.000000 0.447634 57057
person -1 -1 nan nan nan nan nan 1.383011 0.427269 0.376147 15.994339 -3.569029 -0.613503 0.000000 0.859231 57060
person -1 -1 nan nan nan nan nan 1.235001 0.355250 0.765432 20.455947 -1.527559 -0.699446 0.000000 0.896605 57070
person -1 -1 nan nan nan nan nan 1.605000 0.556384 0.601042 17.394696 -2.912041 -0.623461 0.000000 0.924867 57074
