car -1 -1 nan nan nan nan nan 0.971664 1.551641 4.261151 0.207336 -2.775893 -0.815797 0.000000 0.955317 57371
car -1 -1 nan nan nan nan nan 0.224063 0.831536 1.606628 42.283482 10.596823 0.758300 0.000000 0.759231 57373
car -1 -1 nan nan nan nan nan 1.394333 1.841754 3.845257 -18.854639 1.902895 -1.428435 0.000000 0.923986 57376
other-vehicle -1 -1 nan nan nan nan nan 0.895957 0.473252 0.994601 -13.416242 -9.460051 -0.762728 0.000000 0.745122 57377
other-vehicle -1 -1 nan nan nan nan nan 1.182996 0.403763 2.942898 33.771276 0.425753 -0.053508 0.000000 0.402014 57378
car -1 -1 nan nan nan nan nan 1.493515 1.468354 3.107273 -35.211351 -3.841336 -1.718822 0.000000 0.873526 57379
car -1 -1 nan nan nan nan nan 1.918203 1.837052 4.468971 -7.250389 2.284754 -0.977300 0.000000 0.945838 57381
car -1 -1 nan nan nan nan nan 1.609044 1.669188 3.438107 17.395645 3.004460 -0.728467 0.000000 0.930560 57383
car -1 -1 nan nan nan nan nan 1.407595 1.403963 3.300819 -11.140097 -2.538295 -1.234688 0.000000 0.959389 57384
car -1 -1 nan nan nan nan nan 1.969002 1.960884 2.916582 27.409438 -0.754569 -0.177443 0.000000 0.785498 57385
car -1 -1 nan nan nan nan nan 1.358794 1.043360 2.548695 -42.096621 -3.621735 -1.590100 0.000000 0.910994 57386
car -1 -1 nan nan nan nan nan 1.737681 1.664590 4.191255 -5.359498 -2.294339 -1.049612 0.000000 0.938363 57387
car -1 -1 nan nan nan nan nan 1.500709 1.551900 3.725799 -15.820717 -2.874768 -1.288543 0.000000 0.956490 57388
car -1 -1 nan nan nan nan nan 1.401388 1.661520 4.340391 1.584907 2.583643 -0.942137 0.000000 0.968740 57391
car -1 -1 nan nan nan nan nan 0.853003 0.260835 1.832550 42.331856 9.191124 0.772684 0.000000 0.687143 57395
bicyclist -1 -1 nan nan nan nan nan 0.366905 0.575912 0.303604 20.806780 -23.549192 0.345387 0.000000 0.698329 57374
motorcycle -1 -1 nan nan nan nan nan 0.252009 0.398081 0.341287 3.388074 5.248469 -0.543947 0.000000 0.596942 57382
motorcycle -1 -1 nan nan nan nan nan 1.180960 0.754568 2.666307 6.046435 2.998547 -1.097288 0.000000 0.838738 57390
bicycle -1 -1 nan nan nan nan nan 0.282878 0.473210 0.572593 -11.804683 -7.270838 -0.974160 0.000000 0.695818 57392
person -1 -1 nan nan nan nan nan 1.312020 0.382780 0.696966 21.650367 -1.511674 -0.755937 0.000000 0.839004 57375
person -1 -1 nan nan nan nan nan 1.455999 0.597757 0.358444 11.111064 -3.058582 -0.764737 0.000000 0.956427 57380
person -1 -1 nan nan nan nan nan 1.010010 0.206888 0.214955 15.189126 -1.688630 -0.891913 0.000000 0.371966 57389
person -1 -1 nan nan nan nan nan 1.590990 0.691648 0.711494 13.234557 -2.667674 -0.694324 0.000000 0.926059 57394
