car -1 -1 nan nan nan nan nan 1.467589 1.794210 3.367246 -7.446833 20.164746 -1.339483 0.000000 0.926710 58510
car -1 -1 nan nan nan nan nan 2.109029 1.933968 4.423433 12.609653 -1.816588 -0.471636 0.000000 0.827946 58514
other-vehicle -1 -1 nan nan nan nan nan 0.874862 0.617147 0.621311 -35.222322 9.210949 -0.480485 0.000000 0.869138 58515
car -1 -1 nan nan nan nan nan 0.839176 1.611935 0.431073 -6.484073 38.880056 -1.737215 0.000000 0.665862 58516
other-vehicle -1 -1 nan nan nan nan nan 0.740073 2.166092 1.214056 27.518195 -11.789609 0.533444 0.000000 0.821469 58517
car -1 -1 nan nan nan nan nan 1.361471 1.620461 4.130447 -22.486490 2.834776 -1.340766 0.000000 0.929981 58521
truck -1 -1 nan nan nan nan nan 0.791977 0.369411 0.327198 41.212267 8.769192 1.242577 0.000000 0.400249 58523
car -1 -1 nan nan nan nan nan 1.115495 0.949564 3.560699 -34.066353 2.782297 -1.630351 0.000000 0.867824 58527
car -1 -1 nan nan nan nan nan 0.959005 0.297539 3.177670 35.857008 -1.451699 -0.761094 0.000000 0.810473 58529
car -1 -1 nan nan nan nan nan 1.240423 0.845939 2.910646 -30.732238 -1.357102 -1.432331 0.000000 0.861424 58532
car -1 -1 nan nan nan nan nan 1.553220 1.677288 4.562662 -20.506778 -1.683298 -1.257821 0.000000 0.920668 58533
other-vehicle -1 -1 nan nan nan nan nan 0.414166 1.429504 0.742100 -9.065110 34.778114 -1.748580 0.000000 0.827898 58534
car -1 -1 nan nan nan nan nan 1.459982 1.913538 4.466145 -13.127012 2.833759 -1.205360 0.000000 0.932428 58535
other-vehicle -1 -1 nan nan nan nan nan 0.927928 0.344315 0.686623 -9.240260 38.045177 -1.736148 0.000000 0.834722 58539
car -1 -1 nan nan nan nan nan 1.671461 1.472741 4.047050 2.542769 2.333616 -0.920416 0.000000 0.844248 58540
car -1 -1 nan nan nan nan nan 1.427107 1.879601 4.119667 -14.879385 -2.537220 -1.232490 0.000000 0.946571 58541
other-vehicle -1 -1 nan nan nan nan nan 2.048914 0.700838 4.211668 19.071469 -1.216009 -0.169217 0.000000 0.403546 58543
car -1 -1 nan nan nan nan nan 0.504412 0.264776 0.287746 -27.647091 -1.183433 -1.479045 0.000000 0.392519 58545
bicycle -1 -1 nan nan nan nan nan 0.414852 0.332968 0.480499 -11.389502 -12.134910 -0.437495 0.000000 0.710180 58513
motorcycle -1 -1 nan nan nan nan nan 1.189446 0.921850 2.176031 -9.023684 3.063695 -1.269084 0.000000 0.923043 58519
bicycle -1 -1 nan nan nan nan nan 0.729084 1.631466 0.403214 -9.576733 29.364536 -1.342232 0.000000 0.849634 58522
bicycle -1 -1 nan nan nan nan nan 0.977627 0.560156 0.257889 -15.614383 -4.642309 -0.818308 0.000000 0.771518 58524
bicycle -1 -1 nan nan nan nan nan 0.694516 0.442289 1.263785 -9.401498 12.065120 -1.187092 0.000000 0.889757 58525
bicycle -1 -1 nan nan nan nan nan 0.618946 1.418724 0.396581 -10.877615 17.714083 -1.471455 0.000000 0.817964 58536
person -1 -1 nan nan nan nan nan 0.530022 0.244765 0.309547 1.370927 -3.052631 -0.192149 0.000000 0.272262 58520
person -1 -1 nan nan nan nan nan 0.304986 0.223731 0.291994 3.680588 4.166043 0.045995 0.000000 0.734107 58526
person -1 -1 nan nan nan nan nan 0.476837 0.203481 0.269393 -10.108934 -2.604662 -0.829820 0.000000 0.777872 58530
person -1 -1 nan nan nan nan nan 0.686905 0.342330 0.419843 -0.540263 -3.107985 -0.935583 0.000000 0.733874 58542
