car -1 -1 nan nan nan nan nan 1.312598 1.883546 3.904627 -19.383723 1.982543 -1.405788 0.000000 0.960835 57403
truck -1 -1 nan nan nan nan nan 0.782110 2.322598 0.801243 -39.340872 11.695538 1.226431 0.000000 0.713756 57405
car -1 -1 nan nan nan nan nan 1.414618 1.546425 3.170166 -35.927757 -3.756529 -1.691067 0.000000 0.885133 57406
car -1 -1 nan nan nan nan nan 1.705582 1.729012 4.311145 -5.781233 -2.267195 -1.044641 0.000000 0.951392 57407
other-vehicle -1 -1 nan nan nan nan nan 0.715046 1.442020 0.794011 -13.819009 -9.906861 -0.891590 0.000000 0.742616 57408
car -1 -1 nan nan nan nan nan 1.552946 1.687123 3.494565 16.889188 2.927435 -0.698688 0.000000 0.924404 57410
car -1 -1 nan nan nan nan nan 1.391381 1.526370 4.282423 1.118306 2.644276 -0.900339 0.000000 0.935905 57411
car -1 -1 nan nan nan nan nan 1.382734 0.998939 3.514744 -11.694426 -2.299145 -1.242695 0.000000 0.947067 57414
car -1 -1 nan nan nan nan nan 1.187111 1.586611 4.284931 -0.253086 -2.796058 -0.930923 0.000000 0.943561 57415
car -1 -1 nan nan nan nan nan 1.528779 1.864808 4.448937 -7.737565 2.331955 -1.175700 0.000000 0.938257 57416
car -1 -1 nan nan nan nan nan 1.537254 1.441589 3.622313 -16.306148 -2.768499 -1.260393 0.000000 0.911811 57419
car -1 -1 nan nan nan nan nan 1.570078 1.015390 2.138956 28.269032 -3.624807 -0.278711 0.000000 0.397977 57420
car -1 -1 nan nan nan nan nan 2.093998 1.957830 4.028948 27.428105 -0.820012 -0.249875 0.000000 0.825654 57428
car -1 -1 nan nan nan nan nan 1.374469 1.253537 2.417641 -42.619083 -3.629632 -1.618597 0.000000 0.722096 57431
motorcycle -1 -1 nan nan nan nan nan 1.226963 0.751708 2.635114 5.529114 2.955193 -1.081612 0.000000 0.902972 57417
person -1 -1 nan nan nan nan nan 1.490998 0.579763 0.350978 10.716271 -3.108569 -0.775281 0.000000 0.942849 57401
person -1 -1 nan nan nan nan nan 1.168015 0.302814 0.279881 32.151403 0.220364 -0.053014 0.000000 0.442445 57424
person -1 -1 nan nan nan nan nan 1.596012 0.689650 0.645102 12.749412 -2.666662 -0.694820 0.000000 0.920187 57425
person -1 -1 nan nan nan nan nan 1.350012 0.353810 0.633514 14.675017 -1.781055 -0.782869 0.000000 0.720488 57426
