car -1 -1 nan nan nan nan nan 1.441657 1.935170 4.377737 -16.111506 2.382137 -1.305448 0.000000 0.949196 58061
car -1 -1 nan nan nan nan nan 0.891358 0.575336 0.653716 3.404086 50.002615 -2.120894 0.000000 0.647366 58062
car -1 -1 nan nan nan nan nan 0.542555 2.081898 0.546023 2.791071 -43.785097 -0.612227 0.000000 0.671963 58064
car -1 -1 nan nan nan nan nan 1.693175 2.004076 4.145724 8.748385 2.502673 -0.908539 0.000000 0.946080 58066
car -1 -1 nan nan nan nan nan 1.438769 2.417797 2.056467 -3.697963 19.604757 -1.122984 0.000000 0.866036 58067
car -1 -1 nan nan nan nan nan 0.286032 0.841600 0.804920 -43.321829 -2.911975 -1.915133 0.000000 0.747963 58069
other-vehicle -1 -1 nan nan nan nan nan 1.889173 0.504209 0.880789 23.823340 -0.473210 -0.194305 0.000000 0.259384 58071
car -1 -1 nan nan nan nan nan 1.262228 1.702985 3.469765 -27.699497 2.034103 -1.451034 0.000000 0.906993 58073
car -1 -1 nan nan nan nan nan 0.820955 0.546768 1.269647 0.067638 -33.504097 -0.628596 0.000000 0.799474 58075
car -1 -1 nan nan nan nan nan 1.002376 0.279386 2.131475 -20.504952 -1.861485 -1.378059 0.000000 0.767163 58079
car -1 -1 nan nan nan nan nan 2.086028 1.948933 4.030506 18.986557 -1.380663 -0.438012 0.000000 0.729078 58080
other-vehicle -1 -1 nan nan nan nan nan 2.018821 2.074680 2.873848 4.485410 37.830942 -1.050719 0.000000 0.857726 58081
car -1 -1 nan nan nan nan nan 1.686052 1.786637 4.044940 -14.193713 -2.309122 -1.153701 0.000000 0.942383 58082
car -1 -1 nan nan nan nan nan 1.525296 1.942810 4.254786 -6.801068 2.498442 -1.149951 0.000000 0.934029 58084
car -1 -1 nan nan nan nan nan 1.366970 1.288087 2.978161 -24.680407 -2.508882 -1.323979 0.000000 0.878415 58085
car -1 -1 nan nan nan nan nan 0.571649 0.501247 0.314501 -0.315609 50.097383 -1.952820 0.000000 0.629909 58086
car -1 -1 nan nan nan nan nan 0.925938 1.700251 1.673070 -0.878017 19.403079 -1.482491 0.000000 0.862062 58090
car -1 -1 nan nan nan nan nan 0.593362 1.417814 1.993254 -21.061936 -6.943900 -1.080146 0.000000 0.855109 58092
other-vehicle -1 -1 nan nan nan nan nan 2.023446 1.592677 2.601013 26.371237 -1.020446 -0.060184 0.000000 0.436917 58093
car -1 -1 nan nan nan nan nan 1.487700 1.839784 4.389173 -8.500130 -2.902601 -1.201152 0.000000 0.954553 58094
car -1 -1 nan nan nan nan nan 0.274515 0.512165 0.952246 0.422161 -38.240248 -0.414099 0.000000 0.851308 58097
car -1 -1 nan nan nan nan nan 0.226031 0.456200 0.336426 34.275658 9.421410 0.036730 0.000000 0.389768 58098
motorcycle -1 -1 nan nan nan nan nan 1.300247 1.021818 2.129467 -2.856489 2.808171 -1.183884 0.000000 0.952071 58072
motorcycle -1 -1 nan nan nan nan nan 1.063519 0.765978 1.114139 -2.861724 17.167037 -1.276597 0.000000 0.861637 58091
person -1 -1 nan nan nan nan nan 0.591628 0.214653 0.294234 4.319160 32.405514 -1.316021 0.000000 0.471166 58070
person -1 -1 nan nan nan nan nan 0.851682 0.502034 0.299501 -22.620854 -7.534672 -0.734691 0.000000 0.684289 58074
person -1 -1 nan nan nan nan nan 1.518022 0.548067 0.508570 4.433645 -3.006903 -0.824871 0.000000 0.938041 58077
person -1 -1 nan nan nan nan nan 1.690742 1.429463 0.681704 6.435231 -2.651614 -0.738520 0.000000 0.883489 58089
