car -1 -1 nan nan nan nan nan 1.653331 1.725474 3.364297 -0.216530 -3.160715 -0.733143 0.000000 0.954907 55738
car -1 -1 nan nan nan nan nan 1.303765 1.548947 3.333496 -24.725330 -2.470982 -1.439150 0.000000 0.912630 55741
car -1 -1 nan nan nan nan nan 1.451023 1.879964 3.219576 22.505296 2.351956 -0.836458 0.000000 0.901014 55742
car -1 -1 nan nan nan nan nan 1.350765 1.583698 3.134937 -34.767904 -2.672689 -1.413322 0.000000 0.849275 55743
car -1 -1 nan nan nan nan nan 1.400829 1.746351 3.541826 -9.464441 -2.969517 -1.225875 0.000000 0.947266 55745
car -1 -1 nan nan nan nan nan 1.249036 1.178946 3.427496 30.375157 -2.217418 -0.844431 0.000000 0.867782 55746
car -1 -1 nan nan nan nan nan 1.498058 1.748863 4.152527 5.725221 -3.239878 -1.089547 0.000000 0.937210 55747
car -1 -1 nan nan nan nan nan 1.210001 1.505940 1.798538 33.075584 2.515904 -0.658028 0.000000 0.793627 55748
car -1 -1 nan nan nan nan nan 0.226998 0.211992 0.233212 37.837511 -1.257943 -1.367449 0.000000 0.201606 55750
car -1 -1 nan nan nan nan nan 1.132430 1.569909 3.709242 -19.727040 -2.449941 -1.547848 0.000000 0.947566 55751
car -1 -1 nan nan nan nan nan 1.378985 1.734981 3.743635 25.694539 -2.566445 -0.830407 0.000000 0.908663 55752
bicycle -1 -1 nan nan nan nan nan 1.039133 0.822299 1.044053 -4.414159 -5.625323 -1.144693 0.000000 0.706892 55749
bicyclist -1 -1 nan nan nan nan nan 1.283011 0.593977 1.669514 35.180494 -1.578932 -0.709435 0.000000 0.795352 55755
