car -1 -1 nan nan nan nan nan 1.088384 0.442358 1.113062 -5.179173 19.579114 -0.999633 0.000000 0.804252 58147
other-vehicle -1 -1 nan nan nan nan nan 2.302024 1.070326 4.362738 24.559167 -0.673203 -0.087100 0.000000 0.655910 58148
car -1 -1 nan nan nan nan nan 1.520812 1.940566 4.266601 -7.748257 2.483890 -1.197078 0.000000 0.948802 58149
other-vehicle -1 -1 nan nan nan nan nan 1.900059 2.249454 1.414175 2.788003 37.879934 -1.050868 0.000000 0.652767 58150
car -1 -1 nan nan nan nan nan 0.617197 0.801525 1.282692 -0.886097 -33.609861 -0.586390 0.000000 0.808946 58151
car -1 -1 nan nan nan nan nan 1.087603 1.593482 3.246778 -28.545081 1.912298 -1.459759 0.000000 0.903960 58152
car -1 -1 nan nan nan nan nan 1.512083 1.748183 4.544562 -17.160084 2.241866 -1.349795 0.000000 0.941472 58153
other-vehicle -1 -1 nan nan nan nan nan 2.152087 1.924562 4.076324 17.979538 -1.342394 -0.414559 0.000000 0.792919 58155
car -1 -1 nan nan nan nan nan 1.699109 1.958512 4.172979 7.735245 2.456783 -0.897053 0.000000 0.932144 58157
car -1 -1 nan nan nan nan nan 1.438045 1.220172 2.952404 -25.783213 -2.568544 -1.343419 0.000000 0.889313 58158
car -1 -1 nan nan nan nan nan 1.705945 1.723513 3.963712 -15.175491 -2.310404 -1.160931 0.000000 0.913869 58159
car -1 -1 nan nan nan nan nan 0.921255 0.229748 0.597901 2.306513 50.228800 -1.883827 0.000000 0.770841 58162
car -1 -1 nan nan nan nan nan 0.949756 1.071404 2.031262 -2.118922 19.670853 -1.498683 0.000000 0.882476 58165
car -1 -1 nan nan nan nan nan 1.485185 1.848646 4.174868 -9.413892 -2.910379 -1.189003 0.000000 0.936524 58166
car -1 -1 nan nan nan nan nan 0.601850 0.483948 0.592119 -1.709556 47.901901 -2.241844 0.000000 0.671264 58167
car -1 -1 nan nan nan nan nan 0.595114 0.749877 1.111778 -44.487442 -3.009134 -2.040155 0.000000 0.569827 58170
car -1 -1 nan nan nan nan nan 1.201724 0.207238 1.022236 -21.962107 -2.009851 -1.371139 0.000000 0.620940 58176
bicyclist -1 -1 nan nan nan nan nan 0.911613 0.532242 1.087893 -1.781077 50.086014 -1.883975 0.000000 0.866220 58142
motorcycle -1 -1 nan nan nan nan nan 1.291546 0.895191 2.218792 -3.751552 2.783492 -1.186959 0.000000 0.910797 58160
bicycle -1 -1 nan nan nan nan nan 0.785118 0.616734 0.300777 -5.960144 16.878922 -1.289359 0.000000 0.775438 58164
bicycle -1 -1 nan nan nan nan nan 0.279827 0.264357 0.430393 -22.065748 -7.047163 -0.979979 0.000000 0.824395 58172
person -1 -1 nan nan nan nan nan 1.735539 1.477510 0.912374 5.576475 -2.635410 -0.800053 0.000000 0.918460 58141
person -1 -1 nan nan nan nan nan 0.575975 0.269051 0.435701 3.740210 -3.035554 -1.252529 0.000000 0.672419 58169
