car -1 -1 nan nan nan nan nan 1.342806 1.742842 3.430218 28.822002 -2.499257 -0.849905 0.000000 0.919812 55646
car -1 -1 nan nan nan nan nan 1.501716 1.644277 4.086361 -31.982126 -2.740355 -1.418050 0.000000 0.924484 55647
car -1 -1 nan nan nan nan nan 1.182821 1.880142 3.796623 -16.982744 -2.611910 -1.486601 0.000000 0.956580 55650
car -1 -1 nan nan nan nan nan 1.470636 1.732338 4.224349 8.862653 -3.155261 -1.042785 0.000000 0.917852 55651
car -1 -1 nan nan nan nan nan 1.397964 1.672599 3.601544 -6.336937 -2.920861 -1.218711 0.000000 0.929463 55654
truck -1 -1 nan nan nan nan nan 0.215094 0.833899 0.421833 45.347288 5.079384 0.244114 0.000000 0.413752 55656
car -1 -1 nan nan nan nan nan 1.367197 1.698861 3.189316 25.703432 2.371291 -0.825122 0.000000 0.900334 55657
car -1 -1 nan nan nan nan nan 1.180955 0.515948 3.409210 33.641403 -1.794809 -0.848772 0.000000 0.832386 55658
car -1 -1 nan nan nan nan nan 1.262833 1.568164 3.723871 -21.608422 -2.513652 -1.420744 0.000000 0.935801 55659
car -1 -1 nan nan nan nan nan 1.414903 1.191865 1.194504 38.082661 -1.748800 -0.560742 0.000000 0.670712 55661
car -1 -1 nan nan nan nan nan 1.112142 1.032890 1.025532 35.898588 2.426231 -0.632663 0.000000 0.572901 55662
car -1 -1 nan nan nan nan nan 1.640768 1.931523 3.397956 2.740970 -3.028538 -0.985389 0.000000 0.969659 55663
bicycle -1 -1 nan nan nan nan nan 0.792088 0.569861 0.699158 -1.173742 -5.472914 -1.177292 0.000000 0.304649 55660
person -1 -1 nan nan nan nan nan 0.940993 0.348973 0.364248 -3.279505 -9.569381 -0.539111 0.000000 0.881999 55648
