car -1 -1 nan nan nan nan nan 1.435723 1.689584 4.463642 -2.376935 -2.758336 -1.136503 0.000000 0.969620 56879
car -1 -1 nan nan nan nan nan 0.906085 0.821045 2.056332 -41.827902 -2.738702 -1.941799 0.000000 0.776370 56881
other-vehicle -1 -1 nan nan nan nan nan 1.511857 1.733191 0.761963 25.927563 -9.005766 0.388563 0.000000 0.697944 56882
car -1 -1 nan nan nan nan nan 1.452207 1.938342 3.676071 -10.005890 2.040633 -1.252494 0.000000 0.927895 56887
car -1 -1 nan nan nan nan nan 1.342437 0.672834 2.717691 -33.337905 -2.802909 -1.794355 0.000000 0.870354 56888
car -1 -1 nan nan nan nan nan 0.886864 1.088071 2.004056 -3.724066 -9.725874 -0.955030 0.000000 0.671020 56890
car -1 -1 nan nan nan nan nan 1.540811 1.768454 4.168326 10.013991 2.339528 -0.817897 0.000000 0.930120 56891
car -1 -1 nan nan nan nan nan 1.231983 1.765899 4.540967 1.054258 2.248502 -0.812283 0.000000 0.941563 56893
car -1 -1 nan nan nan nan nan 1.431909 1.814171 3.540192 -26.860903 -3.546704 -1.758163 0.000000 0.919729 56894
car -1 -1 nan nan nan nan nan 1.460144 1.720442 4.084219 8.612730 -2.914014 -0.966493 0.000000 0.921963 56895
car -1 -1 nan nan nan nan nan 1.680993 1.604288 3.996880 2.869660 -2.287671 -0.908209 0.000000 0.858873 56898
car -1 -1 nan nan nan nan nan 1.543691 1.744058 4.115975 -7.091334 -2.887901 -1.190200 0.000000 0.951578 56899
car -1 -1 nan nan nan nan nan 1.513978 1.597234 2.938814 25.884328 2.551986 -0.469376 0.000000 0.866231 56900
truck -1 -1 nan nan nan nan nan 1.949176 1.858422 1.188072 35.222691 -1.343528 0.031830 0.000000 0.848037 56901
car -1 -1 nan nan nan nan nan 1.126026 0.228179 0.391510 26.065113 -2.050594 -0.722606 0.000000 0.652366 56903
person -1 -1 nan nan nan nan nan 1.187020 0.342263 0.501912 13.913916 -2.958425 -0.585974 0.000000 0.761156 56885
person -1 -1 nan nan nan nan nan 1.314017 0.325254 0.614771 23.943021 -2.161192 -0.639610 0.000000 0.899819 56889
person -1 -1 nan nan nan nan nan 1.310027 0.339261 0.463875 30.457621 -2.074097 -0.495599 0.000000 0.893769 56892
person -1 -1 nan nan nan nan nan 1.214008 0.430327 0.384979 41.282238 -0.376286 0.232060 0.000000 0.759036 56896
person -1 -1 nan nan nan nan nan 1.188989 0.415310 0.374063 19.189353 -4.449002 -0.417711 0.000000 0.841783 56897
person -1 -1 nan nan nan nan nan 0.613049 0.615467 0.308498 24.447123 4.362886 -0.139331 0.000000 0.815315 56902
person -1 -1 nan nan nan nan nan 0.224061 0.992977 0.437082 -4.763095 -7.841926 -1.097622 0.000000 0.312878 56905
