car -1 -1 nan nan nan nan nan 1.917325 1.626566 4.328201 10.104294 -2.636836 -0.717553 0.000000 0.921007 59753
truck -1 -1 nan nan nan nan nan 0.862340 2.702780 0.746532 -43.787615 -9.150871 1.277330 0.000000 0.760361 59754
car -1 -1 nan nan nan nan nan 1.310254 1.148752 3.581434 20.733968 -2.753911 -0.737029 0.000000 0.904809 59763
car -1 -1 nan nan nan nan nan 1.251612 2.380538 0.589302 40.029663 3.540808 -0.011330 0.000000 0.859644 59764
other-vehicle -1 -1 nan nan nan nan nan 0.545055 0.405080 0.742411 -1.502721 -16.004629 -1.855087 0.000000 0.860710 59765
car -1 -1 nan nan nan nan nan 2.095826 0.673989 4.206146 -18.537085 -2.282569 -1.150974 0.000000 0.835027 59766
car -1 -1 nan nan nan nan nan 1.430709 1.717390 4.265107 -2.449590 -2.860621 -1.184447 0.000000 0.972450 59767
car -1 -1 nan nan nan nan nan 1.652263 2.074287 4.221241 4.190279 -2.898537 -0.899017 0.000000 0.960322 59771
car -1 -1 nan nan nan nan nan 0.776264 0.887001 2.370193 -45.078300 -3.923995 -2.584729 0.000000 0.842068 59772
car -1 -1 nan nan nan nan nan 1.424327 1.513659 2.991059 15.564884 -2.986325 -0.828964 0.000000 0.919238 59773
car -1 -1 nan nan nan nan nan 0.751373 1.272760 0.537224 37.634396 9.330692 -0.232852 0.000000 0.648636 59774
car -1 -1 nan nan nan nan nan 1.284312 2.673479 0.917885 34.715771 5.289953 -0.076340 0.000000 0.755902 59775
other-vehicle -1 -1 nan nan nan nan nan 2.439736 2.181711 5.880717 -11.617100 -2.912017 -0.836820 0.000000 0.820371 59778
car -1 -1 nan nan nan nan nan 1.639826 1.855966 4.222054 -28.838614 1.216911 -1.513514 0.000000 0.849307 59779
car -1 -1 nan nan nan nan nan 0.298889 0.630878 0.277058 42.528765 2.956925 0.489385 0.000000 0.673242 59780
bicycle -1 -1 nan nan nan nan nan 0.508197 1.209897 0.769896 -18.722222 9.394430 -0.461807 0.000000 0.852492 59756
bicyclist -1 -1 nan nan nan nan nan 1.233038 0.605859 1.070274 -42.751175 2.534135 -0.233130 0.000000 0.377194 59762
person -1 -1 nan nan nan nan nan 0.739778 0.478921 0.425014 -31.249678 2.921338 -1.324988 0.000000 0.053956 59760
person -1 -1 nan nan nan nan nan 0.762035 0.360928 0.217793 25.328615 5.379396 -0.095010 0.000000 0.889537 59768
