car -1 -1 nan nan nan nan nan 1.495042 4.428292 1.847105 17.254649 6.435485 -0.568881 0.000000 0.942592 60628
car -1 -1 nan nan nan nan nan 0.962022 0.320052 0.501266 49.518112 3.686661 -0.351373 0.000000 0.739743 60631
car -1 -1 nan nan nan nan nan 1.648653 1.935380 4.488194 -12.997337 -3.038676 -1.062244 0.000000 0.934984 60632
car -1 -1 nan nan nan nan nan 1.233960 0.750111 3.306324 30.181215 -3.622534 -0.834700 0.000000 0.863909 60635
car -1 -1 nan nan nan nan nan 1.416146 1.794032 4.252139 3.626925 -2.886349 -1.118710 0.000000 0.974428 60636
car -1 -1 nan nan nan nan nan 0.409575 2.142984 1.349033 14.043132 -24.613933 -1.389695 0.000000 0.827450 60638
car -1 -1 nan nan nan nan nan 0.474077 0.528093 0.968193 38.872643 3.657602 -0.574394 0.000000 0.762366 60640
car -1 -1 nan nan nan nan nan 1.008097 1.448216 0.974438 27.967669 3.843546 -0.207453 0.000000 0.713549 60641
other-vehicle -1 -1 nan nan nan nan nan 2.803638 2.704408 5.878338 36.584486 -3.914637 0.073210 0.000000 0.697747 60643
car -1 -1 nan nan nan nan nan 1.903327 2.105977 4.775307 -6.623526 -2.978173 -0.929791 0.000000 0.962460 60644
car -1 -1 nan nan nan nan nan 1.340012 1.115543 3.677532 -19.674938 -2.970921 -1.246870 0.000000 0.937121 60645
car -1 -1 nan nan nan nan nan 1.393915 1.459138 3.745516 24.438518 -4.038986 -0.838749 0.000000 0.907841 60646
car -1 -1 nan nan nan nan nan 0.870193 3.068152 1.479113 17.129251 12.125882 -0.161545 0.000000 0.869909 60648
car -1 -1 nan nan nan nan nan 1.335217 3.080353 2.160015 22.925133 4.196497 -0.495914 0.000000 0.920367 60650
other-vehicle -1 -1 nan nan nan nan nan 2.164828 2.199458 4.445147 -29.308574 -3.473911 -0.770622 0.000000 0.799455 60653
car -1 -1 nan nan nan nan nan 0.208271 0.938805 0.547261 11.808959 -29.548502 -1.688636 0.000000 0.511556 60654
car -1 -1 nan nan nan nan nan 0.620091 0.727134 0.221733 47.191288 4.193243 -0.477285 0.000000 0.740116 60659
car -1 -1 nan nan nan nan nan 0.829313 1.547592 0.990410 -44.530743 0.457857 -1.657569 0.000000 0.800157 60660
car -1 -1 nan nan nan nan nan 1.417169 1.697375 3.402924 -1.658544 -3.017059 -1.100072 0.000000 0.961209 60661
car -1 -1 nan nan nan nan nan 0.648144 2.583326 1.291935 25.454422 4.270060 -0.156452 0.000000 0.824252 60664
bicyclist -1 -1 nan nan nan nan nan 0.391954 0.356056 0.452963 2.769731 -32.295700 -2.399948 0.000000 0.633623 60630
