car -1 -1 nan nan nan nan nan 1.668903 1.850964 4.447905 -2.106346 -2.927875 -0.999791 0.000000 0.954651 60028
car -1 -1 nan nan nan nan nan 0.233057 0.367105 0.610031 49.535351 3.049370 0.245968 0.000000 0.592635 60029
car -1 -1 nan nan nan nan nan 1.686922 0.953245 0.924450 31.369370 -14.741508 0.326987 0.000000 0.782902 60031
other-vehicle -1 -1 nan nan nan nan nan 1.914389 0.334808 4.564775 -24.972817 -2.301163 -1.379961 0.000000 0.876766 60032
car -1 -1 nan nan nan nan nan 1.408981 1.614472 3.953836 14.193229 -2.900866 -0.794611 0.000000 0.939038 60035
car -1 -1 nan nan nan nan nan 1.048814 0.334011 1.817070 -37.782845 2.576343 -2.013358 0.000000 0.506166 60036
car -1 -1 nan nan nan nan nan 0.970949 0.568148 1.830612 40.364166 -3.977138 -0.147975 0.000000 0.633156 60038
truck -1 -1 nan nan nan nan nan 1.525015 2.203622 1.843346 49.371056 -4.199673 1.125089 0.000000 0.459506 60042
car -1 -1 nan nan nan nan nan 1.344898 1.723377 4.131606 -8.887928 -2.994797 -1.318171 0.000000 0.927190 60043
other-vehicle -1 -1 nan nan nan nan nan 0.276027 1.157325 0.244030 37.419420 -10.454457 -0.474824 0.000000 0.809752 60044
car -1 -1 nan nan nan nan nan 1.508021 1.782520 3.144485 8.835522 -3.126993 -0.928890 0.000000 0.945885 60045
car -1 -1 nan nan nan nan nan 0.849982 1.617470 1.627728 34.316648 -4.440775 -0.272422 0.000000 0.825929 60046
car -1 -1 nan nan nan nan nan 1.201135 3.427927 1.835966 28.129764 5.742133 0.056200 0.000000 0.956999 60049
truck -1 -1 nan nan nan nan nan 2.201034 2.307636 3.047916 45.935003 -4.399744 0.671063 0.000000 0.745374 60051
car -1 -1 nan nan nan nan nan 1.217326 2.780775 1.459949 33.769335 3.782077 0.113135 0.000000 0.904943 60052
car -1 -1 nan nan nan nan nan 1.274011 2.301604 3.603222 -35.233057 1.337699 -1.799991 0.000000 0.919340 60053
car -1 -1 nan nan nan nan nan 0.639184 0.326008 0.469429 -34.814667 2.551428 -1.034891 0.000000 0.711354 60055
other-vehicle -1 -1 nan nan nan nan nan 2.473791 2.296242 5.924698 -18.231594 -3.007581 -1.045673 0.000000 0.801048 60056
car -1 -1 nan nan nan nan nan 2.090744 2.293615 4.525651 3.652078 -2.933446 -0.874627 0.000000 0.942381 60058
car -1 -1 nan nan nan nan nan 0.899048 0.678120 1.558338 28.202564 10.676934 0.222577 0.000000 0.721196 60060
person -1 -1 nan nan nan nan nan 0.709989 0.418117 0.318470 18.600233 5.391530 0.050847 0.000000 0.882594 60039
