car -1 -1 nan nan nan nan nan 1.867045 2.062286 4.029158 5.106607 -3.076842 -0.839902 0.000000 0.976439 60515
car -1 -1 nan nan nan nan nan 0.283190 1.370759 1.276516 -44.468023 1.396440 -0.227664 0.000000 0.796897 60516
car -1 -1 nan nan nan nan nan 1.401151 0.730848 1.888499 12.184732 19.883391 0.146161 0.000000 0.821332 60519
car -1 -1 nan nan nan nan nan 1.362625 1.274028 3.821064 -18.090679 -2.957700 -1.225963 0.000000 0.946083 60520
car -1 -1 nan nan nan nan nan 1.311944 2.823175 2.355129 26.513189 4.235798 -0.492265 0.000000 0.920011 60521
other-vehicle -1 -1 nan nan nan nan nan 1.365031 0.208999 2.155762 37.945763 -6.821121 0.585011 0.000000 0.054697 60522
car -1 -1 nan nan nan nan nan 1.194964 2.525037 1.364935 18.739669 11.788949 -0.169840 0.000000 0.912523 60524
car -1 -1 nan nan nan nan nan 1.888821 1.837999 4.721071 -5.245640 -2.753074 -0.878882 0.000000 0.969050 60525
car -1 -1 nan nan nan nan nan 1.367230 1.436103 3.637165 26.057190 -4.134295 -0.847087 0.000000 0.878879 60527
other-vehicle -1 -1 nan nan nan nan nan 2.254567 2.212180 4.832901 -27.767265 -3.339728 -0.662082 0.000000 0.729119 60528
car -1 -1 nan nan nan nan nan 1.662734 1.886124 4.579597 -11.267441 -2.958480 -1.037506 0.000000 0.943622 60529
car -1 -1 nan nan nan nan nan 1.295241 0.822053 3.245251 31.775152 -3.764320 -0.887109 0.000000 0.897187 60530
car -1 -1 nan nan nan nan nan 1.493886 4.091130 1.914444 19.017984 6.214769 -0.572724 0.000000 0.952056 60531
car -1 -1 nan nan nan nan nan 0.490824 0.592054 0.993382 40.541395 3.507335 -0.608732 0.000000 0.698903 60532
car -1 -1 nan nan nan nan nan 1.148213 1.951873 3.255012 -0.105036 -2.980399 -0.911152 0.000000 0.949776 60533
car -1 -1 nan nan nan nan nan 1.062725 1.369095 0.869986 29.591277 3.688790 -0.231691 0.000000 0.648918 60534
car -1 -1 nan nan nan nan nan 1.184760 3.010189 0.995302 24.250924 4.118271 -0.425831 0.000000 0.889689 60535
other-vehicle -1 -1 nan nan nan nan nan 2.952376 2.709219 6.629265 38.592030 -4.090876 0.077419 0.000000 0.488890 60536
other-vehicle -1 -1 nan nan nan nan nan 0.857014 0.223995 2.801357 -33.809801 -2.620497 -0.543981 0.000000 0.425135 60539
car -1 -1 nan nan nan nan nan 1.173931 1.647769 1.808010 -43.303480 0.647261 -1.463799 0.000000 0.800684 60540
other-vehicle -1 -1 nan nan nan nan nan 1.546832 0.211704 2.132545 -35.362297 -2.605096 -0.900350 0.000000 0.497584 60547
bicyclist -1 -1 nan nan nan nan nan 0.640916 0.411041 0.239197 48.883362 3.832895 -0.502842 0.000000 0.851837 60517
