car -1 -1 nan nan nan nan nan 1.509198 2.516781 4.472686 -4.246218 -3.181229 -1.010781 0.000000 0.973035 60127
truck -1 -1 nan nan nan nan nan 2.130030 2.387665 5.864590 45.078264 -4.212660 0.663829 0.000000 0.784494 60128
car -1 -1 nan nan nan nan nan 1.154989 1.211328 1.998367 26.089609 10.863545 0.059563 0.000000 0.766630 60130
other-vehicle -1 -1 nan nan nan nan nan 2.373639 2.174219 5.548475 -20.519231 -3.162783 -1.132296 0.000000 0.518817 60132
car -1 -1 nan nan nan nan nan 1.418978 1.723617 3.914319 11.994137 -2.869516 -0.813563 0.000000 0.952600 60133
car -1 -1 nan nan nan nan nan 0.280010 0.942268 0.380146 36.423536 3.521995 0.906117 0.000000 0.440086 60137
car -1 -1 nan nan nan nan nan 1.359745 1.669129 4.212482 -11.004331 -3.015701 -1.399850 0.000000 0.919487 60138
car -1 -1 nan nan nan nan nan 0.731995 0.339099 2.011677 38.137148 -3.717537 -0.218189 0.000000 0.769753 60141
other-vehicle -1 -1 nan nan nan nan nan 2.161516 0.271248 3.624805 -27.648916 -2.393352 -1.572027 0.000000 0.498458 60142
car -1 -1 nan nan nan nan nan 1.236005 3.601024 1.871395 25.767023 5.934726 -0.002890 0.000000 0.902739 60143
car -1 -1 nan nan nan nan nan 1.136033 2.781797 0.771154 31.079038 3.916623 0.119126 0.000000 0.871060 60144
car -1 -1 nan nan nan nan nan 1.471958 1.777776 3.156560 6.577693 -3.083749 -0.951008 0.000000 0.899866 60145
car -1 -1 nan nan nan nan nan 1.520773 2.442657 3.639187 -37.415724 1.269601 -1.999930 0.000000 0.961826 60146
car -1 -1 nan nan nan nan nan 1.702169 1.716817 4.654379 1.603154 -2.641417 -0.711804 0.000000 0.936073 60150
car -1 -1 nan nan nan nan nan 1.366979 1.726486 3.750834 33.053924 -4.317226 -0.139693 0.000000 0.884591 60154
bicyclist -1 -1 nan nan nan nan nan 0.228026 0.308065 0.212486 -40.152885 2.191755 -1.689178 0.000000 0.633475 60129
person -1 -1 nan nan nan nan nan 0.632004 0.427122 0.349394 16.310842 5.434217 0.066001 0.000000 0.822394 60136
