car -1 -1 nan nan nan nan nan 1.415104 1.637972 4.240339 13.274240 -3.041811 -1.083736 0.000000 0.957630 59158
car -1 -1 nan nan nan nan nan 0.679876 0.415404 0.711952 -37.223061 0.511462 -1.543800 0.000000 0.670588 59159
car -1 -1 nan nan nan nan nan 1.740945 1.039388 4.151243 26.359555 -2.677573 -0.865610 0.000000 0.937820 59166
other-vehicle -1 -1 nan nan nan nan nan 2.296712 2.185165 4.677064 3.871329 -2.900231 -0.728582 0.000000 0.873515 59167
car -1 -1 nan nan nan nan nan 1.623965 1.767261 4.442865 20.242438 -3.005441 -0.879117 0.000000 0.940136 59169
car -1 -1 nan nan nan nan nan 2.109942 2.014068 4.830717 -2.144022 -2.878354 -0.701469 0.000000 0.950096 59171
car -1 -1 nan nan nan nan nan 1.685684 1.971233 4.721910 -12.577013 1.256994 -1.034843 0.000000 0.960616 59173
car -1 -1 nan nan nan nan nan 1.277888 1.532775 2.107227 -27.857615 1.288176 -1.336456 0.000000 0.845265 59175
car -1 -1 nan nan nan nan nan 0.789149 1.399794 1.613590 -34.970037 -2.775913 -1.569122 0.000000 0.849454 59176
car -1 -1 nan nan nan nan nan 1.389737 1.342626 3.395552 -30.079436 -3.656885 -1.500049 0.000000 0.930509 59178
motorcycle -1 -1 nan nan nan nan nan 1.266978 0.333689 0.656879 -25.559563 -4.042174 -1.271781 0.000000 0.907242 59163
bicycle -1 -1 nan nan nan nan nan 0.310988 0.322469 0.559366 -1.252521 -9.569376 -0.546968 0.000000 0.496298 59165
bicycle -1 -1 nan nan nan nan nan 0.984060 0.221896 0.250557 -31.027336 -6.021983 -1.516719 0.000000 0.441305 59172
person -1 -1 nan nan nan nan nan 1.027008 0.547866 0.299803 -12.011675 -4.235308 -0.812403 0.000000 0.781462 59160
person -1 -1 nan nan nan nan nan 0.533005 0.325407 0.319118 22.240204 5.953265 0.291510 0.000000 0.782248 59164
person -1 -1 nan nan nan nan nan 1.301906 0.396030 0.394157 -23.500866 -4.059711 -1.381389 0.000000 0.909574 59181
