other-vehicle -1 -1 nan nan nan nan nan 2.354639 2.160193 5.458034 -3.166295 -2.896623 -0.768611 0.000000 0.883688 59411
car -1 -1 nan nan nan nan nan 1.691392 2.212453 4.477623 -20.328913 0.913341 -1.483402 0.000000 0.917964 59415
other-vehicle -1 -1 nan nan nan nan nan 0.411978 1.142010 0.387061 -10.263841 9.268991 -0.306584 0.000000 0.745523 59418
other-vehicle -1 -1 nan nan nan nan nan 1.546170 2.543929 1.728424 -35.428265 -8.904180 0.821231 0.000000 0.779240 59419
car -1 -1 nan nan nan nan nan 0.512148 1.834749 0.303741 43.067863 5.631735 0.400600 0.000000 0.465762 59420
car -1 -1 nan nan nan nan nan 1.448220 1.995146 4.176247 5.784967 -2.926000 -1.050089 0.000000 0.926797 59422
car -1 -1 nan nan nan nan nan 1.662534 1.914511 4.259353 12.665671 -2.673882 -0.798714 0.000000 0.951442 59424
car -1 -1 nan nan nan nan nan 2.207524 1.062307 4.767258 -9.722391 -2.562593 -1.001018 0.000000 0.961862 59425
car -1 -1 nan nan nan nan nan 1.182583 2.279694 0.659916 48.761049 3.918487 0.117649 0.000000 0.868622 59426
car -1 -1 nan nan nan nan nan 1.730896 1.377703 4.247431 18.808393 -2.282578 -0.601347 0.000000 0.939154 59427
car -1 -1 nan nan nan nan nan 0.634856 1.085716 0.739052 -36.314281 -4.286957 -2.505773 0.000000 0.638811 59428
car -1 -1 nan nan nan nan nan 1.198586 0.860849 3.328907 29.441608 -2.358142 -0.623974 0.000000 0.874175 59430
car -1 -1 nan nan nan nan nan 0.331380 1.246130 1.106641 -8.151492 7.644581 -0.439978 0.000000 0.553460 59434
car -1 -1 nan nan nan nan nan 0.557447 0.962761 0.846306 -42.322380 -3.726281 -2.547805 0.000000 0.797276 59435
car -1 -1 nan nan nan nan nan 1.190199 0.643744 2.124550 -35.204693 0.208476 -1.909750 0.000000 0.614468 59439
bicycle -1 -1 nan nan nan nan nan 0.202730 0.245068 0.334358 -35.029007 3.517352 -1.362990 0.000000 0.531624 59440
person -1 -1 nan nan nan nan nan 0.287038 0.313944 0.514490 14.510132 6.305700 0.230204 0.000000 0.809024 59417
person -1 -1 nan nan nan nan nan 1.342708 0.420742 0.403446 -31.068176 -4.632919 -1.937788 0.000000 0.796987 59423
person -1 -1 nan nan nan nan nan 1.440520 0.669912 0.395050 46.680912 3.957475 0.562653 0.000000 0.806087 59436
