other-vehicle -1 -1 nan nan nan nan nan 2.147373 2.064833 2.109501 -32.908548 -13.824099 -0.296255 0.000000 0.887013 61437
car -1 -1 nan nan nan nan nan 0.328033 0.314123 0.641304 44.416553 20.063069 -1.507460 0.000000 0.717918 61438
car -1 -1 nan nan nan nan nan 0.873876 0.570919 0.789101 18.265589 -45.096506 -2.096455 0.000000 0.777583 61439
car -1 -1 nan nan nan nan nan 1.474880 3.918602 2.837522 -0.634177 30.957767 -0.568820 0.000000 0.934080 61440
car -1 -1 nan nan nan nan nan 1.493512 2.426484 2.883823 -7.794716 -4.982493 -1.086040 0.000000 0.940086 61442
car -1 -1 nan nan nan nan nan 0.216776 1.052608 0.314108 15.842238 -25.511509 -1.218161 0.000000 0.717546 61443
car -1 -1 nan nan nan nan nan 1.469311 3.862792 2.712172 4.788734 15.843449 -0.956035 0.000000 0.902034 61445
car -1 -1 nan nan nan nan nan 0.538952 1.222440 0.670946 25.690673 -14.627208 -1.734008 0.000000 0.559841 61447
other-vehicle -1 -1 nan nan nan nan nan 3.128799 4.200006 5.746542 28.470122 6.757823 -0.311797 0.000000 0.375900 61450
car -1 -1 nan nan nan nan nan 1.394246 1.829427 1.552987 15.692171 10.346514 -0.973458 0.000000 0.906447 61451
car -1 -1 nan nan nan nan nan 0.948041 1.062717 0.567253 35.932781 18.006624 -1.111658 0.000000 0.770329 61453
car -1 -1 nan nan nan nan nan 1.370010 2.744272 2.478153 1.581478 25.339738 -0.816874 0.000000 0.928724 61455
car -1 -1 nan nan nan nan nan 1.476878 1.511594 3.038065 22.345527 4.974688 -1.144011 0.000000 0.923663 61456
car -1 -1 nan nan nan nan nan 1.429034 4.048968 3.017481 7.062763 10.041296 -1.015864 0.000000 0.954007 61457
car -1 -1 nan nan nan nan nan 0.897449 3.653666 1.910729 13.856255 -19.539371 -1.181323 0.000000 0.870351 61458
car -1 -1 nan nan nan nan nan 1.391803 2.151913 4.304060 -2.694403 -3.077692 -1.138054 0.000000 0.953610 61460
car -1 -1 nan nan nan nan nan 1.848793 2.784304 4.573699 -12.832843 -6.329872 -0.829035 0.000000 0.930743 61462
car -1 -1 nan nan nan nan nan 1.038871 0.929482 2.110460 -25.395404 -10.682189 -1.037806 0.000000 0.484650 61463
car -1 -1 nan nan nan nan nan 0.920057 0.992483 1.407446 28.193297 14.729815 -1.279948 0.000000 0.737219 61464
car -1 -1 nan nan nan nan nan 1.262114 0.899982 1.260868 23.551817 13.214936 -0.988123 0.000000 0.818179 61465
car -1 -1 nan nan nan nan nan 1.450985 2.276120 3.374420 16.971022 2.741375 -1.080251 0.000000 0.941193 61468
car -1 -1 nan nan nan nan nan 1.568704 1.963045 3.141972 -18.425684 -8.157532 -0.863090 0.000000 0.915902 61469
car -1 -1 nan nan nan nan nan 1.451161 1.834785 1.772566 18.227683 11.371417 -0.958837 0.000000 0.851246 61470
car -1 -1 nan nan nan nan nan 1.472008 3.914246 2.962990 12.865808 10.308457 -0.890615 0.000000 0.917903 61472
car -1 -1 nan nan nan nan nan 0.986014 0.288023 1.042122 38.522995 18.040288 -1.178667 0.000000 0.847377 61473
other-vehicle -1 -1 nan nan nan nan nan 1.035439 1.188435 2.552382 27.143525 -31.820086 -1.909302 0.000000 0.883963 61479
bicycle -1 -1 nan nan nan nan nan 0.534005 0.395805 0.467466 17.908067 -0.363658 -1.164019 0.000000 0.809090 61441
person -1 -1 nan nan nan nan nan 0.739029 0.598799 0.510239 24.746943 17.484199 0.150218 0.000000 0.871564 61444
person -1 -1 nan nan nan nan nan 0.797122 0.581964 0.656291 2.765622 26.208125 -0.226027 0.000000 0.703415 61475
