other-vehicle -1 -1 nan nan nan nan nan 2.309053 2.186641 4.748337 9.023735 -3.286644 -0.562965 0.000000 0.800165 58977
car -1 -1 nan nan nan nan nan 1.547190 1.582527 3.707609 25.347392 -4.861063 -0.907586 0.000000 0.946986 58979
car -1 -1 nan nan nan nan nan 1.740673 1.662175 4.203002 -6.853988 1.994650 -0.957789 0.000000 0.943206 58980
car -1 -1 nan nan nan nan nan 1.266307 0.597818 2.598301 -31.947084 3.601239 -1.261301 0.000000 0.874407 58982
car -1 -1 nan nan nan nan nan 1.708215 0.928467 4.000372 31.555272 -5.014890 -0.695028 0.000000 0.910260 58985
car -1 -1 nan nan nan nan nan 1.311131 0.723098 4.015673 18.508195 -3.825264 -1.029710 0.000000 0.939832 58986
car -1 -1 nan nan nan nan nan 1.399284 1.773349 3.997288 -24.748955 -1.500432 -1.496406 0.000000 0.948365 58990
car -1 -1 nan nan nan nan nan 1.413997 1.189987 4.237041 -30.266661 -0.220922 -1.295576 0.000000 0.834517 58991
car -1 -1 nan nan nan nan nan 1.507919 1.826782 4.004862 -22.865226 3.427609 -1.162303 0.000000 0.866498 58993
truck -1 -1 nan nan nan nan nan 0.720400 0.456287 1.307579 -41.104347 0.452170 -1.208521 0.000000 0.665391 58994
car -1 -1 nan nan nan nan nan 2.102105 1.710890 4.852683 2.829803 -2.855460 -0.693423 0.000000 0.863109 58996
bicycle -1 -1 nan nan nan nan nan 0.987714 0.302255 0.607309 -20.280807 -2.197172 -1.103188 0.000000 0.788730 58975
motorcycle -1 -1 nan nan nan nan nan 0.893026 0.586117 1.610460 -19.031960 3.363110 -1.058028 0.000000 0.727418 58992
person -1 -1 nan nan nan nan nan 1.319209 0.431545 0.557615 -9.161857 -3.591548 -1.208194 0.000000 0.347121 58988
person -1 -1 nan nan nan nan nan 1.660117 0.681322 0.472758 -7.474714 -3.436797 -1.051046 0.000000 0.667512 58997
