car -1 -1 nan nan nan nan nan 1.426984 3.713674 1.704235 22.472977 6.016482 -0.146988 0.000000 0.953491 60295
car -1 -1 nan nan nan nan nan 0.295977 0.349926 1.161516 27.675368 -39.957285 -2.083309 0.000000 0.616579 60297
car -1 -1 nan nan nan nan nan 1.802418 1.639766 4.629739 -1.811914 -2.795678 -0.836377 0.000000 0.972870 60299
other-vehicle -1 -1 nan nan nan nan nan 2.125111 2.163738 1.976942 -22.254060 -3.254571 -1.058094 0.000000 0.136646 60302
car -1 -1 nan nan nan nan nan 0.411693 1.328983 0.265078 18.572185 -25.199722 -1.180417 0.000000 0.816944 60303
car -1 -1 nan nan nan nan nan 1.459671 1.677440 3.946129 8.616034 -2.918290 -0.914845 0.000000 0.930288 60306
car -1 -1 nan nan nan nan nan 0.437055 0.355013 0.451684 -6.897330 -16.241588 -2.078386 0.000000 0.753517 60307
car -1 -1 nan nan nan nan nan 1.418469 1.461899 4.054971 -14.475217 -2.976924 -1.478298 0.000000 0.928296 60309
car -1 -1 nan nan nan nan nan 0.375974 0.951933 0.717955 30.380231 3.301786 0.489071 0.000000 0.595949 60310
other-vehicle -1 -1 nan nan nan nan nan 2.113349 0.360801 3.611357 -31.105561 -2.559751 -1.554642 0.000000 0.632762 60313
car -1 -1 nan nan nan nan nan 1.688440 2.040532 4.706419 -7.660225 -2.974304 -1.179493 0.000000 0.911218 60314
car -1 -1 nan nan nan nan nan 1.936702 1.933678 3.057673 3.226301 -3.122949 -0.893242 0.000000 0.942093 60315
car -1 -1 nan nan nan nan nan 1.380928 1.588973 2.112482 22.575107 11.236605 0.094614 0.000000 0.852038 60316
car -1 -1 nan nan nan nan nan 1.069046 1.702883 3.345629 29.393786 -4.309214 -0.372331 0.000000 0.790156 60317
car -1 -1 nan nan nan nan nan 0.486039 0.474980 0.519009 43.812815 3.372355 0.101029 0.000000 0.773237 60318
other-vehicle -1 -1 nan nan nan nan nan 2.246468 0.313107 3.103672 -25.146296 -2.320215 -1.138893 0.000000 0.498930 60319
car -1 -1 nan nan nan nan nan 1.196544 2.754798 1.302986 28.023949 3.958220 0.051244 0.000000 0.910851 60320
car -1 -1 nan nan nan nan nan 1.649271 1.875643 3.097290 -40.651356 0.676636 -1.908300 0.000000 0.877241 60321
other-vehicle -1 -1 nan nan nan nan nan 2.317827 4.091803 5.831394 41.720404 -4.901776 0.533994 0.000000 0.785271 60322
car -1 -1 nan nan nan nan nan 1.213150 0.529968 1.732105 34.630831 -3.784796 -0.286278 0.000000 0.808208 60324
other-vehicle -1 -1 nan nan nan nan nan 0.230868 0.554979 0.300823 47.183153 4.793302 1.399077 0.000000 0.466263 60327
bicycle -1 -1 nan nan nan nan nan 0.563009 0.418002 1.311211 29.050743 -14.759126 -1.115674 0.000000 0.680698 60301
bicycle -1 -1 nan nan nan nan nan 0.909897 0.450981 0.533567 29.232865 -7.348030 -0.667609 0.000000 0.648965 60312
person -1 -1 nan nan nan nan nan 0.482108 0.431984 0.316668 32.074508 -23.289772 0.579545 0.000000 0.391738 60308
