car -1 -1 nan nan nan nan nan 1.483488 2.531994 1.683779 5.621051 4.845764 -0.817199 0.000000 0.908738 65058
car -1 -1 nan nan nan nan nan 0.860979 1.596161 0.984184 47.862919 -5.968218 -0.912104 0.000000 0.706705 65059
car -1 -1 nan nan nan nan nan 0.631371 0.778538 1.691185 -37.003677 0.224958 -1.604877 0.000000 0.782875 65060
car -1 -1 nan nan nan nan nan 1.340725 2.716586 0.975489 24.795674 3.018548 -0.659471 0.000000 0.942696 65063
car -1 -1 nan nan nan nan nan 1.295913 3.011239 1.595842 -13.423946 6.748900 -0.942846 0.000000 0.894783 65064
car -1 -1 nan nan nan nan nan 0.427099 0.347474 0.366787 37.832842 1.690827 -0.799792 0.000000 0.701848 65065
car -1 -1 nan nan nan nan nan 1.345917 1.989157 3.264814 -26.462174 -0.942390 -1.506440 0.000000 0.873039 65067
car -1 -1 nan nan nan nan nan 1.555595 1.899148 3.719144 -1.350703 -3.728606 -1.040466 0.000000 0.931920 65068
car -1 -1 nan nan nan nan nan 1.478353 2.567179 1.525513 16.573912 3.969141 -0.766193 0.000000 0.937942 65071
other-vehicle -1 -1 nan nan nan nan nan 2.220409 2.589124 6.817261 5.302057 -3.898096 -0.622135 0.000000 0.890646 65073
truck -1 -1 nan nan nan nan nan 1.134223 1.152587 1.004768 46.538898 1.258237 -0.213597 0.000000 0.832910 65074
car -1 -1 nan nan nan nan nan 1.534665 1.859593 3.720500 -6.602496 -3.553833 -1.050962 0.000000 0.956536 65076
car -1 -1 nan nan nan nan nan 1.377417 2.473272 1.655150 -7.723717 4.537001 -0.887272 0.000000 0.948495 65077
car -1 -1 nan nan nan nan nan 0.946105 3.540006 1.640102 -13.042237 13.598847 -0.663787 0.000000 0.903401 65079
car -1 -1 nan nan nan nan nan 1.584381 3.433463 1.910528 -2.882839 5.027165 -0.811899 0.000000 0.961250 65081
car -1 -1 nan nan nan nan nan 1.439856 1.378748 2.237785 18.831940 2.870289 -0.773602 0.000000 0.907928 65082
car -1 -1 nan nan nan nan nan 1.306409 2.403480 1.785364 7.919726 4.061174 -0.893907 0.000000 0.902215 65083
car -1 -1 nan nan nan nan nan 1.492034 2.541636 1.680771 -5.456231 4.654525 -0.864023 0.000000 0.868676 65084
car -1 -1 nan nan nan nan nan 0.930268 0.852149 0.583817 37.882622 4.184225 -0.316148 0.000000 0.730242 65085
car -1 -1 nan nan nan nan nan 0.764951 1.031239 2.833649 18.466566 5.336881 -0.111153 0.000000 0.498367 65088
car -1 -1 nan nan nan nan nan 1.536425 3.863965 1.714404 2.948368 5.218579 -0.781680 0.000000 0.909730 65089
person -1 -1 nan nan nan nan nan 1.756031 0.658844 0.857197 19.546717 -6.473385 -0.836118 0.000000 0.951567 65069
person -1 -1 nan nan nan nan nan 0.971165 0.578793 0.459099 39.985600 1.562149 -0.594808 0.000000 0.874234 65087
