car -1 -1 nan nan nan nan nan 1.517997 3.427531 1.756336 7.370594 4.898916 -0.790370 0.000000 0.913351 64811
car -1 -1 nan nan nan nan nan 0.902389 1.507097 1.661552 -39.317581 1.479251 -1.264525 0.000000 0.782184 64813
car -1 -1 nan nan nan nan nan 1.089954 0.698713 0.799549 44.462645 0.177183 -0.408043 0.000000 0.787182 64814
car -1 -1 nan nan nan nan nan 0.832003 1.554512 0.655563 -6.728239 34.924122 -0.563169 0.000000 0.572577 64815
car -1 -1 nan nan nan nan nan 0.612404 3.631544 1.698042 -8.483545 13.898600 -0.643956 0.000000 0.941790 64816
car -1 -1 nan nan nan nan nan 1.253430 1.832235 4.595034 -22.996161 -0.195160 -1.443343 0.000000 0.898306 64817
car -1 -1 nan nan nan nan nan 1.517975 3.190383 1.643843 23.100612 3.083685 -0.589547 0.000000 0.789990 64818
car -1 -1 nan nan nan nan nan 1.633333 2.614565 3.366763 -6.804007 23.769961 -0.856280 0.000000 0.920050 64821
other-vehicle -1 -1 nan nan nan nan nan 2.212258 2.693359 6.716781 9.315802 -4.125848 -0.481990 0.000000 0.873904 64822
car -1 -1 nan nan nan nan nan 1.462325 3.249048 1.798620 -3.390087 5.080989 -0.955708 0.000000 0.929328 64823
car -1 -1 nan nan nan nan nan 1.645780 1.349290 3.276903 -33.536464 1.083991 -1.332604 0.000000 0.829616 64824
car -1 -1 nan nan nan nan nan 1.222661 2.285389 0.867838 29.140128 1.996557 -0.634892 0.000000 0.917431 64825
car -1 -1 nan nan nan nan nan 1.526009 1.769810 3.659269 2.614514 -3.797086 -0.973641 0.000000 0.953798 64826
car -1 -1 nan nan nan nan nan 1.457416 4.085593 1.959550 -8.840830 7.628697 -1.101980 0.000000 0.954209 64827
other-vehicle -1 -1 nan nan nan nan nan 0.206107 0.893906 0.415382 38.299690 1.373882 -0.697199 0.000000 0.248476 64828
car -1 -1 nan nan nan nan nan 1.405400 3.835077 1.523745 -6.833451 30.024802 -0.600680 0.000000 0.912720 64829
car -1 -1 nan nan nan nan nan 1.251740 1.875077 1.497704 12.241300 3.476079 -0.917736 0.000000 0.891087 64830
car -1 -1 nan nan nan nan nan 1.607356 3.429358 1.768274 1.461658 5.054503 -0.845584 0.000000 0.878297 64831
car -1 -1 nan nan nan nan nan 1.477194 1.799048 1.616250 10.034472 4.247849 -0.824239 0.000000 0.919698 64834
car -1 -1 nan nan nan nan nan 1.690729 3.650144 1.892711 -1.001217 5.309611 -0.824094 0.000000 0.967259 64835
car -1 -1 nan nan nan nan nan 0.580716 1.091747 0.835751 -29.457943 -39.419100 -0.892343 0.000000 0.841578 64836
car -1 -1 nan nan nan nan nan 1.367088 2.208267 1.622658 21.036369 3.155188 -0.768195 0.000000 0.932715 64837
car -1 -1 nan nan nan nan nan 0.462010 0.475474 0.678226 42.254499 0.388888 -0.906073 0.000000 0.730699 64839
car -1 -1 nan nan nan nan nan 0.337474 0.260452 0.257768 -0.144667 7.631691 -1.387548 0.000000 0.195854 64840
car -1 -1 nan nan nan nan nan 1.554896 2.065677 4.120327 -2.666161 -3.442459 -0.991896 0.000000 0.953686 64842
