car -1 -1 nan nan nan nan nan 1.256752 2.770806 1.709068 -8.987146 4.532318 -1.012280 0.000000 0.917255 65754
car -1 -1 nan nan nan nan nan 0.551244 1.505713 0.720943 -42.632666 -3.500258 -2.027376 0.000000 0.833842 65756
car -1 -1 nan nan nan nan nan 0.983945 0.783752 1.151707 20.899786 4.435927 -0.750526 0.000000 0.784968 65757
car -1 -1 nan nan nan nan nan 1.345930 1.077255 3.546833 -23.265606 -4.129749 -1.218227 0.000000 0.936955 65758
other-vehicle -1 -1 nan nan nan nan nan 1.374595 1.647694 0.229229 46.467794 -5.538844 -0.330674 0.000000 0.803926 65759
car -1 -1 nan nan nan nan nan 1.162125 2.184509 1.860072 -13.944178 18.675396 -1.984899 0.000000 0.899205 65760
car -1 -1 nan nan nan nan nan 1.330787 1.719592 3.165613 32.285007 -2.571429 -0.712974 0.000000 0.851777 65762
car -1 -1 nan nan nan nan nan 1.557287 3.544142 2.118974 7.667846 5.011095 -0.709424 0.000000 0.942955 65763
other-vehicle -1 -1 nan nan nan nan nan 2.550434 2.379446 6.557223 -11.099924 -3.808344 -0.588788 0.000000 0.944396 65764
car -1 -1 nan nan nan nan nan 1.505543 2.420615 1.663935 -19.877236 4.074556 -1.035733 0.000000 0.917538 65765
car -1 -1 nan nan nan nan nan 1.450757 2.637296 1.780506 29.789221 5.226777 -0.219259 0.000000 0.874030 65766
car -1 -1 nan nan nan nan nan 1.089057 3.727196 1.047462 43.666290 2.502463 -0.406385 0.000000 0.931164 65767
car -1 -1 nan nan nan nan nan 1.649652 2.530802 1.576320 -0.461176 4.833584 -0.776377 0.000000 0.895284 65768
car -1 -1 nan nan nan nan nan 1.391190 0.433657 3.010101 -17.805918 -3.609185 -1.175195 0.000000 0.936237 65769
car -1 -1 nan nan nan nan nan 1.473972 2.301802 1.610412 -13.992874 4.411542 -0.961500 0.000000 0.861753 65770
car -1 -1 nan nan nan nan nan 0.843247 0.801023 0.979174 -24.709640 2.749573 -1.147968 0.000000 0.773874 65771
car -1 -1 nan nan nan nan nan 0.799835 1.386700 0.346310 46.460505 -1.699132 -0.046088 0.000000 0.798090 65773
car -1 -1 nan nan nan nan nan 1.552171 3.485027 2.132753 1.703977 4.956974 -0.818637 0.000000 0.899990 65778
car -1 -1 nan nan nan nan nan 1.452584 2.102098 1.644445 -11.372592 4.741025 -0.960406 0.000000 0.906238 65779
car -1 -1 nan nan nan nan nan 1.415453 0.981666 1.002010 -22.299459 3.179216 -1.064351 0.000000 0.811521 65780
car -1 -1 nan nan nan nan nan 1.205006 1.065681 1.492022 23.297254 4.483904 -0.582029 0.000000 0.859922 65781
person -1 -1 nan nan nan nan nan 1.764152 0.839145 0.610685 1.091068 -5.313780 -0.844618 0.000000 0.928652 65761
