car -1 -1 nan nan nan nan nan 1.415037 2.741415 3.647728 -8.261081 -2.097121 -1.229324 0.000000 0.920442 62631
car -1 -1 nan nan nan nan nan 1.080163 2.304575 1.509037 37.078188 24.026858 -0.944357 0.000000 0.887137 62632
car -1 -1 nan nan nan nan nan 1.123976 1.350847 3.298492 21.264015 -29.901130 0.030595 0.000000 0.923690 62635
car -1 -1 nan nan nan nan nan 1.402721 3.708073 2.865197 -2.138328 17.057863 -1.629942 0.000000 0.928286 62638
car -1 -1 nan nan nan nan nan 1.698728 3.906925 2.341974 8.363027 -17.739830 -0.426362 0.000000 0.919256 62639
car -1 -1 nan nan nan nan nan 1.504366 1.886566 3.226025 -23.966555 -8.939185 -1.206676 0.000000 0.932943 62640
car -1 -1 nan nan nan nan nan 1.748849 3.728148 2.169058 -8.568030 31.848229 -2.068602 0.000000 0.843754 62642
car -1 -1 nan nan nan nan nan 0.652989 1.114182 0.341070 18.801211 -9.539293 -0.678259 0.000000 0.761536 62643
car -1 -1 nan nan nan nan nan 1.190431 1.414204 1.446257 21.261388 17.240953 -1.262518 0.000000 0.883754 62644
car -1 -1 nan nan nan nan nan 1.256086 2.624617 1.981970 29.282157 21.313035 -1.161372 0.000000 0.820026 62649
other-vehicle -1 -1 nan nan nan nan nan 0.613056 1.535117 1.046175 24.116881 10.144219 0.309395 0.000000 0.412640 62651
car -1 -1 nan nan nan nan nan 1.535989 3.671514 2.968857 0.362782 11.231507 -1.405040 0.000000 0.956748 62653
car -1 -1 nan nan nan nan nan 0.441353 1.142612 0.492354 8.456537 -23.863867 0.079474 0.000000 0.405545 62655
car -1 -1 nan nan nan nan nan 1.473201 2.823257 2.464369 -5.822818 26.378155 -2.004618 0.000000 0.896853 62656
car -1 -1 nan nan nan nan nan 1.520200 1.996000 3.020298 -13.877761 -4.583493 -1.289621 0.000000 0.943209 62657
car -1 -1 nan nan nan nan nan 1.320500 1.757643 2.087357 16.579662 15.734416 -1.050582 0.000000 0.871738 62658
car -1 -1 nan nan nan nan nan 0.935671 0.951488 0.719537 -10.552396 36.137426 -2.555334 0.000000 0.850285 62659
car -1 -1 nan nan nan nan nan 1.503685 3.939242 3.179912 6.188647 11.952244 -1.143973 0.000000 0.947160 62660
car -1 -1 nan nan nan nan nan 0.560731 0.200039 0.246460 -43.435669 -17.448996 -1.855448 0.000000 0.637797 62661
car -1 -1 nan nan nan nan nan 1.499305 1.791412 1.858366 11.322038 13.157003 -1.094394 0.000000 0.851096 62663
car -1 -1 nan nan nan nan nan 1.260769 1.319023 2.031092 -12.194408 41.295361 -2.278773 0.000000 0.761100 62664
car -1 -1 nan nan nan nan nan 1.709054 2.725243 2.598543 20.412158 8.330582 0.101434 0.000000 0.882076 62665
car -1 -1 nan nan nan nan nan 1.726658 1.971649 1.932070 -19.586638 -6.496702 -1.070428 0.000000 0.713646 62667
car -1 -1 nan nan nan nan nan 1.084786 0.538670 1.564981 31.606296 20.773676 -1.121013 0.000000 0.829931 62668
car -1 -1 nan nan nan nan nan 1.438448 2.243611 2.084486 8.991449 12.287894 -1.173893 0.000000 0.919610 62669
car -1 -1 nan nan nan nan nan 1.273452 1.462671 1.270552 19.376393 16.927907 -1.093906 0.000000 0.874310 62671
car -1 -1 nan nan nan nan nan 1.498238 2.432224 3.051692 10.412378 4.227681 -0.802688 0.000000 0.909890 62673
other-vehicle -1 -1 nan nan nan nan nan 0.603857 1.021569 0.297403 22.972823 9.809012 0.159673 0.000000 0.473083 62676
car -1 -1 nan nan nan nan nan 0.564547 1.300962 1.519401 12.587539 -28.636212 0.261593 0.000000 0.692228 62677
truck -1 -1 nan nan nan nan nan 2.259186 3.747424 1.861099 -38.346420 -14.937609 -0.772221 0.000000 0.817925 62679
person -1 -1 nan nan nan nan nan 1.156114 0.669710 0.851006 -4.632689 27.541516 -1.594129 0.000000 0.848889 62674
