car -1 -1 nan nan nan nan nan 1.400038 4.555008 2.953237 9.556468 4.858407 -0.573956 0.000000 0.952636 63497
truck -1 -1 nan nan nan nan nan 0.376388 0.752568 0.294544 47.696295 -12.380221 1.136563 0.000000 0.751477 63500
car -1 -1 nan nan nan nan nan 0.874386 1.919735 1.585098 -16.787825 7.499223 -1.726881 0.000000 0.909326 63502
car -1 -1 nan nan nan nan nan 1.625074 3.789858 2.645564 -10.147144 -17.965249 -1.279108 0.000000 0.951579 63503
car -1 -1 nan nan nan nan nan 1.058607 1.534870 1.360289 10.912984 22.742731 -0.851302 0.000000 0.758085 63506
truck -1 -1 nan nan nan nan nan 1.675663 1.592164 2.539371 14.714998 -9.312943 -0.023452 0.000000 0.498715 63508
other-vehicle -1 -1 nan nan nan nan nan 0.665894 1.650692 2.605234 -9.639408 -35.219572 -0.893201 0.000000 0.755228 63509
car -1 -1 nan nan nan nan nan 0.552635 1.688783 1.560640 -26.482406 11.819499 -1.928332 0.000000 0.704643 63511
car -1 -1 nan nan nan nan nan 1.248577 1.745271 0.913708 39.216314 -9.071065 0.950750 0.000000 0.873880 63512
car -1 -1 nan nan nan nan nan 1.413715 3.139447 1.689086 6.759759 13.786459 -0.998230 0.000000 0.902994 63513
car -1 -1 nan nan nan nan nan 1.518446 2.444917 3.669295 7.124553 -3.904987 -0.464292 0.000000 0.925162 63514
car -1 -1 nan nan nan nan nan 1.073473 2.833454 1.745235 -14.109476 -28.399784 -1.349911 0.000000 0.940106 63515
car -1 -1 nan nan nan nan nan 1.339764 2.795306 2.114235 19.500065 0.361258 -0.017348 0.000000 0.920429 63516
other-vehicle -1 -1 nan nan nan nan nan 1.259069 2.521230 4.185571 15.461168 7.063166 0.196506 0.000000 0.850513 63518
car -1 -1 nan nan nan nan nan 1.347152 2.198128 3.742342 -10.888728 4.986840 -1.712984 0.000000 0.928958 63519
car -1 -1 nan nan nan nan nan 1.362735 2.198624 2.278330 32.052913 -5.167429 0.619810 0.000000 0.872215 63520
car -1 -1 nan nan nan nan nan 0.202206 0.673973 0.639227 -16.661454 -34.209259 -0.905103 0.000000 0.425695 63521
car -1 -1 nan nan nan nan nan 1.438591 3.986782 1.895489 4.442515 8.288448 -0.946444 0.000000 0.959932 63522
car -1 -1 nan nan nan nan nan 1.194942 2.748226 1.417387 -11.822085 -23.181801 -1.400340 0.000000 0.908828 63523
car -1 -1 nan nan nan nan nan 0.855805 0.901798 2.457935 -21.682753 10.006989 -1.999678 0.000000 0.528025 63525
car -1 -1 nan nan nan nan nan 1.513317 2.224412 1.862530 13.722057 2.123649 -0.333522 0.000000 0.897340 63526
car -1 -1 nan nan nan nan nan 0.939482 1.567595 2.335496 12.713902 -5.892721 0.059543 0.000000 0.784133 63527
truck -1 -1 nan nan nan nan nan 1.057884 2.200335 2.814190 19.265099 -8.285448 0.437212 0.000000 0.492695 63528
car -1 -1 nan nan nan nan nan 1.372226 1.249670 1.805260 21.956856 -1.116139 0.021367 0.000000 0.856361 63530
car -1 -1 nan nan nan nan nan 0.731565 0.679592 0.824778 -19.912982 -33.925116 -0.706339 0.000000 0.721633 63534
car -1 -1 nan nan nan nan nan 0.428105 0.236282 0.333999 0.077068 35.784859 -1.826324 0.000000 0.775646 63535
car -1 -1 nan nan nan nan nan 1.455186 2.494847 2.255463 11.496586 3.140737 -0.482405 0.000000 0.921776 63536
other-vehicle -1 -1 nan nan nan nan nan 1.691954 4.725888 2.778462 16.773616 -8.840489 0.017869 0.000000 0.553375 63538
car -1 -1 nan nan nan nan nan 0.996209 1.650330 1.298532 23.587731 -2.301080 0.078764 0.000000 0.856085 63539
car -1 -1 nan nan nan nan nan 1.475606 2.326258 1.460335 -40.620121 17.930070 -2.368504 0.000000 0.808092 63540
car -1 -1 nan nan nan nan nan 1.214332 1.443189 1.643093 33.638212 -6.682425 0.757109 0.000000 0.791101 63542
car -1 -1 nan nan nan nan nan 1.673014 3.656397 2.037741 13.344378 29.153985 -0.876911 0.000000 0.862519 63545
bicycle -1 -1 nan nan nan nan nan 0.568205 0.665798 0.395170 17.611512 25.793659 -0.730017 0.000000 0.753024 63524
bicyclist -1 -1 nan nan nan nan nan 0.837468 0.960447 1.047377 12.936095 23.359342 -0.424861 0.000000 0.870596 63543
