car -1 -1 nan nan nan nan nan 1.380458 2.149104 3.538366 -21.467387 -11.677204 -1.029811 0.000000 0.907306 62469
car -1 -1 nan nan nan nan nan 1.085806 1.351015 1.581055 34.694969 28.328315 -1.284870 0.000000 0.787872 62470
other-vehicle -1 -1 nan nan nan nan nan 1.578192 1.475315 1.377613 -16.932451 39.498362 -2.504851 0.000000 0.784109 62471
other-vehicle -1 -1 nan nan nan nan nan 0.552977 0.746447 1.476501 22.080105 -10.662921 -0.595585 0.000000 0.715199 62475
car -1 -1 nan nan nan nan nan 1.476998 3.456223 3.193127 -3.787021 16.685816 -1.765847 0.000000 0.914437 62477
car -1 -1 nan nan nan nan nan 1.379386 3.078331 3.399908 -7.352190 -3.058224 -1.173437 0.000000 0.926111 62478
car -1 -1 nan nan nan nan nan 0.292203 0.867344 0.921680 -32.192934 35.106092 -1.783158 0.000000 0.774310 62479
car -1 -1 nan nan nan nan nan 0.385215 0.415537 0.524856 10.744874 -20.220208 0.357979 0.000000 0.555396 62480
car -1 -1 nan nan nan nan nan 2.000873 2.664611 2.794569 19.762267 11.123808 -0.022972 0.000000 0.798003 62481
car -1 -1 nan nan nan nan nan 1.593163 3.670086 3.140957 -11.780899 30.383688 -2.185882 0.000000 0.836128 62484
truck -1 -1 nan nan nan nan nan 1.721305 2.741880 1.730789 -35.468639 -19.192914 -0.732580 0.000000 0.833366 62485
car -1 -1 nan nan nan nan nan 1.272977 1.642391 1.952044 26.806695 24.608265 -1.196781 0.000000 0.838203 62487
car -1 -1 nan nan nan nan nan 1.529018 3.506584 3.330842 -0.562917 11.292790 -1.455263 0.000000 0.951981 62489
car -1 -1 nan nan nan nan nan 0.730132 1.176933 1.873100 16.857756 -26.475338 0.324650 0.000000 0.763359 62490
car -1 -1 nan nan nan nan nan 1.522230 2.099254 2.897200 -12.599605 -6.223062 -1.232983 0.000000 0.945981 62491
car -1 -1 nan nan nan nan nan 0.312475 1.035404 1.045559 -12.188543 37.147196 -1.899346 0.000000 0.821745 62492
car -1 -1 nan nan nan nan nan 1.343857 2.549194 2.780410 -8.628189 25.527538 -2.097118 0.000000 0.877054 62493
car -1 -1 nan nan nan nan nan 1.224029 1.323515 1.955979 15.056530 17.635972 -1.149357 0.000000 0.903952 62494
car -1 -1 nan nan nan nan nan 0.652049 0.826861 0.514265 20.404740 -6.778138 -0.680519 0.000000 0.774588 62495
car -1 -1 nan nan nan nan nan 1.387749 1.901856 1.763054 -17.717716 -8.655505 -0.768150 0.000000 0.744072 62497
car -1 -1 nan nan nan nan nan 1.479799 4.087497 3.521580 5.139619 12.937721 -1.243449 0.000000 0.964487 62499
car -1 -1 nan nan nan nan nan 0.961907 1.220276 1.491278 19.476344 19.949324 -1.352720 0.000000 0.904700 62500
car -1 -1 nan nan nan nan nan 1.496510 3.906907 2.763065 11.259284 -16.503791 -0.331781 0.000000 0.946726 62501
car -1 -1 nan nan nan nan nan 1.016602 1.444370 0.860872 16.697328 -30.491446 0.229684 0.000000 0.767835 62504
other-vehicle -1 -1 nan nan nan nan nan 0.638850 2.245322 1.619987 22.868484 13.090933 0.162895 0.000000 0.736194 62506
car -1 -1 nan nan nan nan nan 1.460002 1.958196 1.826913 10.096015 14.685124 -1.199906 0.000000 0.854911 62507
car -1 -1 nan nan nan nan nan 1.454808 1.825941 2.026667 7.851428 13.180468 -1.227302 0.000000 0.878520 62509
car -1 -1 nan nan nan nan nan 1.118827 0.956495 1.038488 29.070909 25.018731 -1.161854 0.000000 0.863847 62510
car -1 -1 nan nan nan nan nan 1.325007 0.980959 1.207104 17.591143 19.151662 -1.288143 0.000000 0.824799 62511
car -1 -1 nan nan nan nan nan 1.504094 2.298531 3.170779 10.538097 5.505311 -0.873494 0.000000 0.928080 62514
bicycle -1 -1 nan nan nan nan nan 0.445008 0.206967 0.297333 9.154805 4.155041 -1.130739 0.000000 0.200833 62473
person -1 -1 nan nan nan nan nan 0.910066 0.496155 0.248035 -43.519068 -25.476429 -0.976305 0.000000 0.899513 62474
person -1 -1 nan nan nan nan nan 1.103822 0.859211 0.933400 -14.611898 34.632528 -2.707730 0.000000 0.685833 62498
person -1 -1 nan nan nan nan nan 1.344028 0.707664 0.834067 -7.628080 26.887756 -1.872832 0.000000 0.806213 62513
