other-vehicle -1 -1 nan nan nan nan nan 2.831349 2.305601 6.597693 -15.997889 -3.774110 -0.579655 0.000000 0.859216 65910
car -1 -1 nan nan nan nan nan 1.272176 1.128761 1.441576 16.197743 4.467331 -0.669101 0.000000 0.810599 65913
car -1 -1 nan nan nan nan nan 1.474780 3.432590 1.874572 -3.086573 4.857271 -0.903822 0.000000 0.919576 65914
car -1 -1 nan nan nan nan nan 1.283732 1.717571 3.281990 27.267241 -2.783292 -0.479075 0.000000 0.938359 65917
car -1 -1 nan nan nan nan nan 1.526291 2.118463 1.012924 41.941338 -6.256964 -0.134570 0.000000 0.791702 65918
car -1 -1 nan nan nan nan nan 0.456075 0.305171 0.487976 -13.321331 6.845937 -1.220177 0.000000 0.242517 65920
car -1 -1 nan nan nan nan nan 1.495640 2.751362 1.549278 24.799074 5.125715 -0.154917 0.000000 0.879340 65921
car -1 -1 nan nan nan nan nan 1.350927 0.494035 3.627047 -28.152034 -3.746918 -1.483599 0.000000 0.900079 65924
car -1 -1 nan nan nan nan nan 1.564005 3.572588 1.731453 3.137256 4.936214 -0.783591 0.000000 0.932937 65925
car -1 -1 nan nan nan nan nan 1.436550 1.045060 1.451206 -18.766674 3.835269 -1.151511 0.000000 0.777507 65926
car -1 -1 nan nan nan nan nan 0.897089 0.226322 2.630859 -23.060785 -3.523422 -1.558339 0.000000 0.801539 65927
car -1 -1 nan nan nan nan nan 0.538100 0.315925 0.702618 29.463329 4.275922 -0.476835 0.000000 0.679738 65929
car -1 -1 nan nan nan nan nan 1.166108 3.751062 1.479565 39.042532 2.382404 -0.249552 0.000000 0.920415 65930
car -1 -1 nan nan nan nan nan 1.504376 2.415348 1.799341 -5.236993 4.794080 -0.948883 0.000000 0.935724 65933
car -1 -1 nan nan nan nan nan 1.414288 2.537169 1.343353 -16.212881 5.010831 -1.162980 0.000000 0.817739 65934
car -1 -1 nan nan nan nan nan 1.216309 1.670618 1.870214 18.315280 4.586319 -0.547026 0.000000 0.881370 65936
car -1 -1 nan nan nan nan nan 1.506612 1.360674 0.387089 41.581511 -1.951022 0.086398 0.000000 0.674263 65937
car -1 -1 nan nan nan nan nan 1.327737 2.276166 1.803467 -13.823781 4.338274 -1.203271 0.000000 0.832203 65939
car -1 -1 nan nan nan nan nan 1.408407 2.280383 1.597370 -24.844624 4.105496 -1.190285 0.000000 0.937522 65941
car -1 -1 nan nan nan nan nan 0.904013 0.361901 0.535074 24.225137 7.317223 0.622312 0.000000 0.327141 65942
car -1 -1 nan nan nan nan nan 1.213524 0.706115 1.512434 -27.523118 3.163983 -1.317891 0.000000 0.687363 65944
car -1 -1 nan nan nan nan nan 0.720463 0.517654 1.780809 -29.949506 2.788694 -1.504675 0.000000 0.477461 65948
bicycle -1 -1 nan nan nan nan nan 0.566938 0.486880 0.286266 43.025476 4.790312 -0.417899 0.000000 0.743237 65911
person -1 -1 nan nan nan nan nan 1.788588 0.665578 0.867663 -4.376914 -5.404119 -0.961579 0.000000 0.953148 65919
