car -1 -1 nan nan nan nan nan 1.473847 2.547791 2.277041 10.041486 2.468811 -0.676167 0.000000 0.918048 63830
car -1 -1 nan nan nan nan nan 0.453879 0.848133 1.251333 17.775647 36.938185 0.089071 0.000000 0.705101 63833
car -1 -1 nan nan nan nan nan 0.943224 1.422915 0.953777 37.066732 -11.590446 -0.126891 0.000000 0.887755 63835
other-vehicle -1 -1 nan nan nan nan nan 0.479810 1.099571 1.391494 -13.840732 -34.762325 -1.247602 0.000000 0.757128 63837
car -1 -1 nan nan nan nan nan 0.522498 1.602740 1.529945 -27.204857 13.340488 -1.127213 0.000000 0.764519 63838
car -1 -1 nan nan nan nan nan 0.596507 0.945023 1.389013 10.750982 22.053549 -0.444705 0.000000 0.794381 63839
car -1 -1 nan nan nan nan nan 1.584540 3.852946 2.588555 -12.689906 -17.431204 -1.450432 0.000000 0.937211 63840
car -1 -1 nan nan nan nan nan 1.327294 2.570442 3.736277 -12.285003 5.748339 -1.364271 0.000000 0.896220 63842
car -1 -1 nan nan nan nan nan 0.713932 3.012911 1.624808 6.216365 13.373092 -0.543620 0.000000 0.825632 63845
car -1 -1 nan nan nan nan nan 1.424584 2.854754 2.258303 17.833177 -0.787434 -0.448118 0.000000 0.891686 63848
car -1 -1 nan nan nan nan nan 1.262825 2.137828 2.149714 30.136706 -6.981372 -0.316921 0.000000 0.919539 63849
car -1 -1 nan nan nan nan nan 1.481367 1.924794 3.135071 10.690641 -6.568058 -0.699699 0.000000 0.949089 63850
car -1 -1 nan nan nan nan nan 1.095870 3.148314 1.855814 -17.266242 -27.584594 -1.639119 0.000000 0.907769 63851
car -1 -1 nan nan nan nan nan 1.027665 0.608025 0.899899 -39.706377 16.956125 -2.060845 0.000000 0.603586 63854
car -1 -1 nan nan nan nan nan 1.505744 3.355884 2.796108 3.670675 7.722948 -0.935057 0.000000 0.926984 63855
car -1 -1 nan nan nan nan nan 1.545987 2.566757 4.221352 5.256404 -4.288317 -0.720748 0.000000 0.917484 63856
other-vehicle -1 -1 nan nan nan nan nan 1.469738 2.560857 3.941651 14.159414 6.001005 0.015440 0.000000 0.864247 63858
car -1 -1 nan nan nan nan nan 1.227877 3.066210 1.454004 -14.670944 -22.589057 -1.644997 0.000000 0.869117 63859
car -1 -1 nan nan nan nan nan 1.171563 1.681870 1.385384 21.883661 -3.660676 -0.549948 0.000000 0.933793 63860
car -1 -1 nan nan nan nan nan 0.687061 0.675026 0.375851 -19.003090 -31.571465 -2.043002 0.000000 0.794700 63863
truck -1 -1 nan nan nan nan nan 2.168226 5.012670 6.146373 16.399064 -9.913707 -0.130432 0.000000 0.821728 63864
car -1 -1 nan nan nan nan nan 1.558234 2.438786 2.488441 12.367837 1.395379 -0.592758 0.000000 0.909013 63867
truck -1 -1 nan nan nan nan nan 0.854291 3.087288 2.972225 -41.821054 19.425644 -1.023529 0.000000 0.777556 63869
car -1 -1 nan nan nan nan nan 1.452302 4.450775 3.074448 8.146109 4.240262 -0.705427 0.000000 0.963868 63870
car -1 -1 nan nan nan nan nan 1.337928 1.159911 1.599220 20.076345 -2.403786 -0.490833 0.000000 0.819249 63871
car -1 -1 nan nan nan nan nan 1.182279 1.121912 1.617151 31.567260 -8.959194 -0.267733 0.000000 0.557536 63873
car -1 -1 nan nan nan nan nan 0.921305 1.613039 1.005194 18.592746 32.428767 -0.156736 0.000000 0.666177 63875
car -1 -1 nan nan nan nan nan 0.971218 1.087353 0.267550 -20.025823 -33.756594 -1.820395 0.000000 0.656256 63876
car -1 -1 nan nan nan nan nan 1.417352 1.044012 0.872241 12.576895 22.678967 -0.556812 0.000000 0.789831 63877
car -1 -1 nan nan nan nan nan 0.578198 1.598946 1.395906 13.157983 27.053217 -0.143878 0.000000 0.803450 63879
