other-vehicle -1 -1 nan nan nan nan nan 2.250981 2.861696 6.406023 -3.611149 -3.489536 -0.676763 0.000000 0.954836 65469
truck -1 -1 nan nan nan nan nan 1.109015 2.050147 2.991047 -48.275454 2.859750 -0.999018 0.000000 0.471124 65471
car -1 -1 nan nan nan nan nan 1.217223 0.703203 0.977173 28.222727 6.931341 -0.632465 0.000000 0.733895 65474
car -1 -1 nan nan nan nan nan 0.589686 1.490361 0.731251 -34.900579 -3.341717 -1.701367 0.000000 0.866655 65477
car -1 -1 nan nan nan nan nan 0.950013 0.266123 1.148899 39.935488 -5.478186 -1.115837 0.000000 0.426928 65478
car -1 -1 nan nan nan nan nan 0.399858 0.334515 0.497454 -2.457968 7.962508 -0.068665 0.000000 0.313688 65479
car -1 -1 nan nan nan nan nan 1.482678 1.615579 3.982045 -15.550771 -4.325376 -1.065011 0.000000 0.944779 65480
car -1 -1 nan nan nan nan nan 1.537073 3.318478 1.754258 -12.402738 4.553925 -0.825897 0.000000 0.945442 65481
car -1 -1 nan nan nan nan nan 1.370787 1.020081 2.409637 -46.704128 -3.054386 -1.201108 0.000000 0.685496 65484
car -1 -1 nan nan nan nan nan 1.519182 2.745943 1.673994 -6.500555 4.608891 -0.801455 0.000000 0.853560 65485
car -1 -1 nan nan nan nan nan 1.477800 1.007847 3.608455 -10.271613 -3.895903 -1.085339 0.000000 0.913497 65487
car -1 -1 nan nan nan nan nan 1.483891 3.311446 1.528559 15.443397 4.938059 -0.764883 0.000000 0.930334 65488
car -1 -1 nan nan nan nan nan 1.307961 1.860835 0.989326 37.050476 4.907999 -0.330436 0.000000 0.898384 65489
car -1 -1 nan nan nan nan nan 1.113902 1.527843 1.303514 -17.336848 3.140068 -0.783149 0.000000 0.839802 65491
car -1 -1 nan nan nan nan nan 1.612039 3.844788 1.849658 -1.490220 4.754070 -0.794537 0.000000 0.928382 65493
car -1 -1 nan nan nan nan nan 1.516465 3.334826 1.903526 7.057720 5.306937 -0.820788 0.000000 0.931533 65494
car -1 -1 nan nan nan nan nan 0.930787 0.659307 0.748838 30.524659 4.334256 -0.693147 0.000000 0.861798 65495
car -1 -1 nan nan nan nan nan 1.454373 1.107407 1.634522 -15.068993 3.248343 -0.907178 0.000000 0.843773 65497
car -1 -1 nan nan nan nan nan 1.501265 3.121477 1.663106 -3.825397 5.244289 -0.824525 0.000000 0.936194 65498
car -1 -1 nan nan nan nan nan 0.873950 0.506171 0.927055 28.430819 4.328708 -0.982771 0.000000 0.812062 65500
car -1 -1 nan nan nan nan nan 0.917648 1.783686 1.063782 38.820553 -2.614521 -1.079337 0.000000 0.792186 65502
car -1 -1 nan nan nan nan nan 1.414734 2.328154 1.678807 9.018378 4.428444 -0.765257 0.000000 0.918949 65504
car -1 -1 nan nan nan nan nan 0.600698 1.323131 1.017572 -23.347980 11.138876 -0.458857 0.000000 0.738331 65508
person -1 -1 nan nan nan nan nan 1.752047 0.779066 0.819626 9.374403 -5.325637 -0.895722 0.000000 0.947444 65482
