car -1 -1 nan nan nan nan nan 1.436217 1.780159 3.010340 -24.937186 -6.449718 -1.320571 0.000000 0.925475 62721
car -1 -1 nan nan nan nan nan 0.309117 1.379860 0.466871 12.209161 -46.397167 -0.291527 0.000000 0.839180 62723
car -1 -1 nan nan nan nan nan 1.151632 0.366348 0.238797 -10.126165 45.256748 -2.380916 0.000000 0.487971 62724
car -1 -1 nan nan nan nan nan 1.516607 2.260462 3.108313 10.413222 3.097659 -0.795062 0.000000 0.911190 62725
other-vehicle -1 -1 nan nan nan nan nan 0.941987 1.709297 0.586691 -9.037305 25.499123 -2.062444 0.000000 0.499369 62727
car -1 -1 nan nan nan nan nan 0.806663 0.608926 0.638863 -43.163845 -12.729454 -1.913197 0.000000 0.660842 62728
car -1 -1 nan nan nan nan nan 1.367678 2.799045 3.706063 -8.763653 -1.185780 -1.261003 0.000000 0.897460 62730
car -1 -1 nan nan nan nan nan 1.672957 2.055283 2.783474 -35.577559 3.188899 -0.094204 0.000000 0.798871 62731
car -1 -1 nan nan nan nan nan 0.888548 1.013151 2.167824 17.684021 -31.805417 -0.107462 0.000000 0.861665 62732
car -1 -1 nan nan nan nan nan 1.466831 3.864243 2.649640 1.064826 11.124619 -1.299569 0.000000 0.953933 62733
car -1 -1 nan nan nan nan nan 0.302086 1.568089 0.476406 2.739923 -46.859900 -0.274690 0.000000 0.761925 62735
other-vehicle -1 -1 nan nan nan nan nan 0.441992 0.251179 0.667303 -22.723226 1.549132 -0.883024 0.000000 0.027945 62739
car -1 -1 nan nan nan nan nan 1.279016 1.819790 1.532248 30.646592 17.935629 -0.918939 0.000000 0.833531 62740
car -1 -1 nan nan nan nan nan 0.240816 1.132614 0.568877 -4.452324 38.850517 -1.391374 0.000000 0.856924 62741
car -1 -1 nan nan nan nan nan 1.658627 3.792702 2.143949 6.220566 -18.435411 -0.547318 0.000000 0.926534 62746
car -1 -1 nan nan nan nan nan 1.492837 3.908636 2.496161 -0.852974 17.073075 -1.560407 0.000000 0.924966 62747
car -1 -1 nan nan nan nan nan 1.746450 3.964964 2.294686 -5.651911 32.661157 -1.874539 0.000000 0.838485 62748
car -1 -1 nan nan nan nan nan 1.511121 4.048422 2.831383 6.935543 11.283407 -1.057978 0.000000 0.964362 62749
car -1 -1 nan nan nan nan nan 1.122505 1.560477 1.678610 22.206859 15.131310 -1.059655 0.000000 0.909139 62750
car -1 -1 nan nan nan nan nan 1.285750 2.910290 1.721027 17.566057 14.577936 -0.904388 0.000000 0.892382 62751
truck -1 -1 nan nan nan nan nan 2.552390 2.904350 1.949009 -40.033201 -10.841558 -0.903290 0.000000 0.709816 62752
car -1 -1 nan nan nan nan nan 1.558260 0.771801 1.643514 -8.451016 42.065683 -2.178501 0.000000 0.868404 62753
car -1 -1 nan nan nan nan nan 0.910743 1.088398 0.648589 -7.451787 36.907339 -2.332596 0.000000 0.641857 62756
car -1 -1 nan nan nan nan nan 1.440421 2.247466 2.042391 9.769020 11.343029 -1.075054 0.000000 0.923835 62757
car -1 -1 nan nan nan nan nan 1.387714 1.516068 1.372229 20.470222 15.026411 -1.010036 0.000000 0.900481 62761
car -1 -1 nan nan nan nan nan 1.552171 1.924735 2.848577 -14.555521 -3.233778 -1.342285 0.000000 0.932911 62762
car -1 -1 nan nan nan nan nan 1.400137 2.941290 2.368674 -3.587268 26.839444 -1.789864 0.000000 0.914235 62763
car -1 -1 nan nan nan nan nan 1.190795 1.046370 1.863373 32.837223 17.896808 -0.902131 0.000000 0.817672 62764
car -1 -1 nan nan nan nan nan 1.413131 2.768566 2.628345 20.807671 6.205063 0.236518 0.000000 0.575579 62766
other-vehicle -1 -1 nan nan nan nan nan 0.591923 0.577801 0.502213 24.409056 7.528660 0.302836 0.000000 0.459550 62768
car -1 -1 nan nan nan nan nan 1.515410 1.759549 2.149805 12.364492 11.979300 -0.991677 0.000000 0.836679 62769
car -1 -1 nan nan nan nan nan 1.050777 2.606188 1.014095 38.751680 20.336801 -0.655334 0.000000 0.917222 62770
bicyclist -1 -1 nan nan nan nan nan 0.949795 0.728910 0.664131 18.992876 18.038150 0.011084 0.000000 0.880196 62729
person -1 -1 nan nan nan nan nan 0.987953 0.653502 0.700791 -2.329645 27.759851 -1.339470 0.000000 0.688964 62744
