car -1 -1 nan nan nan nan nan 1.334010 3.570132 1.934916 2.904415 4.923239 -0.889753 0.000000 0.885689 65291
truck -1 -1 nan nan nan nan nan 1.543877 1.336365 1.541943 -43.599298 3.487923 -1.361329 0.000000 0.668969 65292
car -1 -1 nan nan nan nan nan 0.625226 2.609001 0.811720 -18.629519 12.041258 -0.632098 0.000000 0.867155 65294
car -1 -1 nan nan nan nan nan 1.437259 3.139559 1.538055 19.813496 4.480181 -0.537340 0.000000 0.896200 65295
car -1 -1 nan nan nan nan nan 1.491396 1.784578 3.882549 -11.282969 -4.087446 -1.150055 0.000000 0.948650 65296
car -1 -1 nan nan nan nan nan 0.930815 1.824215 2.274155 -30.794666 -2.588092 -1.756875 0.000000 0.832579 65297
car -1 -1 nan nan nan nan nan 0.972062 0.897013 1.522068 33.044832 6.191354 -0.167878 0.000000 0.777154 65298
car -1 -1 nan nan nan nan nan 1.601722 3.366177 1.747620 -7.953926 4.770788 -0.859289 0.000000 0.946127 65301
car -1 -1 nan nan nan nan nan 2.151125 3.397574 6.486842 0.651106 -3.712236 -0.681977 0.000000 0.883776 65302
car -1 -1 nan nan nan nan nan 1.593953 3.526386 2.727184 10.986206 5.202999 -0.686188 0.000000 0.915678 65304
car -1 -1 nan nan nan nan nan 0.495091 1.665985 0.617401 43.006786 -3.448134 -0.944779 0.000000 0.661809 65306
car -1 -1 nan nan nan nan nan 0.515663 2.041469 1.343004 -18.650008 5.619754 -0.645001 0.000000 0.865571 65307
car -1 -1 nan nan nan nan nan 1.521878 1.735815 3.532669 -5.825641 -4.061547 -1.118450 0.000000 0.952573 65308
other-vehicle -1 -1 nan nan nan nan nan 1.296916 1.645997 1.035877 41.535765 3.979791 -0.015747 0.000000 0.874463 65309
car -1 -1 nan nan nan nan nan 1.181984 2.222631 1.512266 -12.909051 3.827462 -0.861723 0.000000 0.940713 65311
car -1 -1 nan nan nan nan nan 1.530091 3.882284 1.664333 -2.002374 5.211654 -0.803254 0.000000 0.918405 65312
car -1 -1 nan nan nan nan nan 0.452552 0.682452 0.989376 -40.947466 -1.849625 -1.947231 0.000000 0.752717 65313
car -1 -1 nan nan nan nan nan 1.297035 0.603723 0.643444 34.953394 3.675898 -0.491825 0.000000 0.757620 65314
car -1 -1 nan nan nan nan nan 1.440396 1.957184 1.513305 -10.481909 3.929834 -0.906374 0.000000 0.819861 65315
car -1 -1 nan nan nan nan nan 0.291936 0.532258 1.279907 -43.378059 -2.836135 -0.899312 0.000000 0.636268 65316
car -1 -1 nan nan nan nan nan 1.574924 2.157356 1.814096 13.516750 4.138144 -0.688495 0.000000 0.886735 65317
car -1 -1 nan nan nan nan nan 1.503655 3.204594 1.825945 0.499298 5.184767 -0.798162 0.000000 0.935149 65319
car -1 -1 nan nan nan nan nan 0.797142 0.461543 0.759167 32.887335 3.696903 -0.657958 0.000000 0.760646 65320
bicyclist -1 -1 nan nan nan nan nan 0.360035 0.436237 0.222187 -26.305527 9.156048 -0.293075 0.000000 0.674126 65305
person -1 -1 nan nan nan nan nan 1.723912 0.859819 0.675269 14.340010 -5.499556 -0.782451 0.000000 0.948841 65299
