car -1 -1 nan nan nan nan nan 1.416792 3.285064 1.571747 -20.434822 4.651882 -1.136297 0.000000 0.951813 66730
car -1 -1 nan nan nan nan nan 1.481431 1.646445 3.447738 3.606458 -3.283975 -0.941338 0.000000 0.906484 66733
car -1 -1 nan nan nan nan nan 1.428393 3.674352 1.783877 15.357766 1.449027 -0.904870 0.000000 0.953254 66736
car -1 -1 nan nan nan nan nan 0.687203 1.243547 1.183838 -37.469280 3.910787 -1.522085 0.000000 0.752464 66737
car -1 -1 nan nan nan nan nan 1.487748 3.527366 1.955380 5.963724 5.203118 -0.776230 0.000000 0.941394 66738
car -1 -1 nan nan nan nan nan 1.425080 3.862511 1.958081 -5.071884 5.150647 -1.027603 0.000000 0.947512 66739
car -1 -1 nan nan nan nan nan 1.277607 3.232247 1.704582 15.372358 17.378561 -0.352190 0.000000 0.942582 66741
car -1 -1 nan nan nan nan nan 1.102204 2.546716 1.098198 -26.560080 4.451036 -1.158029 0.000000 0.922894 66742
car -1 -1 nan nan nan nan nan 1.791243 3.818270 1.901814 1.240811 4.967672 -0.721070 0.000000 0.949306 66745
other-vehicle -1 -1 nan nan nan nan nan 3.157733 2.414841 2.695538 -37.933073 -3.615863 -0.502334 0.000000 0.810430 66746
car -1 -1 nan nan nan nan nan 1.424307 2.841362 1.799200 3.549379 4.875050 -0.860424 0.000000 0.918459 66748
car -1 -1 nan nan nan nan nan 1.477587 3.066218 1.677418 -7.184788 4.980488 -1.000886 0.000000 0.882895 66750
car -1 -1 nan nan nan nan nan 0.982110 0.238759 1.241428 -42.681658 3.736972 -1.137835 0.000000 0.731142 66752
bicyclist -1 -1 nan nan nan nan nan 0.886201 0.588915 0.237820 -48.104963 3.692433 -1.431711 0.000000 0.786586 66749
person -1 -1 nan nan nan nan nan 1.337283 0.946885 0.655407 -31.557690 -6.131867 -1.162910 0.000000 0.909687 66734
person -1 -1 nan nan nan nan nan 0.714002 0.418011 0.671944 18.289381 23.179640 -0.052855 0.000000 0.784796 66751
