car -1 -1 nan nan nan nan nan 1.796740 4.291895 2.886280 -9.281014 2.270044 -1.106056 0.000000 0.840082 67354
car -1 -1 nan nan nan nan nan 0.638786 0.830414 1.120396 29.290560 -38.304115 -1.396004 0.000000 0.651945 67355
other-vehicle -1 -1 nan nan nan nan nan 2.911429 2.197075 2.807739 -40.589115 -22.872528 -1.514141 0.000000 0.860669 67356
car -1 -1 nan nan nan nan nan 1.369163 2.855887 2.102802 -28.616884 -7.867348 -1.891837 0.000000 0.907903 67359
car -1 -1 nan nan nan nan nan 1.644745 4.083168 2.995095 -2.321507 19.353350 -0.797814 0.000000 0.948441 67360
car -1 -1 nan nan nan nan nan 1.351199 3.587215 2.453500 4.534609 5.510962 -0.952854 0.000000 0.960198 67361
car -1 -1 nan nan nan nan nan 1.405378 1.468134 1.276897 24.693338 -29.218369 -1.065835 0.000000 0.727897 67362
car -1 -1 nan nan nan nan nan 1.573060 3.813531 4.156655 -15.824672 -1.079489 -1.474286 0.000000 0.894609 67364
car -1 -1 nan nan nan nan nan 0.892665 1.642184 1.142944 -43.822788 -15.964928 -2.729383 0.000000 0.816184 67366
other-vehicle -1 -1 nan nan nan nan nan 0.524910 0.695778 1.560265 -2.739604 26.458015 -0.110188 0.000000 0.700083 67367
car -1 -1 nan nan nan nan nan 1.123454 1.868557 1.603575 20.479600 -34.134302 -1.219110 0.000000 0.682372 67368
car -1 -1 nan nan nan nan nan 1.065600 1.846882 0.794662 -33.833912 -10.983571 -2.017574 0.000000 0.673560 67369
car -1 -1 nan nan nan nan nan 1.398836 3.645937 2.560396 -5.346500 4.734852 -1.085022 0.000000 0.930800 67370
car -1 -1 nan nan nan nan nan 1.483426 4.479290 1.727691 12.736266 -19.739428 -1.165882 0.000000 0.935118 67371
car -1 -1 nan nan nan nan nan 1.548970 1.824351 3.344742 -3.506572 -3.398610 -1.268287 0.000000 0.915663 67372
car -1 -1 nan nan nan nan nan 1.295461 0.935711 1.276068 26.401032 -32.624662 -1.060586 0.000000 0.516855 67373
car -1 -1 nan nan nan nan nan 1.103307 3.615555 1.780960 -5.238300 24.947023 -0.899513 0.000000 0.850032 67374
car -1 -1 nan nan nan nan nan 0.604906 1.114273 0.732958 28.000445 -35.672218 -1.295616 0.000000 0.726073 67376
car -1 -1 nan nan nan nan nan 1.366325 3.871181 2.578667 -7.502342 3.787956 -1.164450 0.000000 0.934580 67377
bicyclist -1 -1 nan nan nan nan nan 0.517436 0.218220 0.730309 -8.985818 40.426615 -0.148711 0.000000 0.789213 67357
motorcycle -1 -1 nan nan nan nan nan 1.156611 1.510019 0.915154 11.501054 -16.359937 -1.287969 0.000000 0.920577 67358
