car -1 -1 nan nan nan nan nan 1.923747 1.887982 4.567975 6.248765 -2.946182 -0.827947 0.000000 0.952299 68704
car -1 -1 nan nan nan nan nan 0.734025 0.588217 1.279911 -23.199326 -19.679381 -1.706710 0.000000 0.744457 68708
car -1 -1 nan nan nan nan nan 1.321016 1.740093 4.387836 -19.895487 0.440054 -1.094886 0.000000 0.931797 68710
car -1 -1 nan nan nan nan nan 1.419987 1.984109 1.634497 19.773601 2.939106 -0.924806 0.000000 0.809008 68711
car -1 -1 nan nan nan nan nan 0.690045 0.730142 0.765537 36.830946 2.591530 -1.093709 0.000000 0.766509 68712
car -1 -1 nan nan nan nan nan 1.417421 2.732134 1.716288 -15.335179 -10.990918 -1.354813 0.000000 0.924954 68713
car -1 -1 nan nan nan nan nan 1.336980 1.658829 3.432436 -23.930491 -8.996156 -1.295810 0.000000 0.904384 68714
car -1 -1 nan nan nan nan nan 0.890658 2.655233 3.148579 -39.654848 -5.703178 -1.316495 0.000000 0.859657 68715
car -1 -1 nan nan nan nan nan 0.779842 1.391872 3.471607 -35.022276 0.320859 -0.919967 0.000000 0.825014 68716
car -1 -1 nan nan nan nan nan 1.381423 1.764636 3.689718 23.110988 -3.039645 -1.197336 0.000000 0.930706 68718
car -1 -1 nan nan nan nan nan 1.024023 3.468396 2.056816 26.913534 3.960676 -0.346746 0.000000 0.880519 68719
car -1 -1 nan nan nan nan nan 1.546917 1.410223 3.392262 36.997801 -2.805373 -1.070963 0.000000 0.929592 68721
car -1 -1 nan nan nan nan nan 1.645216 1.830317 2.621872 -23.221930 -13.721883 -1.311675 0.000000 0.838876 68722
car -1 -1 nan nan nan nan nan 0.846013 0.728178 0.498291 23.448399 2.557502 -0.708772 0.000000 0.765155 68725
car -1 -1 nan nan nan nan nan 0.544003 0.269408 0.595442 29.732242 2.412237 -1.031746 0.000000 0.824772 68726
car -1 -1 nan nan nan nan nan 1.271512 1.557415 3.377960 -23.945238 -11.313376 -1.452237 0.000000 0.815098 68727
car -1 -1 nan nan nan nan nan 1.351875 1.337134 2.248360 28.572203 -2.812865 -1.081503 0.000000 0.866903 68729
car -1 -1 nan nan nan nan nan 0.442088 0.589218 0.405910 -38.328074 -5.541824 -1.527798 0.000000 0.485109 68733
car -1 -1 nan nan nan nan nan 0.650109 1.661606 0.219788 49.670074 3.583077 -0.512612 0.000000 0.482287 68736
bicyclist -1 -1 nan nan nan nan nan 1.276152 1.261553 1.262814 -42.473818 2.742848 -0.521142 0.000000 0.799617 68705
bicycle -1 -1 nan nan nan nan nan 0.442122 0.211225 0.436024 32.904081 -9.264675 -0.289021 0.000000 0.734817 68723
motorcycle -1 -1 nan nan nan nan nan 1.175472 1.435637 0.978542 2.411489 -3.294836 -1.206539 0.000000 0.860961 68724
