car -1 -1 nan nan nan nan nan 1.070173 2.054544 2.871027 -19.871434 -14.821849 -2.015733 0.000000 0.915736 68329
car -1 -1 nan nan nan nan nan 1.545449 1.995298 3.939777 -26.123158 7.759117 -0.604642 0.000000 0.898675 68334
car -1 -1 nan nan nan nan nan 1.209996 1.175295 1.508625 28.116726 -4.005261 -0.993968 0.000000 0.659136 68335
car -1 -1 nan nan nan nan nan 1.264928 1.956694 3.254049 -23.192470 -29.798083 -3.026497 0.000000 0.919670 68337
car -1 -1 nan nan nan nan nan 1.396009 1.722863 4.336172 13.538974 -5.509845 -1.203067 0.000000 0.925553 68339
car -1 -1 nan nan nan nan nan 1.545635 3.247566 2.351612 -9.477653 -8.388970 -1.601623 0.000000 0.901231 68341
car -1 -1 nan nan nan nan nan 0.835036 0.915884 1.580357 35.005243 -10.930591 -1.176259 0.000000 0.818265 68343
car -1 -1 nan nan nan nan nan 1.476690 2.197054 3.472877 -17.187741 -3.977245 -1.364822 0.000000 0.905367 68344
car -1 -1 nan nan nan nan nan 1.291027 1.358686 0.688828 42.189419 -13.150940 -1.362168 0.000000 0.476277 68346
car -1 -1 nan nan nan nan nan 1.413234 3.238407 3.540312 -31.619119 3.211792 -1.160512 0.000000 0.899449 68347
other-vehicle -1 -1 nan nan nan nan nan 1.090957 2.451036 1.276657 35.038006 -4.873187 -0.394427 0.000000 0.654542 68348
car -1 -1 nan nan nan nan nan 1.286983 1.607683 3.168207 29.730184 -9.806916 -1.414312 0.000000 0.791667 68350
car -1 -1 nan nan nan nan nan 1.838829 2.417683 2.779520 -17.588033 -9.016088 -1.566833 0.000000 0.873347 68351
car -1 -1 nan nan nan nan nan 1.397183 2.342697 3.090367 -10.774137 4.061030 -0.940707 0.000000 0.916066 68352
car -1 -1 nan nan nan nan nan 0.470003 0.419876 0.555244 37.638283 -6.516599 -1.261885 0.000000 0.595201 68356
car -1 -1 nan nan nan nan nan 1.397901 1.885799 2.790783 -17.455601 -6.530454 -1.555889 0.000000 0.881321 68358
car -1 -1 nan nan nan nan nan 0.876027 0.519393 0.722050 -35.725031 5.391163 -1.383356 0.000000 0.854794 68360
car -1 -1 nan nan nan nan nan 0.281994 0.694939 0.238625 -47.630383 8.000387 -1.179912 0.000000 0.592180 68363
motorcycle -1 -1 nan nan nan nan nan 1.151996 1.423254 0.807812 9.752591 -5.169964 -1.366122 0.000000 0.924700 68354
