other-vehicle -1 -1 nan nan nan nan nan 0.676125 0.752913 1.496330 36.261719 2.840408 -1.063324 0.000000 0.856986 68738
other-vehicle -1 -1 nan nan nan nan nan 1.031511 1.037216 1.048550 -43.408480 2.506800 -0.692892 0.000000 0.782713 68739
car -1 -1 nan nan nan nan nan 0.909278 1.235449 1.088928 1.699283 -3.268676 -1.073732 0.000000 0.788307 68741
car -1 -1 nan nan nan nan nan 1.629060 1.694592 2.947607 -24.147134 -13.782763 -1.314725 0.000000 0.917513 68743
car -1 -1 nan nan nan nan nan 1.421035 2.092412 1.743118 18.927326 3.101688 -0.908013 0.000000 0.830675 68744
car -1 -1 nan nan nan nan nan 1.398554 1.696442 4.028595 -20.468641 0.274833 -1.132205 0.000000 0.931487 68745
car -1 -1 nan nan nan nan nan 1.166735 1.108377 0.906075 -32.281338 2.756595 -0.466148 0.000000 0.549486 68748
car -1 -1 nan nan nan nan nan 0.946295 1.622695 1.340225 -39.386806 -5.411877 -1.554445 0.000000 0.892459 68750
car -1 -1 nan nan nan nan nan 0.990118 3.436147 2.143469 25.977477 4.164035 -0.327389 0.000000 0.892185 68751
car -1 -1 nan nan nan nan nan 1.430663 1.832097 3.892183 22.353627 -2.915415 -1.189263 0.000000 0.918378 68752
car -1 -1 nan nan nan nan nan 1.199773 1.450809 4.076130 28.624895 -2.606630 -1.102785 0.000000 0.904262 68753
truck -1 -1 nan nan nan nan nan 0.469366 0.651011 1.699055 19.601948 31.081426 -0.554454 0.000000 0.784655 68755
car -1 -1 nan nan nan nan nan 1.506827 1.438792 3.303768 36.090078 -2.562577 -1.037241 0.000000 0.855927 68756
car -1 -1 nan nan nan nan nan 1.247016 1.724697 3.525909 -24.621859 -9.155602 -1.264003 0.000000 0.893251 68758
car -1 -1 nan nan nan nan nan 1.822792 1.754314 4.385855 5.468346 -2.931734 -0.871820 0.000000 0.947743 68759
car -1 -1 nan nan nan nan nan 0.817085 0.869118 0.493629 22.524584 2.764356 -0.674966 0.000000 0.767478 68760
car -1 -1 nan nan nan nan nan 1.374204 2.461950 1.850179 -16.056522 -10.964214 -1.339402 0.000000 0.910622 68761
car -1 -1 nan nan nan nan nan 0.526008 0.336391 0.683058 28.835118 2.612121 -0.992416 0.000000 0.808599 68762
car -1 -1 nan nan nan nan nan 1.133770 1.479197 3.562048 -24.779252 -11.526878 -1.403778 0.000000 0.803207 68763
bicycle -1 -1 nan nan nan nan nan 0.636009 0.233733 0.353827 -15.625498 -7.765868 -1.444572 0.000000 0.089815 68749
bicycle -1 -1 nan nan nan nan nan 0.452119 0.218161 0.586102 32.535429 -9.019704 -0.287409 0.000000 0.697754 68757
