car -1 -1 nan nan nan nan nan 1.531234 4.094707 3.356874 -3.735533 4.289413 -1.046186 0.000000 0.959310 69654
car -1 -1 nan nan nan nan nan 1.348970 1.789458 1.456175 20.978780 3.618951 -0.634507 0.000000 0.917489 69658
car -1 -1 nan nan nan nan nan 1.372000 1.725512 3.938478 -27.454911 -3.035596 -1.536819 0.000000 0.891167 69659
other-vehicle -1 -1 nan nan nan nan nan 0.795942 1.543718 2.031887 33.143793 -2.879478 -0.873175 0.000000 0.829651 69661
car -1 -1 nan nan nan nan nan 1.368282 4.492754 2.406726 10.166213 4.651905 -0.901209 0.000000 0.966734 69662
car -1 -1 nan nan nan nan nan 1.369885 2.439152 1.278508 -13.688046 3.226462 -1.206845 0.000000 0.910775 69663
car -1 -1 nan nan nan nan nan 1.300983 2.927554 2.353287 36.537636 4.540280 -0.328177 0.000000 0.863522 69665
car -1 -1 nan nan nan nan nan 1.446696 1.714826 3.884195 -10.602146 -2.858673 -1.294954 0.000000 0.952589 69668
car -1 -1 nan nan nan nan nan 1.469348 1.819941 4.640858 -4.397859 -2.890098 -1.135672 0.000000 0.937474 69669
car -1 -1 nan nan nan nan nan 1.367879 2.761940 2.191124 15.280769 4.153854 -0.802308 0.000000 0.929674 69670
car -1 -1 nan nan nan nan nan 1.635218 1.315924 1.368782 -45.795246 3.235965 -1.622092 0.000000 0.879033 69672
car -1 -1 nan nan nan nan nan 1.347950 1.609722 3.001274 36.960320 -2.708553 -0.525181 0.000000 0.904929 69673
car -1 -1 nan nan nan nan nan 1.841702 2.824761 2.328826 -7.079753 3.624915 -0.926202 0.000000 0.898179 69674
car -1 -1 nan nan nan nan nan 1.429373 1.659792 1.706626 -10.655293 3.028470 -1.148651 0.000000 0.875663 69675
car -1 -1 nan nan nan nan nan 1.373974 2.615047 1.221725 17.967978 4.317515 -0.629128 0.000000 0.816338 69677
car -1 -1 nan nan nan nan nan 1.626136 1.662244 4.076605 2.829481 -2.688921 -0.909808 0.000000 0.913711 69679
motorcycle -1 -1 nan nan nan nan nan 0.314178 0.300952 0.546757 6.867622 -8.078955 -0.414138 0.000000 0.779669 69660
person -1 -1 nan nan nan nan nan 1.123026 0.385931 0.516618 -2.620431 31.045224 -1.010620 0.000000 0.928502 69657
