car -1 -1 nan nan nan nan nan 1.661522 3.174389 1.859862 5.811221 3.924532 -0.885287 0.000000 0.957681 69218
car -1 -1 nan nan nan nan nan 1.577582 0.990359 1.311615 -44.353203 3.197080 -1.247352 0.000000 0.810437 69219
car -1 -1 nan nan nan nan nan 0.325421 0.259697 0.502365 -21.703680 44.905506 -2.517711 0.000000 0.725986 69220
other-vehicle -1 -1 nan nan nan nan nan 0.268865 1.453197 0.834160 49.553669 -2.717497 -0.961219 0.000000 0.886570 69221
car -1 -1 nan nan nan nan nan 1.079015 3.887846 1.478586 26.565309 4.500459 -0.897631 0.000000 0.936482 69222
car -1 -1 nan nan nan nan nan 1.443273 1.884131 4.593611 -10.662327 -2.897689 -1.090504 0.000000 0.934385 69223
car -1 -1 nan nan nan nan nan 0.852064 0.678095 3.071102 -41.389563 -8.373040 -1.297559 0.000000 0.886722 69225
car -1 -1 nan nan nan nan nan 1.199155 1.135405 1.302956 38.011730 3.489076 -0.691574 0.000000 0.767217 69226
car -1 -1 nan nan nan nan nan 1.553486 1.583101 3.816999 19.536325 -2.632492 -0.725837 0.000000 0.929656 69227
car -1 -1 nan nan nan nan nan 1.254386 1.681771 2.745655 -37.194208 0.557322 -1.444637 0.000000 0.861141 69228
car -1 -1 nan nan nan nan nan 1.480478 1.607998 4.647346 12.092932 -2.680854 -0.907277 0.000000 0.965361 69230
car -1 -1 nan nan nan nan nan 1.468769 1.905535 3.789650 5.757156 -2.802509 -0.994986 0.000000 0.935864 69231
car -1 -1 nan nan nan nan nan 1.393975 0.843437 1.560933 12.196816 2.875184 -0.909688 0.000000 0.877811 69232
car -1 -1 nan nan nan nan nan 0.802170 2.244806 1.417713 31.954760 4.091723 -0.640180 0.000000 0.868480 69233
car -1 -1 nan nan nan nan nan 1.813682 2.590008 2.036796 2.389862 3.307306 -0.846951 0.000000 0.905927 69235
car -1 -1 nan nan nan nan nan 1.819930 3.230320 2.679682 9.555126 4.036605 -0.780986 0.000000 0.892939 69236
car -1 -1 nan nan nan nan nan 1.306264 1.874026 0.482960 35.164621 4.089236 -0.724051 0.000000 0.758423 69237
car -1 -1 nan nan nan nan nan 0.424631 0.845329 1.107815 -33.683187 3.370747 -0.511017 0.000000 0.493839 69238
car -1 -1 nan nan nan nan nan 0.308803 0.486751 0.785011 48.729237 -5.148695 -0.333334 0.000000 0.428589 69239
