car -1 -1 nan nan nan nan nan 1.376154 3.178075 3.466990 -4.566401 6.089829 -1.093493 0.000000 0.933769 67913
other-vehicle -1 -1 nan nan nan nan nan 2.117759 1.166260 1.729395 -26.611197 -42.406326 -0.403669 0.000000 0.786010 67915
car -1 -1 nan nan nan nan nan 0.311563 1.032158 0.488689 -44.036528 22.830418 -1.160487 0.000000 0.703738 67916
car -1 -1 nan nan nan nan nan 1.380280 2.961776 3.264243 16.094916 -10.029228 -0.884318 0.000000 0.893109 67918
car -1 -1 nan nan nan nan nan 1.249709 2.271819 2.808027 -18.788857 -11.787672 -1.324492 0.000000 0.843256 67919
car -1 -1 nan nan nan nan nan 1.302048 2.513262 3.316048 -23.862247 16.805974 -1.345194 0.000000 0.916327 67920
car -1 -1 nan nan nan nan nan 0.618005 0.568859 0.375788 28.562747 -20.422388 -0.832059 0.000000 0.679810 67921
car -1 -1 nan nan nan nan nan 1.303881 1.485355 1.494114 -27.854563 -29.231514 -1.558945 0.000000 0.700638 67922
car -1 -1 nan nan nan nan nan 1.437512 3.353938 1.559588 -5.587971 -6.288314 -1.112928 0.000000 0.935964 67923
car -1 -1 nan nan nan nan nan 1.221816 2.206288 1.293915 37.485504 -15.223585 -0.459099 0.000000 0.780622 67926
car -1 -1 nan nan nan nan nan 1.359807 2.940543 3.361729 -13.712914 -2.076850 -1.193796 0.000000 0.911221 67927
car -1 -1 nan nan nan nan nan 0.630667 0.707172 0.757889 -33.168861 -37.996855 -1.802013 0.000000 0.739546 67928
car -1 -1 nan nan nan nan nan 1.718154 2.647720 3.825632 -17.875337 13.680109 -1.133731 0.000000 0.939160 67932
car -1 -1 nan nan nan nan nan 1.280676 1.066510 2.280056 -28.745272 14.325440 -1.420714 0.000000 0.816198 67933
car -1 -1 nan nan nan nan nan 0.979770 0.695259 2.434853 -39.191708 20.112631 -1.385313 0.000000 0.835445 67934
car -1 -1 nan nan nan nan nan 1.378163 2.525311 3.218985 -24.257623 11.025885 -1.292151 0.000000 0.895354 67935
car -1 -1 nan nan nan nan nan 1.034663 1.435972 2.222898 -30.449351 20.441764 -1.445320 0.000000 0.942689 67936
other-vehicle -1 -1 nan nan nan nan nan 0.500027 1.159018 1.908520 -35.927942 27.398099 -0.922910 0.000000 0.901882 67938
car -1 -1 nan nan nan nan nan 0.455486 0.495222 0.479458 -34.930666 22.915471 -1.584448 0.000000 0.750175 67941
car -1 -1 nan nan nan nan nan 0.422108 1.616840 1.215868 30.693959 -18.360254 -0.492204 0.000000 0.674962 67943
car -1 -1 nan nan nan nan nan 0.475015 0.807911 0.648903 39.490475 -17.274557 -0.931704 0.000000 0.742007 67946
car -1 -1 nan nan nan nan nan 1.467041 2.860394 3.902416 -12.298584 0.013526 -1.076161 0.000000 0.906746 67947
car -1 -1 nan nan nan nan nan 1.367745 3.036218 3.234997 -17.894522 -9.688747 -1.327102 0.000000 0.967134 67949
car -1 -1 nan nan nan nan nan 1.726979 2.774559 3.167874 -14.319190 -4.540118 -1.064421 0.000000 0.887089 67951
truck -1 -1 nan nan nan nan nan 0.863992 3.184218 0.721893 49.755718 6.138997 -0.072486 0.000000 0.477397 67953
bicycle -1 -1 nan nan nan nan nan 0.434517 0.592594 0.477207 -24.720865 23.323828 -1.660113 0.000000 0.454331 67930
motorcycle -1 -1 nan nan nan nan nan 0.623125 1.743382 0.797844 30.993416 -12.067933 -0.955443 0.000000 0.780454 67931
motorcycle -1 -1 nan nan nan nan nan 1.092087 1.464890 0.680202 13.033475 -8.475534 -1.048117 0.000000 0.885415 67940
person -1 -1 nan nan nan nan nan 0.696983 0.333004 0.227785 -32.077117 25.141188 0.034189 0.000000 0.498992 67924
person -1 -1 nan nan nan nan nan 0.607831 0.360413 0.435091 -24.335732 -41.559872 -1.697056 0.000000 0.757067 67950
