car -1 -1 nan nan nan nan nan 1.384996 3.433668 2.610283 -3.539915 3.949806 -1.065041 0.000000 0.953496 69474
car -1 -1 nan nan nan nan nan 1.026990 2.329911 2.149563 43.249327 4.170832 -0.643207 0.000000 0.819938 69475
car -1 -1 nan nan nan nan nan 0.946181 1.573959 2.580044 -46.344839 0.573511 -1.719879 0.000000 0.872639 69476
car -1 -1 nan nan nan nan nan 1.224033 2.394765 1.604216 21.857509 3.960106 -0.872875 0.000000 0.901073 69477
car -1 -1 nan nan nan nan nan 1.409802 1.773483 4.271572 -20.595774 -2.905123 -1.181382 0.000000 0.930955 69478
car -1 -1 nan nan nan nan nan 1.682408 2.078250 1.546993 -38.832750 3.868238 -1.187329 0.000000 0.911451 69481
car -1 -1 nan nan nan nan nan 1.723400 1.722534 4.493027 2.099824 -2.801777 -0.900402 0.000000 0.953243 69482
other-vehicle -1 -1 nan nan nan nan nan 0.667911 1.605926 2.251331 40.201448 -3.062859 -0.996202 0.000000 0.825052 69483
car -1 -1 nan nan nan nan nan 1.375728 1.871912 3.896175 -3.678937 -2.842452 -1.060377 0.000000 0.958012 69484
car -1 -1 nan nan nan nan nan 1.244041 1.423885 1.454939 27.986709 3.339749 -0.807818 0.000000 0.826264 69485
car -1 -1 nan nan nan nan nan 1.756698 3.358991 2.109231 2.282214 3.965543 -0.818543 0.000000 0.864796 69486
car -1 -1 nan nan nan nan nan 1.312995 4.625438 1.776402 16.665563 4.723392 -1.003467 0.000000 0.952871 69487
car -1 -1 nan nan nan nan nan 1.406867 2.899015 1.983511 -6.830045 3.468397 -1.056575 0.000000 0.901210 69489
car -1 -1 nan nan nan nan nan 1.620070 1.921381 4.146015 9.627247 -2.888236 -0.882713 0.000000 0.946577 69490
car -1 -1 nan nan nan nan nan 1.230061 1.909833 0.640354 25.141153 3.871670 -0.764833 0.000000 0.805471 69491
car -1 -1 nan nan nan nan nan 1.856947 4.115722 3.368017 0.008289 4.300757 -0.823670 0.000000 0.914606 69492
other-vehicle -1 -1 nan nan nan nan nan 0.478922 1.185947 0.480530 42.354782 -2.835880 -0.920699 0.000000 0.687972 69497
