car -1 -1 nan nan nan nan nan 1.763083 3.193440 2.689847 10.604932 4.079266 -0.761372 0.000000 0.908760 69194
car -1 -1 nan nan nan nan nan 1.537792 0.966438 1.299606 -43.321613 3.053474 -1.123092 0.000000 0.857468 69195
car -1 -1 nan nan nan nan nan 1.462572 1.854366 4.938386 -9.728494 -2.909699 -1.074706 0.000000 0.935342 69198
car -1 -1 nan nan nan nan nan 0.593615 2.225816 1.444714 33.048559 4.224187 -0.554417 0.000000 0.887821 69199
car -1 -1 nan nan nan nan nan 1.162615 0.593496 3.311642 -40.306993 -8.519895 -1.302676 0.000000 0.895990 69200
car -1 -1 nan nan nan nan nan 1.532185 1.535177 3.843496 20.643699 -2.557574 -0.829325 0.000000 0.949655 69201
car -1 -1 nan nan nan nan nan 1.503195 1.925884 3.774463 6.843300 -2.841631 -0.983008 0.000000 0.953893 69203
car -1 -1 nan nan nan nan nan 1.491094 1.570108 4.249420 12.910063 -2.662943 -0.937883 0.000000 0.966969 69204
car -1 -1 nan nan nan nan nan 1.460839 3.517730 2.166204 3.475388 3.828503 -0.995332 0.000000 0.954415 69205
car -1 -1 nan nan nan nan nan 1.479908 1.761165 2.200951 -36.087021 0.491761 -1.446443 0.000000 0.865558 69206
car -1 -1 nan nan nan nan nan 1.219633 1.716099 1.091923 38.931540 3.860390 -0.714391 0.000000 0.778838 69207
car -1 -1 nan nan nan nan nan 1.121004 3.470108 1.503231 27.655367 4.423542 -0.944311 0.000000 0.924577 69210
car -1 -1 nan nan nan nan nan 1.403374 2.294998 1.834816 6.836410 3.521017 -1.012971 0.000000 0.902153 69211
car -1 -1 nan nan nan nan nan 1.401907 0.875605 1.743670 13.273176 2.923339 -0.944557 0.000000 0.888662 69212
car -1 -1 nan nan nan nan nan 0.877522 1.331319 0.205780 36.357533 3.998809 -0.523513 0.000000 0.642820 69213
person -1 -1 nan nan nan nan nan 0.827268 0.347653 0.379776 -34.903282 -0.266960 -1.603507 0.000000 0.324144 69216
