car -1 -1 nan nan nan nan nan 1.493159 3.192879 2.039798 -11.690124 -9.859395 -1.634502 0.000000 0.925024 68516
car -1 -1 nan nan nan nan nan 1.475652 1.729075 4.363878 10.759756 -3.829223 -1.171194 0.000000 0.952913 68521
car -1 -1 nan nan nan nan nan 1.419412 1.573446 1.800179 24.781708 0.211370 -0.855273 0.000000 0.847598 68522
car -1 -1 nan nan nan nan nan 1.437352 1.514160 2.950794 -21.040302 -20.180079 -2.330617 0.000000 0.860450 68523
car -1 -1 nan nan nan nan nan 1.460245 2.183643 3.370572 -14.944934 2.001625 -1.041226 0.000000 0.905530 68524
car -1 -1 nan nan nan nan nan 1.467329 2.086137 3.334064 -19.842596 -6.822886 -1.490914 0.000000 0.927988 68526
car -1 -1 nan nan nan nan nan 0.209071 0.346411 0.634880 34.638348 -1.091951 -1.245064 0.000000 0.754682 68527
car -1 -1 nan nan nan nan nan 1.324715 1.633353 3.763008 27.463249 -5.646144 -1.323264 0.000000 0.917238 68528
car -1 -1 nan nan nan nan nan 1.241724 3.471671 3.502270 -35.189898 -1.466255 -1.310813 0.000000 0.907591 68529
car -1 -1 nan nan nan nan nan 1.198792 1.320286 1.864775 32.812051 -6.142277 -1.253650 0.000000 0.658431 68530
car -1 -1 nan nan nan nan nan 1.762431 2.181744 2.973783 -19.839746 -11.701002 -1.650578 0.000000 0.894833 68531
car -1 -1 nan nan nan nan nan 0.986676 2.381751 1.886473 31.968698 0.191789 -0.335130 0.000000 0.769180 68536
car -1 -1 nan nan nan nan nan 1.360101 1.539676 3.056995 -20.036215 -9.168235 -1.697271 0.000000 0.866865 68537
car -1 -1 nan nan nan nan nan 0.680758 1.540401 2.193056 -20.316701 -18.074505 -1.973256 0.000000 0.675768 68538
car -1 -1 nan nan nan nan nan 1.418362 2.331413 3.604315 -30.520486 3.256807 -0.807808 0.000000 0.867282 68540
motorcycle -1 -1 nan nan nan nan nan 0.929842 0.445792 3.049755 41.164198 -6.507310 -1.385431 0.000000 0.858760 68518
motorcycle -1 -1 nan nan nan nan nan 1.092239 1.267060 0.900031 6.817097 -3.821617 -1.375656 0.000000 0.918337 68533
motorcycle -1 -1 nan nan nan nan nan 0.634451 0.499703 0.709602 -39.687271 -0.238145 -1.437804 0.000000 0.871831 68539
