car -1 -1 nan nan nan nan nan 1.488139 4.103084 3.099741 -7.132396 4.299004 -1.056993 0.000000 0.952290 69749
car -1 -1 nan nan nan nan nan 1.348531 2.148705 1.544716 17.591759 3.818802 -0.846217 0.000000 0.920314 69753
other-vehicle -1 -1 nan nan nan nan nan 0.861116 2.603492 2.181583 -26.057631 -6.761300 -1.004625 0.000000 0.789917 69754
car -1 -1 nan nan nan nan nan 1.186132 1.665810 3.984177 33.972885 -2.660702 -0.852845 0.000000 0.865927 69758
car -1 -1 nan nan nan nan nan 1.398357 4.393469 1.634739 6.292054 4.605516 -1.023264 0.000000 0.951665 69759
car -1 -1 nan nan nan nan nan 0.489724 0.278641 0.542484 -42.022894 -5.741295 -1.763346 0.000000 0.498078 69760
car -1 -1 nan nan nan nan nan 1.479235 1.664430 3.913754 -13.978896 -2.888209 -1.243775 0.000000 0.932449 69762
car -1 -1 nan nan nan nan nan 1.370337 2.766770 2.239799 32.982117 4.487021 -0.736611 0.000000 0.888405 69764
car -1 -1 nan nan nan nan nan 1.332633 2.375524 1.111233 -17.218403 3.098169 -1.187932 0.000000 0.704189 69765
car -1 -1 nan nan nan nan nan 1.452002 1.809653 4.569712 -7.855893 -2.913881 -1.125415 0.000000 0.944022 69766
car -1 -1 nan nan nan nan nan 1.392237 1.669561 3.817144 -30.603856 -3.051922 -1.374861 0.000000 0.919317 69767
car -1 -1 nan nan nan nan nan 1.195582 1.158932 0.569958 38.829802 -2.526268 -0.450146 0.000000 0.525928 69768
car -1 -1 nan nan nan nan nan 1.449024 3.565153 2.351686 11.909317 4.523780 -0.937210 0.000000 0.954482 69769
car -1 -1 nan nan nan nan nan 1.637046 2.980147 2.955818 -10.427361 3.740954 -0.833030 0.000000 0.916685 69771
other-vehicle -1 -1 nan nan nan nan nan 0.758677 1.490802 1.669975 29.254192 -2.823134 -1.100493 0.000000 0.869820 69772
car -1 -1 nan nan nan nan nan 1.456319 1.228560 1.717370 -14.279187 2.804591 -1.150402 0.000000 0.824072 69774
car -1 -1 nan nan nan nan nan 1.502156 2.421623 1.141362 14.842874 4.217086 -0.878625 0.000000 0.914218 69775
car -1 -1 nan nan nan nan nan 1.349053 1.629713 4.252651 -0.481584 -2.815534 -0.801000 0.000000 0.960477 69778
bicycle -1 -1 nan nan nan nan nan 1.195985 1.773391 0.701135 3.461970 -7.471988 -0.882906 0.000000 0.807604 69757
bicycle -1 -1 nan nan nan nan nan 0.778418 1.157768 0.410135 -23.444165 -8.721260 -0.423447 0.000000 0.368915 69770
person -1 -1 nan nan nan nan nan 1.385156 0.322693 0.670066 10.575979 30.552912 -0.971545 0.000000 0.912952 69776
