car -1 -1 nan nan nan nan nan 1.392741 3.834965 2.718282 -7.963662 3.500402 -1.238526 0.000000 0.937742 67380
other-vehicle -1 -1 nan nan nan nan nan 3.117099 2.200136 2.594982 -40.001135 -24.497344 -2.122672 0.000000 0.806531 67382
car -1 -1 nan nan nan nan nan 1.489065 4.368256 1.842729 13.155679 -19.200651 -1.145643 0.000000 0.943643 67384
car -1 -1 nan nan nan nan nan 1.229158 2.932700 2.292917 -28.706058 -9.074530 -2.299034 0.000000 0.898639 67387
car -1 -1 nan nan nan nan nan 1.419131 3.653730 2.550541 -6.881198 24.724475 -0.835220 0.000000 0.869148 67388
car -1 -1 nan nan nan nan nan 1.378050 3.650750 2.530038 4.017270 5.735016 -0.864960 0.000000 0.947449 67389
car -1 -1 nan nan nan nan nan 1.722946 4.026321 1.781157 -17.155873 -1.697580 -1.615338 0.000000 0.691035 67390
car -1 -1 nan nan nan nan nan 1.171171 1.338318 1.503618 25.632714 -28.067644 -0.917906 0.000000 0.698997 67391
car -1 -1 nan nan nan nan nan 1.542203 1.761618 3.321039 -3.654750 -3.517263 -1.328887 0.000000 0.907416 67392
car -1 -1 nan nan nan nan nan 0.541053 1.565273 0.831810 -43.251499 -17.850998 -3.040438 0.000000 0.780823 67393
car -1 -1 nan nan nan nan nan 1.330734 2.483286 1.385410 -10.273242 31.289863 -0.891843 0.000000 0.910963 67394
car -1 -1 nan nan nan nan nan 1.800751 4.023113 3.111107 -3.452301 19.236595 -0.697365 0.000000 0.920309 67395
car -1 -1 nan nan nan nan nan 1.059837 1.901887 0.918747 -33.631466 -12.320199 -2.372375 0.000000 0.723036 67397
car -1 -1 nan nan nan nan nan 1.228220 1.699261 1.722824 21.534388 -33.171198 -1.425642 0.000000 0.769244 67399
other-vehicle -1 -1 nan nan nan nan nan 0.763242 1.314512 0.708946 -6.882303 30.759027 -0.034977 0.000000 0.739383 67403
car -1 -1 nan nan nan nan nan 1.137031 1.566303 0.493061 29.066427 -34.200296 -0.986037 0.000000 0.853276 67405
car -1 -1 nan nan nan nan nan 1.910738 4.235083 2.826364 -9.667206 1.933325 -1.236560 0.000000 0.906623 67407
car -1 -1 nan nan nan nan nan 1.406367 3.677381 2.598966 -5.834100 4.565999 -1.103679 0.000000 0.932943 67408
car -1 -1 nan nan nan nan nan 1.314486 3.115356 2.374149 -15.315468 -1.272845 -1.683226 0.000000 0.906648 67409
car -1 -1 nan nan nan nan nan 0.634973 1.054073 1.227436 30.582798 -36.866346 -1.357075 0.000000 0.722797 67411
car -1 -1 nan nan nan nan nan 0.752472 0.831705 0.681828 27.147926 -31.441018 -0.755163 0.000000 0.687750 67412
bicycle -1 -1 nan nan nan nan nan 1.016665 0.600868 0.656159 -2.399116 27.002169 -0.298442 0.000000 0.772121 67401
motorcycle -1 -1 nan nan nan nan nan 1.086195 1.456614 0.899436 11.795191 -15.832051 -1.227139 0.000000 0.937285 67402
person -1 -1 nan nan nan nan nan 1.043040 0.734715 0.370564 -35.731825 -24.567406 -2.554230 0.000000 0.709497 67400
