other-vehicle -1 -1 nan nan nan nan nan 2.913418 2.277907 3.099018 -35.651915 -3.286973 -0.673456 0.000000 0.729172 66647
car -1 -1 nan nan nan nan nan 1.292543 1.223040 1.725809 20.538253 12.293665 -0.086366 0.000000 0.619569 66648
car -1 -1 nan nan nan nan nan 1.472786 3.229495 1.905846 -5.203542 5.047093 -1.069743 0.000000 0.916351 66649
car -1 -1 nan nan nan nan nan 1.259583 2.690772 1.528496 -24.600363 4.805456 -1.419261 0.000000 0.884673 66650
car -1 -1 nan nan nan nan nan 1.532822 1.743238 3.469762 5.518508 -3.375804 -0.857940 0.000000 0.904553 66651
car -1 -1 nan nan nan nan nan 0.871427 0.599460 1.017475 -49.038420 3.992360 -1.801053 0.000000 0.847392 66652
car -1 -1 nan nan nan nan nan 1.359207 3.656637 2.341831 17.744202 1.325230 -0.711796 0.000000 0.947297 66653
car -1 -1 nan nan nan nan nan 1.820616 3.976161 2.094252 3.283838 5.068218 -0.690613 0.000000 0.945400 66655
car -1 -1 nan nan nan nan nan 1.449104 3.674402 1.728659 -18.320682 5.045761 -1.370489 0.000000 0.949115 66659
car -1 -1 nan nan nan nan nan 1.422809 3.425614 1.916117 8.032228 5.101304 -0.714512 0.000000 0.925417 66661
car -1 -1 nan nan nan nan nan 0.721049 1.312684 1.318932 -35.477924 4.292486 -1.926495 0.000000 0.862821 66662
car -1 -1 nan nan nan nan nan 0.987186 0.683403 0.802494 -40.281744 4.371749 -1.599950 0.000000 0.633041 66663
car -1 -1 nan nan nan nan nan 1.417149 3.810241 1.811608 -3.078805 5.174162 -1.058977 0.000000 0.957508 66664
car -1 -1 nan nan nan nan nan 0.550253 0.742595 0.916431 -46.295092 4.208460 -2.120204 0.000000 0.467513 66665
car -1 -1 nan nan nan nan nan 1.322585 1.455420 1.720081 5.658982 4.213121 -0.759300 0.000000 0.919999 66667
bicyclist -1 -1 nan nan nan nan nan 0.433903 0.333374 0.491161 -38.387224 8.104288 -0.846136 0.000000 0.797298 66654
bicycle -1 -1 nan nan nan nan nan 1.083971 0.269159 0.745275 21.330073 7.025784 -0.515653 0.000000 0.837931 66660
person -1 -1 nan nan nan nan nan 1.624942 0.803603 0.430132 -29.225774 -5.827550 -1.392441 0.000000 0.825429 66656
