car -1 -1 nan nan nan nan nan 1.850908 2.986713 2.319052 1.715299 3.784407 -0.789547 0.000000 0.951585 69414
car -1 -1 nan nan nan nan nan 0.582341 1.546075 1.269051 45.256603 -3.017146 -0.445989 0.000000 0.679790 69416
other-vehicle -1 -1 nan nan nan nan nan 0.224060 0.812944 0.914882 -0.744128 -18.344115 -0.373700 0.000000 0.694886 69418
car -1 -1 nan nan nan nan nan 0.885636 2.392050 1.954155 24.445927 3.939093 -0.745261 0.000000 0.903951 69419
car -1 -1 nan nan nan nan nan 1.443372 1.778056 4.188568 -18.335674 -2.873110 -1.161546 0.000000 0.910335 69420
car -1 -1 nan nan nan nan nan 1.389189 1.724149 3.957874 -1.533642 -2.835821 -1.061531 0.000000 0.938843 69422
car -1 -1 nan nan nan nan nan 1.100976 2.569126 2.291584 45.522169 4.183706 -0.415923 0.000000 0.747756 69424
car -1 -1 nan nan nan nan nan 1.642135 1.830886 3.871641 11.707072 -2.812391 -0.856933 0.000000 0.946783 69425
car -1 -1 nan nan nan nan nan 1.995311 2.941166 2.420856 -4.518843 3.508033 -0.774302 0.000000 0.894070 69426
car -1 -1 nan nan nan nan nan 1.448415 1.809124 4.773932 4.316966 -2.798212 -0.968525 0.000000 0.966623 69427
car -1 -1 nan nan nan nan nan 1.142799 1.103030 1.371382 30.222920 3.183607 -0.786752 0.000000 0.829917 69428
car -1 -1 nan nan nan nan nan 1.368916 4.567054 1.725451 19.007903 4.705550 -0.991122 0.000000 0.949990 69429
car -1 -1 nan nan nan nan nan 1.345667 1.807122 2.962082 -44.462391 0.705587 -1.595722 0.000000 0.921539 69430
other-vehicle -1 -1 nan nan nan nan nan 0.285121 1.587074 1.304226 41.904879 -3.023642 -1.015591 0.000000 0.823804 69434
car -1 -1 nan nan nan nan nan 1.007618 2.258062 0.723892 27.312065 4.056118 -0.682329 0.000000 0.747506 69435
car -1 -1 nan nan nan nan nan 1.913359 3.258633 2.048240 4.487600 3.955902 -0.759296 0.000000 0.918090 69436
car -1 -1 nan nan nan nan nan 1.412284 3.603846 3.282723 -1.106071 4.109061 -1.037984 0.000000 0.968957 69438
car -1 -1 nan nan nan nan nan 0.263312 0.823036 0.284458 41.339861 -6.055772 0.011799 0.000000 0.549027 69442
