car -1 -1 nan nan nan nan nan 1.501222 2.260721 3.755284 6.165763 -2.990321 -0.941302 0.000000 0.966176 71059
car -1 -1 nan nan nan nan nan 1.368821 1.672120 3.293354 26.094524 -2.741223 -0.679510 0.000000 0.783545 71065
car -1 -1 nan nan nan nan nan 1.738455 4.015127 2.538424 -10.530344 4.741986 -1.019714 0.000000 0.968375 71068
car -1 -1 nan nan nan nan nan 1.715322 1.773631 4.290028 -3.226024 -2.960235 -1.010196 0.000000 0.915239 71070
car -1 -1 nan nan nan nan nan 0.634504 0.905252 1.477638 -37.261578 2.557616 -1.708815 0.000000 0.741003 71071
other-vehicle -1 -1 nan nan nan nan nan 0.926249 0.914927 2.305013 -13.995206 -2.833894 -1.583079 0.000000 0.917299 71072
car -1 -1 nan nan nan nan nan 0.589100 1.132358 0.944492 -45.463190 2.397562 -2.038945 0.000000 0.789220 71073
car -1 -1 nan nan nan nan nan 1.064826 3.625330 1.280071 35.069777 4.873951 -0.381601 0.000000 0.928964 71074
truck -1 -1 nan nan nan nan nan 0.729093 0.762539 1.710873 -26.573664 26.891432 -1.787631 0.000000 0.649663 71075
car -1 -1 nan nan nan nan nan 1.443620 1.862421 4.553958 -9.350827 -3.025879 -1.254727 0.000000 0.918621 71078
car -1 -1 nan nan nan nan nan 1.305709 0.996066 1.420973 -32.076200 2.896037 -1.632865 0.000000 0.912115 71080
car -1 -1 nan nan nan nan nan 1.348260 3.788920 2.503620 -25.442562 4.296794 -1.417754 0.000000 0.949567 71081
car -1 -1 nan nan nan nan nan 1.398233 0.874088 2.654055 31.172538 -2.524228 -0.540214 0.000000 0.794472 71082
car -1 -1 nan nan nan nan nan 0.903277 1.573606 2.694443 -42.360767 -3.184853 -1.988374 0.000000 0.876562 71085
other-vehicle -1 -1 nan nan nan nan nan 0.227293 0.534218 0.420549 -15.867160 -8.158923 -0.827816 0.000000 0.653500 71086
car -1 -1 nan nan nan nan nan 0.759917 0.602057 0.825111 42.292542 -2.499247 -0.508274 0.000000 0.729533 71087
car -1 -1 nan nan nan nan nan 0.759759 1.211111 1.252960 44.113781 -5.507049 -0.032415 0.000000 0.726223 71088
car -1 -1 nan nan nan nan nan 0.761651 1.196126 0.816872 43.899540 3.415343 -0.035034 0.000000 0.637232 71090
car -1 -1 nan nan nan nan nan 0.772825 0.703872 0.663525 -43.569258 2.011194 -2.065921 0.000000 0.608688 71091
car -1 -1 nan nan nan nan nan 1.176329 1.261132 1.124832 47.677486 -2.513756 -0.455253 0.000000 0.752539 71093
bicyclist -1 -1 nan nan nan nan nan 0.709898 0.276989 0.382154 -27.704610 29.687475 -0.989535 0.000000 0.834122 71084
person -1 -1 nan nan nan nan nan 0.591935 0.633713 1.184605 -43.078966 -5.944320 -1.513896 0.000000 0.319594 71061
