car -1 -1 nan nan nan nan nan 1.414903 2.586763 2.108047 14.891405 4.333076 -0.714840 0.000000 0.856263 72300
other-vehicle -1 -1 nan nan nan nan nan 0.817973 1.039950 0.412014 47.392210 -1.898910 -0.053235 0.000000 0.840530 72303
car -1 -1 nan nan nan nan nan 1.528914 1.555202 3.650314 -14.129567 -3.044094 -1.318099 0.000000 0.894733 72304
car -1 -1 nan nan nan nan nan 0.382985 0.290980 0.548737 28.935715 -5.254170 -0.219873 0.000000 0.619281 72306
other-vehicle -1 -1 nan nan nan nan nan 2.229777 0.497987 2.328482 -28.027555 11.702570 -0.847675 0.000000 0.800191 72307
car -1 -1 nan nan nan nan nan 1.608531 2.905406 2.631253 -1.739827 4.307399 -1.021402 0.000000 0.940999 72308
car -1 -1 nan nan nan nan nan 0.266001 0.562967 0.921989 37.953625 3.639304 -0.462640 0.000000 0.737944 72309
car -1 -1 nan nan nan nan nan 1.440131 1.715590 4.134183 8.082228 -2.908479 -0.942999 0.000000 0.942590 72310
car -1 -1 nan nan nan nan nan 1.347065 1.770840 3.319475 20.367820 -2.837268 -0.743496 0.000000 0.910422 72312
other-vehicle -1 -1 nan nan nan nan nan 0.479006 1.326937 0.985497 42.490887 -6.285187 0.102685 0.000000 0.769006 72317
car -1 -1 nan nan nan nan nan 1.544753 3.986382 1.744598 3.185482 4.140531 -0.945458 0.000000 0.956715 72318
car -1 -1 nan nan nan nan nan 1.526643 1.775169 3.460734 -9.284989 -3.251728 -1.184265 0.000000 0.944830 72320
car -1 -1 nan nan nan nan nan 1.383000 1.986059 3.761335 2.757811 -3.086307 -1.026305 0.000000 0.965403 72321
car -1 -1 nan nan nan nan nan 1.442390 4.193562 2.322633 11.113249 4.510475 -0.904943 0.000000 0.959751 72322
car -1 -1 nan nan nan nan nan 0.959089 1.522919 1.100899 39.255077 -2.701356 -0.334838 0.000000 0.736053 72325
car -1 -1 nan nan nan nan nan 1.145733 1.670147 2.827461 -32.853371 -3.229735 -1.674464 0.000000 0.943266 72327
car -1 -1 nan nan nan nan nan 1.513937 3.082777 2.328069 0.972458 4.142068 -0.948571 0.000000 0.878313 72328
other-vehicle -1 -1 nan nan nan nan nan 1.365521 1.236208 2.807426 -27.321007 13.590521 -0.940755 0.000000 0.326279 72329
car -1 -1 nan nan nan nan nan 1.496041 3.128451 2.117533 -5.334440 4.153399 -1.112789 0.000000 0.938806 72332
motorcycle -1 -1 nan nan nan nan nan 1.170661 2.097139 0.853126 -9.581301 -7.079082 -1.142240 0.000000 0.864114 72315
motorcycle -1 -1 nan nan nan nan nan 0.844984 1.158896 0.531111 16.995727 2.934234 -0.982637 0.000000 0.847884 72324
