car -1 -1 nan nan nan nan nan 1.533907 3.943001 3.091442 -4.089234 4.078670 -1.065825 0.000000 0.951248 72550
car -1 -1 nan nan nan nan nan 0.549028 0.289991 0.416195 43.953138 -4.757754 -0.137464 0.000000 0.761604 72551
car -1 -1 nan nan nan nan nan 0.888573 0.816338 0.919873 -8.399112 35.322250 -0.519842 0.000000 0.755186 72553
car -1 -1 nan nan nan nan nan 1.143276 1.737868 1.512554 30.160015 3.969736 -0.609593 0.000000 0.791988 72558
car -1 -1 nan nan nan nan nan 1.448737 1.589283 3.372237 -17.300013 -3.258029 -1.295241 0.000000 0.926153 72561
car -1 -1 nan nan nan nan nan 0.213637 0.686075 0.334085 0.323890 31.155633 -1.087527 0.000000 0.493264 72563
car -1 -1 nan nan nan nan nan 1.206241 1.698865 2.394543 -41.106401 -3.251981 -1.712895 0.000000 0.908892 72564
other-vehicle -1 -1 nan nan nan nan nan 1.250873 2.668787 0.939970 -23.055987 13.640720 -0.356071 0.000000 0.729613 72565
car -1 -1 nan nan nan nan nan 1.574219 1.852622 1.496608 -13.394627 3.524523 -1.126229 0.000000 0.821274 72567
car -1 -1 nan nan nan nan nan 1.344154 1.775898 3.670883 32.422256 -2.776836 -0.716514 0.000000 0.870877 72568
car -1 -1 nan nan nan nan nan 0.283285 0.269825 0.211597 -45.122641 1.824707 -2.238036 0.000000 0.465936 72571
car -1 -1 nan nan nan nan nan 1.374214 1.790362 3.850649 -4.850281 -3.088123 -1.151938 0.000000 0.961581 72572
car -1 -1 nan nan nan nan nan 1.743979 3.800402 1.825145 2.810006 4.251197 -0.851094 0.000000 0.921984 72573
car -1 -1 nan nan nan nan nan 1.369488 0.884380 2.916033 -22.094468 -2.782917 -1.459539 0.000000 0.873577 72574
car -1 -1 nan nan nan nan nan 1.448847 1.813761 3.528217 12.472373 -2.874619 -0.899145 0.000000 0.935790 72576
other-vehicle -1 -1 nan nan nan nan nan 1.834849 1.603100 2.296543 -48.005163 -6.575966 -0.722243 0.000000 0.664424 72577
truck -1 -1 nan nan nan nan nan 1.909801 2.017879 1.343224 39.842762 -2.340867 -0.138559 0.000000 0.737992 72579
car -1 -1 nan nan nan nan nan 1.594233 2.317129 2.001914 -7.172197 3.787604 -1.093686 0.000000 0.812107 72580
car -1 -1 nan nan nan nan nan 0.836257 2.106849 1.015987 33.573828 4.460227 -0.474125 0.000000 0.800802 72582
car -1 -1 nan nan nan nan nan 1.189021 0.969950 0.884087 39.893154 -5.350708 -0.262537 0.000000 0.817834 72583
car -1 -1 nan nan nan nan nan 1.608170 3.722464 2.547316 6.910836 4.839596 -0.896791 0.000000 0.919753 72584
car -1 -1 nan nan nan nan nan 1.534823 2.059729 1.686869 -9.991080 3.864060 -1.125468 0.000000 0.737755 72585
other-vehicle -1 -1 nan nan nan nan nan 0.439367 1.626776 1.061630 -36.859928 13.207363 -0.857146 0.000000 0.452230 72588
car -1 -1 nan nan nan nan nan 1.380087 1.801208 4.275291 0.305071 -2.913615 -0.699741 0.000000 0.958920 72589
bicycle -1 -1 nan nan nan nan nan 0.950886 1.269237 0.520803 -3.003286 -8.820672 -0.841680 0.000000 0.885050 72559
motorcycle -1 -1 nan nan nan nan nan 1.169982 1.753694 0.734812 9.063778 3.153448 -1.053246 0.000000 0.884261 72560
bicycle -1 -1 nan nan nan nan nan 0.888405 0.562017 1.092093 -15.826869 -9.972798 -1.288822 0.000000 0.849036 72569
bicyclist -1 -1 nan nan nan nan nan 0.535010 0.401979 0.493118 42.374821 -4.788748 -0.128459 0.000000 0.708940 72587
person -1 -1 nan nan nan nan nan 0.329036 0.419955 0.509027 17.131961 -4.263536 -0.095594 0.000000 0.702309 72555
