car -1 -1 nan nan nan nan nan 1.386650 2.842064 1.729635 16.570868 3.903036 -0.853959 0.000000 0.885326 72149
car -1 -1 nan nan nan nan nan 1.492529 1.524752 4.276652 -8.691719 -3.047747 -1.188235 0.000000 0.939892 72153
car -1 -1 nan nan nan nan nan 0.500166 0.519472 1.945486 -0.459743 19.683576 -1.166287 0.000000 0.465232 72154
car -1 -1 nan nan nan nan nan 1.458501 1.946301 2.738062 -27.975883 -3.342630 -1.460992 0.000000 0.885361 72156
car -1 -1 nan nan nan nan nan 1.568582 3.347594 1.818054 3.444004 4.549029 -0.928454 0.000000 0.846980 72159
car -1 -1 nan nan nan nan nan 1.404909 3.136281 2.169968 -45.755436 3.847615 -1.742761 0.000000 0.906065 72160
car -1 -1 nan nan nan nan nan 1.278618 0.794628 2.347023 -36.876076 -3.117588 -1.394085 0.000000 0.795600 72161
car -1 -1 nan nan nan nan nan 1.411210 1.633978 3.963068 13.719316 -2.847975 -0.931456 0.000000 0.968708 72163
car -1 -1 nan nan nan nan nan 0.304997 0.276007 0.629311 43.896797 3.517204 -0.563887 0.000000 0.515726 72164
car -1 -1 nan nan nan nan nan 0.710063 0.957030 0.394060 22.685210 2.907580 -1.029737 0.000000 0.802330 72165
car -1 -1 nan nan nan nan nan 1.504284 2.578956 1.761508 8.940971 3.487329 -0.858945 0.000000 0.941570 72166
car -1 -1 nan nan nan nan nan 1.224165 1.574055 3.295389 26.089351 -2.813089 -0.756593 0.000000 0.949622 72168
car -1 -1 nan nan nan nan nan 1.401139 1.764626 3.820976 8.317608 -3.034171 -1.008558 0.000000 0.939178 72169
car -1 -1 nan nan nan nan nan 1.574798 2.459051 2.065321 0.322835 3.767852 -0.791625 0.000000 0.967829 72172
car -1 -1 nan nan nan nan nan 1.564269 2.553897 2.220175 6.345068 3.998611 -0.889963 0.000000 0.832304 72173
car -1 -1 nan nan nan nan nan 1.554679 1.809432 3.556363 -3.601967 -3.147363 -1.065206 0.000000 0.949845 72174
car -1 -1 nan nan nan nan nan 0.644653 2.620087 1.742256 20.630604 4.475118 -0.283662 0.000000 0.910632 72175
bicyclist -1 -1 nan nan nan nan nan 1.390947 0.567905 0.471325 -35.004572 32.645597 -1.537998 0.000000 0.878947 72151
bicycle -1 -1 nan nan nan nan nan 1.033019 1.565874 0.748594 10.773157 -8.727677 -0.753962 0.000000 0.891869 72157
motorcycle -1 -1 nan nan nan nan nan 1.100580 1.727916 0.490338 -3.961690 -6.919524 -1.092488 0.000000 0.335352 72167
