car -1 -1 nan nan nan nan nan 1.653560 2.612791 2.589268 1.550271 3.794615 -0.843476 0.000000 0.932887 70242
car -1 -1 nan nan nan nan nan 0.837947 0.722154 0.514656 -45.735168 -2.623265 -1.662264 0.000000 0.549604 70244
car -1 -1 nan nan nan nan nan 1.403219 4.364532 3.109787 -23.674417 4.513602 -1.259426 0.000000 0.952892 70246
car -1 -1 nan nan nan nan nan 1.646005 1.505800 3.910648 23.524981 -2.823687 -0.793068 0.000000 0.896884 70247
car -1 -1 nan nan nan nan nan 1.569057 4.061567 2.364773 16.489176 4.965442 -0.808277 0.000000 0.937744 70250
car -1 -1 nan nan nan nan nan 1.359756 3.898554 2.353046 -9.386768 4.316852 -1.152130 0.000000 0.941143 70252
car -1 -1 nan nan nan nan nan 1.643715 1.775890 3.926430 -16.577669 -2.909231 -1.179982 0.000000 0.951692 70253
other-vehicle -1 -1 nan nan nan nan nan 0.919969 1.541813 2.476422 13.276305 -2.922642 -1.231864 0.000000 0.890359 70255
car -1 -1 nan nan nan nan nan 0.574827 0.369066 1.291264 -34.397684 2.244222 -1.599687 0.000000 0.448156 70256
car -1 -1 nan nan nan nan nan 1.174984 0.939897 3.396265 33.477321 -2.272769 -0.835656 0.000000 0.908451 70257
car -1 -1 nan nan nan nan nan 1.305125 0.938332 4.043398 -24.180961 -2.588498 -1.389931 0.000000 0.953545 70258
car -1 -1 nan nan nan nan nan 1.451922 2.923745 2.431175 -4.282382 4.088279 -1.059179 0.000000 0.952865 70260
car -1 -1 nan nan nan nan nan 1.382016 1.640783 4.367478 17.448949 -2.809167 -0.937952 0.000000 0.928955 70262
car -1 -1 nan nan nan nan nan 1.100321 3.590615 2.107021 -27.035252 4.077009 -0.904100 0.000000 0.902448 70264
car -1 -1 nan nan nan nan nan 1.245475 1.408858 4.332453 -29.937510 -2.797340 -1.401787 0.000000 0.869643 70265
car -1 -1 nan nan nan nan nan 1.511861 2.767127 2.866154 -1.161470 4.163611 -0.962197 0.000000 0.904106 70266
bicycle -1 -1 nan nan nan nan nan 0.443028 0.225971 0.280148 39.316973 2.678738 -0.840196 0.000000 0.496191 70251
motorcycle -1 -1 nan nan nan nan nan 1.233861 0.609172 1.617708 -30.940116 2.541402 -1.398789 0.000000 0.830930 70263
person -1 -1 nan nan nan nan nan 1.096966 0.528625 0.322598 -21.409378 30.807018 -1.122550 0.000000 0.894699 70245
person -1 -1 nan nan nan nan nan 1.254925 0.388958 0.474887 -3.604267 30.381811 -1.056090 0.000000 0.910626 70248
