car -1 -1 nan nan nan nan nan 1.512813 1.937688 3.917685 -6.891432 -2.863705 -1.147773 0.000000 0.957151 71470
other-vehicle -1 -1 nan nan nan nan nan 0.762666 0.758715 1.870251 21.347975 19.897428 -1.103940 0.000000 0.808880 71474
car -1 -1 nan nan nan nan nan 1.025986 2.065501 1.115999 17.787255 -6.953120 -0.694437 0.000000 0.804265 71476
car -1 -1 nan nan nan nan nan 0.745284 0.646725 0.298086 -29.518613 -8.035067 -1.310863 0.000000 0.683031 71477
car -1 -1 nan nan nan nan nan 0.290600 0.472027 0.457834 3.873175 25.704245 -1.742211 0.000000 0.193917 71479
car -1 -1 nan nan nan nan nan 1.117220 1.410733 1.297218 30.413706 2.924925 -0.398684 0.000000 0.716354 71480
car -1 -1 nan nan nan nan nan 1.575680 4.180082 2.499163 -24.137200 4.953425 -1.413375 0.000000 0.926559 71483
car -1 -1 nan nan nan nan nan 1.418870 2.121490 2.324989 -39.336613 3.689923 -1.819587 0.000000 0.909799 71485
car -1 -1 nan nan nan nan nan 1.731811 1.917298 4.041542 -16.685986 -3.082808 -1.207832 0.000000 0.939436 71486
car -1 -1 nan nan nan nan nan 1.236771 3.768094 1.659903 21.620969 4.586371 -0.712841 0.000000 0.948395 71487
car -1 -1 nan nan nan nan nan 0.699160 0.545916 0.831146 38.037861 2.650528 -0.446683 0.000000 0.705717 71488
car -1 -1 nan nan nan nan nan 1.474913 1.644233 3.949469 12.644713 -2.975377 -0.845571 0.000000 0.874819 71489
car -1 -1 nan nan nan nan nan 1.161940 1.534683 2.972763 29.675367 -3.120846 -0.605773 0.000000 0.911252 71491
car -1 -1 nan nan nan nan nan 0.540106 0.339950 0.210529 44.338648 2.511578 -0.685166 0.000000 0.801243 71492
car -1 -1 nan nan nan nan nan 1.270905 1.422742 3.424232 35.075871 -2.840981 -0.484288 0.000000 0.846486 71493
car -1 -1 nan nan nan nan nan 1.276150 0.901500 3.575979 -22.633824 -2.513360 -1.448080 0.000000 0.871258 71494
car -1 -1 nan nan nan nan nan 0.623259 0.224500 1.332912 -27.995584 -2.409762 -1.865680 0.000000 0.276745 71495
car -1 -1 nan nan nan nan nan 0.811754 0.822428 0.267677 -45.370438 3.169397 -1.727662 0.000000 0.676046 71496
car -1 -1 nan nan nan nan nan 1.404030 1.501500 3.205193 17.566078 -3.005136 -0.731484 0.000000 0.959758 71497
car -1 -1 nan nan nan nan nan 0.438327 0.968808 0.322699 32.117272 -7.535057 -0.273673 0.000000 0.738970 71498
car -1 -1 nan nan nan nan nan 1.263074 2.087576 1.082212 24.986997 3.971122 -0.619796 0.000000 0.764205 71499
car -1 -1 nan nan nan nan nan 0.230969 0.249969 0.746655 48.424974 -5.535138 0.244323 0.000000 0.499388 71500
car -1 -1 nan nan nan nan nan 1.208200 1.074815 1.300243 28.013746 3.237832 -0.441197 0.000000 0.813926 71503
car -1 -1 nan nan nan nan nan 1.123956 1.240818 0.921127 46.677498 -3.053012 -0.206978 0.000000 0.748833 71504
person -1 -1 nan nan nan nan nan 1.452964 0.402714 0.624744 -39.430075 29.595083 -2.162395 0.000000 0.897837 71472
person -1 -1 nan nan nan nan nan 1.495090 0.405902 0.655988 5.803870 -15.626825 -1.479439 0.000000 0.856106 71481
person -1 -1 nan nan nan nan nan 0.574486 0.626762 0.334206 -39.351791 27.018764 -2.527824 0.000000 0.513563 71501
