car -1 -1 nan nan nan nan nan 1.346605 1.498937 3.770396 -12.896695 -2.948624 -1.315472 0.000000 0.931881 72818
car -1 -1 nan nan nan nan nan 0.550886 0.457841 0.642723 -49.580788 -5.706867 -1.104053 0.000000 0.756415 72820
other-vehicle -1 -1 nan nan nan nan nan 0.791248 0.786842 1.743526 21.235437 15.064627 -0.865334 0.000000 0.820157 72821
car -1 -1 nan nan nan nan nan 0.983572 0.579523 2.970955 -30.160734 -2.535323 -1.660524 0.000000 0.686031 72826
car -1 -1 nan nan nan nan nan 1.618367 3.349782 3.043931 -0.604763 4.558444 -0.990953 0.000000 0.942639 72827
car -1 -1 nan nan nan nan nan 1.296783 1.599691 1.333321 25.759026 3.988175 -0.649326 0.000000 0.761896 72828
car -1 -1 nan nan nan nan nan 1.339930 1.467229 0.913918 -21.045588 3.393630 -1.299654 0.000000 0.756686 72829
car -1 -1 nan nan nan nan nan 0.673265 1.905623 2.110825 36.201939 3.296337 -0.627015 0.000000 0.846230 72830
car -1 -1 nan nan nan nan nan 1.509280 4.110050 2.886450 -11.782377 4.236235 -1.161845 0.000000 0.933924 72831
car -1 -1 nan nan nan nan nan 1.308881 1.665642 3.873787 24.575315 -2.945365 -0.783789 0.000000 0.910185 72832
other-vehicle -1 -1 nan nan nan nan nan 1.946211 2.075594 1.634333 32.044421 -2.629471 -0.275589 0.000000 0.804293 72834
car -1 -1 nan nan nan nan nan 1.436863 1.959864 4.365455 -7.481405 -3.090246 -1.214045 0.000000 0.962011 72835
car -1 -1 nan nan nan nan nan 1.346383 1.573531 3.448738 -25.252686 -3.155444 -1.446028 0.000000 0.960142 72836
car -1 -1 nan nan nan nan nan 1.496694 1.855291 3.634752 4.686150 -2.957976 -0.994752 0.000000 0.959191 72838
car -1 -1 nan nan nan nan nan 1.438383 3.839657 2.740118 -4.182354 4.223343 -1.107297 0.000000 0.946572 72839
car -1 -1 nan nan nan nan nan 1.550130 1.855408 1.466032 -17.924752 3.890867 -1.259889 0.000000 0.523566 72840
car -1 -1 nan nan nan nan nan 1.115734 2.410497 1.612778 22.331549 4.082628 -0.679029 0.000000 0.882451 72841
car -1 -1 nan nan nan nan nan 1.237383 1.903711 1.338346 -14.811674 3.676722 -1.073848 0.000000 0.787209 72844
car -1 -1 nan nan nan nan nan 0.879720 1.639546 1.602070 -49.028521 -3.044328 -2.132868 0.000000 0.904848 72845
truck -1 -1 nan nan nan nan nan 1.493015 1.881629 1.042507 35.058798 -2.554494 -0.188270 0.000000 0.744636 72847
motorcycle -1 -1 nan nan nan nan nan 0.721012 0.338905 0.735071 1.067326 17.181787 -1.135564 0.000000 0.805400 72825
bicycle -1 -1 nan nan nan nan nan 0.660419 1.193817 0.337124 -10.843808 -6.843785 -1.442458 0.000000 0.604242 72837
motorcycle -1 -1 nan nan nan nan nan 1.026149 2.027646 0.684197 1.182165 3.216659 -1.254628 0.000000 0.902213 72846
person -1 -1 nan nan nan nan nan 1.068072 0.694879 0.625500 8.570704 -4.176422 -0.577458 0.000000 0.793295 72823
