car -1 -1 nan nan nan nan nan 1.514111 3.742589 1.922923 3.565689 4.410503 -0.940148 0.000000 0.928599 70188
car -1 -1 nan nan nan nan nan 0.514988 0.376659 0.448579 -8.951151 43.826582 -1.755737 0.000000 0.729233 70190
car -1 -1 nan nan nan nan nan 1.278375 1.192843 3.284256 35.819595 -2.389224 -0.706031 0.000000 0.917808 70192
car -1 -1 nan nan nan nan nan 1.386771 4.463467 3.040955 -21.322519 4.532902 -1.284356 0.000000 0.939076 70194
other-vehicle -1 -1 nan nan nan nan nan 0.808914 0.521032 1.559658 3.185909 27.064017 -1.402574 0.000000 0.414568 70195
car -1 -1 nan nan nan nan nan 1.327252 1.661743 4.071217 19.826719 -2.780636 -0.869304 0.000000 0.924357 70196
car -1 -1 nan nan nan nan nan 1.370824 4.442377 2.585837 -6.965186 4.584410 -1.143465 0.000000 0.941850 70200
car -1 -1 nan nan nan nan nan 1.623787 1.939977 4.233663 -14.189687 -2.930738 -1.119422 0.000000 0.929343 70201
car -1 -1 nan nan nan nan nan 0.720926 0.474540 1.467968 -32.084547 2.250726 -1.697891 0.000000 0.845026 70202
car -1 -1 nan nan nan nan nan 1.570694 4.344497 2.337656 18.862794 5.159856 -0.730710 0.000000 0.933075 70203
car -1 -1 nan nan nan nan nan 1.330085 1.145393 4.110014 -21.804639 -2.664517 -1.341877 0.000000 0.944001 70204
car -1 -1 nan nan nan nan nan 1.683454 1.478787 3.766243 25.877773 -2.768143 -0.672373 0.000000 0.914135 70205
car -1 -1 nan nan nan nan nan 0.517303 0.559992 0.762320 -30.868554 30.897414 -1.948991 0.000000 0.679020 70207
car -1 -1 nan nan nan nan nan 1.305411 1.486748 3.110369 -28.018983 -2.810878 -1.392801 0.000000 0.921221 70209
car -1 -1 nan nan nan nan nan 1.715264 3.138326 2.438686 -24.786274 3.582424 -1.134081 0.000000 0.883018 70210
other-vehicle -1 -1 nan nan nan nan nan 0.925768 1.517770 2.417106 15.617812 -2.880613 -1.183035 0.000000 0.876002 70211
car -1 -1 nan nan nan nan nan 1.134281 0.614117 1.634789 -28.587412 2.571975 -1.414076 0.000000 0.825369 70212
car -1 -1 nan nan nan nan nan 1.785951 2.619957 2.974399 1.147294 4.169821 -0.866427 0.000000 0.945253 70213
car -1 -1 nan nan nan nan nan 1.434607 3.669338 2.869137 -1.803697 4.477145 -1.034337 0.000000 0.953116 70214
car -1 -1 nan nan nan nan nan 1.031711 1.281492 1.286041 -43.678722 -3.003843 -1.510710 0.000000 0.702990 70216
