car -1 -1 nan nan nan nan nan 1.828588 1.720927 4.163544 2.318241 -2.863695 -0.805884 0.000000 0.935325 70890
car -1 -1 nan nan nan nan nan 1.092428 1.765809 3.265209 -36.838232 -3.138680 -1.840613 0.000000 0.874066 70894
car -1 -1 nan nan nan nan nan 1.438473 3.804169 2.560789 -19.541240 4.386650 -1.266403 0.000000 0.922582 70897
other-vehicle -1 -1 nan nan nan nan nan 0.909718 1.116886 1.686677 -8.588664 -5.861676 -0.587818 0.000000 0.774286 70900
car -1 -1 nan nan nan nan nan 0.808729 3.373567 0.886532 40.875586 4.630284 -0.262591 0.000000 0.915319 70901
car -1 -1 nan nan nan nan nan 1.647499 4.008598 2.525753 -4.705849 4.722718 -0.960654 0.000000 0.945677 70903
car -1 -1 nan nan nan nan nan 1.465700 1.967358 3.752598 11.915690 -2.881002 -0.889007 0.000000 0.923961 70904
car -1 -1 nan nan nan nan nan 1.062285 1.432119 1.279219 -31.284524 2.972658 -1.493470 0.000000 0.847387 70905
car -1 -1 nan nan nan nan nan 0.248933 0.224744 0.496471 -44.090742 -2.471735 -1.929317 0.000000 0.464791 70907
car -1 -1 nan nan nan nan nan 1.312731 1.611277 0.632399 30.763001 -2.878995 -0.695294 0.000000 0.576325 70908
car -1 -1 nan nan nan nan nan 1.439235 1.836230 4.777099 -3.588008 -2.951687 -1.112975 0.000000 0.954083 70909
car -1 -1 nan nan nan nan nan 1.339240 1.155051 1.525354 -26.199229 3.152934 -1.433727 0.000000 0.869159 70910
car -1 -1 nan nan nan nan nan 1.145260 0.711109 1.591175 36.637526 -2.629944 -0.422577 0.000000 0.662083 70913
other-vehicle -1 -1 nan nan nan nan nan 0.935674 1.411571 2.302417 -8.172024 -3.001068 -1.420606 0.000000 0.865119 70914
car -1 -1 nan nan nan nan nan 1.204134 1.071151 0.682821 -22.872382 3.348478 -1.254282 0.000000 0.795531 70915
car -1 -1 nan nan nan nan nan 0.622917 0.768125 1.165758 32.558997 2.453420 -0.949261 0.000000 0.739339 70917
truck -1 -1 nan nan nan nan nan 0.624955 0.551095 0.697418 48.082424 -2.563936 -0.486648 0.000000 0.693395 70918
