car -1 -1 nan nan nan nan nan 1.471820 3.240222 1.876569 1.731621 3.917348 -1.023552 0.000000 0.904361 72598
car -1 -1 nan nan nan nan nan 1.230662 1.186217 0.881702 -49.606718 -6.353910 -0.760955 0.000000 0.771313 72599
car -1 -1 nan nan nan nan nan 0.535013 0.434938 0.484852 42.842104 -4.844792 -0.128013 0.000000 0.685123 72600
car -1 -1 nan nan nan nan nan 0.497795 0.396132 0.273010 -28.650522 27.216353 -1.307697 0.000000 0.526838 72601
car -1 -1 nan nan nan nan nan 1.445137 1.108049 2.870754 -23.396345 -2.906627 -1.440364 0.000000 0.811147 72602
other-vehicle -1 -1 nan nan nan nan nan 1.574449 1.206122 2.068226 -36.119532 11.596519 -0.664345 0.000000 0.796523 72603
car -1 -1 nan nan nan nan nan 1.099155 1.748701 1.397640 29.015404 3.998841 -0.578055 0.000000 0.795942 72605
car -1 -1 nan nan nan nan nan 1.551853 2.019695 1.650723 -11.172418 3.901742 -1.098112 0.000000 0.821011 72606
other-vehicle -1 -1 nan nan nan nan nan 1.295667 2.542150 1.263783 -24.048746 13.030058 -0.370820 0.000000 0.884972 72607
car -1 -1 nan nan nan nan nan 1.401418 1.803259 3.976650 -6.066551 -3.077156 -1.198785 0.000000 0.951998 72609
car -1 -1 nan nan nan nan nan 0.763088 1.109834 0.804962 42.278099 3.227531 -0.510107 0.000000 0.725575 72610
car -1 -1 nan nan nan nan nan 1.247695 1.616799 2.021896 -42.460587 -3.278224 -1.787737 0.000000 0.858225 72611
car -1 -1 nan nan nan nan nan 1.309039 1.643736 1.670628 30.301952 -2.741561 -0.689729 0.000000 0.905599 72612
car -1 -1 nan nan nan nan nan 1.540983 3.903713 2.869359 -5.073152 4.085077 -1.065309 0.000000 0.954704 72613
car -1 -1 nan nan nan nan nan 1.446492 1.770321 3.485693 -18.349124 -3.353089 -1.348769 0.000000 0.938780 72616
car -1 -1 nan nan nan nan nan 1.463066 1.843496 3.505692 11.359626 -2.901243 -0.881086 0.000000 0.922994 72617
car -1 -1 nan nan nan nan nan 1.855904 2.015691 1.310463 38.692917 -2.367638 -0.128295 0.000000 0.826631 72618
car -1 -1 nan nan nan nan nan 1.555242 1.932831 1.863632 -8.276791 3.614458 -1.117037 0.000000 0.829549 72620
car -1 -1 nan nan nan nan nan 1.661658 2.301670 1.794923 -14.382001 3.740607 -1.111636 0.000000 0.846284 72621
car -1 -1 nan nan nan nan nan 1.595034 3.773103 2.036863 5.563891 4.835433 -0.902658 0.000000 0.939563 72622
car -1 -1 nan nan nan nan nan 0.803125 1.044817 0.921932 32.465845 3.959871 -0.450051 0.000000 0.655601 72624
car -1 -1 nan nan nan nan nan 0.518286 0.563475 1.545673 -43.212587 -5.861633 -0.932097 0.000000 0.669032 72625
car -1 -1 nan nan nan nan nan 1.159971 0.965842 1.614689 39.052340 -5.427195 -0.250507 0.000000 0.622045 72627
car -1 -1 nan nan nan nan nan 1.247698 1.756306 4.397731 -0.780287 -2.918753 -0.992097 0.000000 0.973123 72628
bicycle -1 -1 nan nan nan nan nan 0.928109 0.551589 1.410254 -16.841649 -9.941235 -1.105183 0.000000 0.813915 72608
motorcycle -1 -1 nan nan nan nan nan 1.115920 1.809429 0.791847 8.020180 3.181981 -1.093551 0.000000 0.695780 72614
person -1 -1 nan nan nan nan nan 0.303996 0.385918 0.264617 15.866494 -4.265070 -0.073768 0.000000 0.775666 72604
