car -1 -1 nan nan nan nan nan 1.609003 1.621161 1.575298 -3.772587 -20.635724 -2.072965 0.000000 0.889332 71648
other-vehicle -1 -1 nan nan nan nan nan 0.495983 0.527925 1.556900 15.957787 19.730048 -1.166815 0.000000 0.411675 71652
car -1 -1 nan nan nan nan nan 1.642488 1.568986 3.951677 -22.280643 -2.870366 -1.254791 0.000000 0.898228 71654
car -1 -1 nan nan nan nan nan 1.535503 1.557612 3.126692 11.934115 -3.045279 -0.810746 0.000000 0.913854 71655
car -1 -1 nan nan nan nan nan 1.341807 1.880348 1.851109 -45.020803 3.656838 -1.851523 0.000000 0.853441 71657
car -1 -1 nan nan nan nan nan 0.660566 0.518988 0.298424 -35.201580 -7.960985 -1.107507 0.000000 0.670636 71660
car -1 -1 nan nan nan nan nan 1.223499 1.222837 1.381147 22.310695 3.238987 -0.588740 0.000000 0.824101 71661
car -1 -1 nan nan nan nan nan 1.481797 1.916207 4.006015 -12.483675 -2.889020 -1.216921 0.000000 0.922268 71662
car -1 -1 nan nan nan nan nan 1.409921 4.306851 2.542873 -29.795570 5.019261 -1.426983 0.000000 0.925868 71663
car -1 -1 nan nan nan nan nan 0.587667 0.722914 0.975080 32.331731 2.590160 -0.549160 0.000000 0.751312 71664
car -1 -1 nan nan nan nan nan 1.213460 1.336833 3.869650 29.532521 -3.009083 -0.628227 0.000000 0.871352 71668
car -1 -1 nan nan nan nan nan 0.431898 0.464942 0.479557 38.794863 2.337216 -0.823984 0.000000 0.824395 71671
car -1 -1 nan nan nan nan nan 1.294692 1.732692 3.049234 24.014934 -3.263974 -0.770808 0.000000 0.855894 71672
car -1 -1 nan nan nan nan nan 1.495563 1.627270 2.415011 -3.992415 -25.781763 -1.880486 0.000000 0.831999 71673
car -1 -1 nan nan nan nan nan 1.531249 1.739072 3.623523 6.961070 -3.046820 -0.904213 0.000000 0.874987 71674
other-vehicle -1 -1 nan nan nan nan nan 0.471956 0.648980 0.478971 9.594024 -7.720542 -1.012029 0.000000 0.735934 71675
car -1 -1 nan nan nan nan nan 1.107548 0.599279 3.666872 -27.862357 -2.323563 -1.495697 0.000000 0.906036 71676
car -1 -1 nan nan nan nan nan 0.274987 0.479929 1.686096 42.736515 -5.767346 0.004569 0.000000 0.825712 71678
car -1 -1 nan nan nan nan nan 1.465684 1.916711 1.325727 19.487746 3.837839 -0.689920 0.000000 0.868395 71680
car -1 -1 nan nan nan nan nan 1.268820 1.708766 1.599588 24.911820 2.960059 -0.625864 0.000000 0.844096 71682
car -1 -1 nan nan nan nan nan 1.744298 2.987354 1.578401 -2.453977 -48.907167 -1.064577 0.000000 0.931605 71685
car -1 -1 nan nan nan nan nan 1.433331 3.846270 1.961964 16.154755 4.580602 -0.855881 0.000000 0.949852 71686
car -1 -1 nan nan nan nan nan 1.253288 1.142884 0.728882 40.941105 -3.098137 -0.482308 0.000000 0.726395 71687
motorcycle -1 -1 nan nan nan nan nan 0.821689 1.475741 0.568067 11.769815 -7.123427 -0.390430 0.000000 0.895473 71683
person -1 -1 nan nan nan nan nan 0.610028 0.207134 0.259377 -32.476475 37.273951 -1.680355 0.000000 0.633440 71649
person -1 -1 nan nan nan nan nan 1.555041 0.534138 0.545620 0.172953 -16.587496 -1.595328 0.000000 0.824475 71670
