car -1 -1 nan nan nan nan nan 1.356489 1.661107 3.910265 11.668751 -3.090802 -0.982996 0.000000 0.951479 72044
car -1 -1 nan nan nan nan nan 0.915024 1.175259 0.907848 -29.183111 37.860903 -1.731848 0.000000 0.766764 72045
car -1 -1 nan nan nan nan nan 0.598779 1.363307 0.715561 48.217236 -2.770138 -0.764637 0.000000 0.786592 72047
car -1 -1 nan nan nan nan nan 1.272907 1.737943 3.351309 -24.848577 -3.156057 -1.413787 0.000000 0.876614 72049
car -1 -1 nan nan nan nan nan 1.386329 1.531272 3.119249 29.573125 -2.842068 -0.717973 0.000000 0.919019 72050
car -1 -1 nan nan nan nan nan 1.722627 1.854593 3.869047 -4.939364 -3.150079 -0.970905 0.000000 0.928678 72051
car -1 -1 nan nan nan nan nan 1.327965 3.756428 2.179119 -42.157785 4.392631 -1.549120 0.000000 0.917178 72052
car -1 -1 nan nan nan nan nan 1.486215 3.611406 1.727551 3.499163 4.424151 -0.929465 0.000000 0.947698 72054
car -1 -1 nan nan nan nan nan 1.387706 2.748400 1.764189 19.980493 3.753608 -0.786350 0.000000 0.913775 72055
car -1 -1 nan nan nan nan nan 1.448870 0.905448 2.780651 -34.328764 -2.996214 -1.420914 0.000000 0.865865 72056
car -1 -1 nan nan nan nan nan 1.433701 2.141978 2.352624 9.951541 3.762194 -0.796180 0.000000 0.844034 72058
car -1 -1 nan nan nan nan nan 0.664075 0.932168 0.493690 26.157114 2.859547 -0.962935 0.000000 0.691945 72063
car -1 -1 nan nan nan nan nan 1.388477 1.584180 3.950881 17.202654 -2.888405 -0.923548 0.000000 0.967729 72064
car -1 -1 nan nan nan nan nan 0.674265 0.228585 1.243984 -40.055773 -2.734879 -1.721690 0.000000 0.749185 72065
car -1 -1 nan nan nan nan nan 1.575001 2.488830 2.333133 7.106499 4.192423 -0.881624 0.000000 0.937763 72067
car -1 -1 nan nan nan nan nan 0.590738 2.565419 1.611443 24.005602 4.387274 -0.278727 0.000000 0.909678 72070
car -1 -1 nan nan nan nan nan 1.509769 1.719440 3.401216 -0.301420 -3.070196 -0.679759 0.000000 0.941607 72071
car -1 -1 nan nan nan nan nan 1.473688 2.135105 1.788664 12.399819 3.275810 -0.807749 0.000000 0.911738 72072
bicycle -1 -1 nan nan nan nan nan 1.099255 1.681203 0.564047 14.103933 -8.678492 -0.773330 0.000000 0.907034 72059
motorcycle -1 -1 nan nan nan nan nan 0.878925 0.697705 0.428657 -0.565518 -6.504136 -0.863694 0.000000 0.799899 72066
motorcycle -1 -1 nan nan nan nan nan 0.470016 0.232048 0.386688 38.092968 -5.150097 -0.565214 0.000000 0.830956 72069
person -1 -1 nan nan nan nan nan 0.873935 0.388099 0.255451 35.420942 -4.421922 -0.284374 0.000000 0.861420 72062
