car -1 -1 nan nan nan nan nan 1.831873 1.662722 5.406578 -0.287143 -2.831409 -0.567805 0.000000 0.748953 73864
car -1 -1 nan nan nan nan nan 1.168629 1.670719 1.383846 -46.923822 2.433378 -1.583315 0.000000 0.659168 73865
other-vehicle -1 -1 nan nan nan nan nan 0.651327 0.656346 1.494718 -13.490338 14.680576 -1.477246 0.000000 0.770622 73868
car -1 -1 nan nan nan nan nan 1.267815 3.790306 1.883631 19.199950 4.253385 -0.935077 0.000000 0.873383 73870
car -1 -1 nan nan nan nan nan 0.426893 0.802021 0.677555 -34.952929 3.029403 -1.130935 0.000000 0.915767 73872
car -1 -1 nan nan nan nan nan 1.346551 2.369943 1.732325 -11.502229 3.721983 -1.281880 0.000000 0.867628 73873
car -1 -1 nan nan nan nan nan 1.277124 1.456159 2.663567 27.625437 -2.613264 -0.807088 0.000000 0.942067 73874
car -1 -1 nan nan nan nan nan 1.439871 1.672116 3.331123 13.986668 -3.042304 -0.882175 0.000000 0.906303 73875
car -1 -1 nan nan nan nan nan 1.405028 1.806714 4.289601 -9.173067 -3.287263 -1.149805 0.000000 0.957944 73876
car -1 -1 nan nan nan nan nan 1.029880 2.859295 1.313248 27.973625 3.499839 -0.700599 0.000000 0.940268 73878
car -1 -1 nan nan nan nan nan 0.501644 0.805095 1.420261 -46.474108 -6.362154 -1.050154 0.000000 0.834608 73879
car -1 -1 nan nan nan nan nan 1.380093 1.480201 3.544903 18.757854 -2.688286 -0.853462 0.000000 0.921599 73880
car -1 -1 nan nan nan nan nan 1.329109 1.273141 2.727003 32.365010 -2.490745 -0.707160 0.000000 0.927634 73881
car -1 -1 nan nan nan nan nan 1.007966 1.071092 1.527065 -39.294550 2.330029 -1.536906 0.000000 0.792371 73882
car -1 -1 nan nan nan nan nan 1.522405 3.102178 2.349628 -7.878633 4.308247 -1.217728 0.000000 0.920058 73884
car -1 -1 nan nan nan nan nan 1.358074 1.549209 3.143427 -29.073913 -3.480759 -1.439587 0.000000 0.890077 73886
other-vehicle -1 -1 nan nan nan nan nan 0.800292 1.725818 0.665752 -32.858595 2.565460 -1.660426 0.000000 0.818879 73888
car -1 -1 nan nan nan nan nan 1.232338 0.846751 1.853283 -40.717451 -3.193187 -1.764480 0.000000 0.783211 73889
car -1 -1 nan nan nan nan nan 1.082627 1.892131 1.221741 19.982527 5.692560 -1.012715 0.000000 0.391610 73892
motorcycle -1 -1 nan nan nan nan nan 1.138009 0.237033 0.727203 37.046463 -1.889680 -0.653730 0.000000 0.794653 73866
person -1 -1 nan nan nan nan nan 1.510032 0.592948 0.559288 -27.329512 -4.807672 -1.286351 0.000000 0.891473 73869
