car -1 -1 nan nan nan nan nan 1.646989 1.766738 3.808746 5.214804 -3.090697 -1.022614 0.000000 0.949016 75846
car -1 -1 nan nan nan nan nan 0.896927 1.743975 0.874199 -49.368343 0.522848 -1.376900 0.000000 0.867685 75847
other-vehicle -1 -1 nan nan nan nan nan 0.989110 1.734501 1.559322 -9.719181 25.447781 -0.964636 0.000000 0.779746 75849
car -1 -1 nan nan nan nan nan 1.370323 1.826118 3.845957 -13.850151 -5.544890 -1.212807 0.000000 0.930677 75853
car -1 -1 nan nan nan nan nan 1.270746 0.359794 1.359251 24.367862 -11.828362 -1.135292 0.000000 0.712399 75854
car -1 -1 nan nan nan nan nan 1.071926 1.304437 2.502777 -37.258251 -3.645231 -1.464620 0.000000 0.898879 75855
car -1 -1 nan nan nan nan nan 1.075335 1.086279 2.072124 28.531404 -17.833100 -1.176078 0.000000 0.570006 75857
car -1 -1 nan nan nan nan nan 1.411691 2.048635 2.141907 -40.020718 2.657112 -0.946878 0.000000 0.823454 75859
car -1 -1 nan nan nan nan nan 1.570445 2.104418 3.905294 -1.137029 -3.160303 -0.976597 0.000000 0.960558 75860
car -1 -1 nan nan nan nan nan 1.289423 2.387406 3.240141 -32.480832 -5.164787 -1.245848 0.000000 0.928096 75861
car -1 -1 nan nan nan nan nan 1.201473 2.533710 3.121105 -41.968050 -1.162769 -1.412232 0.000000 0.907180 75863
car -1 -1 nan nan nan nan nan 0.359938 1.942306 1.009663 -46.707293 -0.503447 -1.881548 0.000000 0.770334 75868
car -1 -1 nan nan nan nan nan 0.422540 0.551916 1.416338 26.748742 -16.420960 -1.178406 0.000000 0.756685 75870
car -1 -1 nan nan nan nan nan 1.527165 3.092433 2.906460 20.074326 -9.332153 -1.107621 0.000000 0.891212 75872
car -1 -1 nan nan nan nan nan 0.449059 0.232115 0.575775 -39.025688 -2.400668 -1.672998 0.000000 0.668141 75873
bicycle -1 -1 nan nan nan nan nan 0.354933 0.448793 0.241169 -24.850863 -14.633251 -1.341652 0.000000 0.785017 75850
bicycle -1 -1 nan nan nan nan nan 0.382975 0.474252 0.455679 -28.388679 -12.241398 -0.885643 0.000000 0.740266 75864
person -1 -1 nan nan nan nan nan 0.480973 0.486335 0.378738 22.779722 13.419284 -0.893490 0.000000 0.880750 75851
person -1 -1 nan nan nan nan nan 0.604063 0.485066 0.531925 11.926989 -7.479003 -0.534966 0.000000 0.853229 75856
