car -1 -1 nan nan nan nan nan 1.331908 2.408635 3.490166 -22.670496 2.430928 -1.571824 0.000000 0.899350 75425
other-vehicle -1 -1 nan nan nan nan nan 0.883922 1.701134 1.343190 10.376597 25.213081 -1.417280 0.000000 0.722770 75427
car -1 -1 nan nan nan nan nan 0.924899 1.890497 1.533180 19.000639 -4.416893 -0.403305 0.000000 0.663529 75428
car -1 -1 nan nan nan nan nan 1.136627 1.646647 2.688885 -38.724226 11.371780 -1.873828 0.000000 0.947966 75431
car -1 -1 nan nan nan nan nan 1.453156 1.072120 1.089046 32.836859 -11.978911 -0.401977 0.000000 0.481738 75434
car -1 -1 nan nan nan nan nan 1.414633 1.839943 3.142929 -22.948359 9.307796 -1.568553 0.000000 0.934669 75436
car -1 -1 nan nan nan nan nan 1.777943 1.983751 3.842737 13.164441 -3.594976 -0.698862 0.000000 0.883152 75438
car -1 -1 nan nan nan nan nan 1.323362 3.057643 4.778159 -17.547316 -0.301352 -1.394201 0.000000 0.868803 75439
car -1 -1 nan nan nan nan nan 1.412527 2.872183 2.942673 -34.285866 8.649479 -1.842790 0.000000 0.901868 75440
car -1 -1 nan nan nan nan nan 1.354288 1.969595 2.635796 -26.619698 4.807848 -1.667562 0.000000 0.935329 75442
car -1 -1 nan nan nan nan nan 1.299283 1.828518 3.839572 0.371483 -3.627577 -1.001564 0.000000 0.903381 75445
car -1 -1 nan nan nan nan nan 1.200235 0.907248 1.024921 37.174299 -16.004918 -0.253220 0.000000 0.653054 75446
motorcycle -1 -1 nan nan nan nan nan 0.493001 0.372309 0.414925 39.757404 8.930560 -0.615076 0.000000 0.805104 75441
person -1 -1 nan nan nan nan nan 1.399123 0.612041 0.668886 24.531447 -8.993591 -0.405224 0.000000 0.921292 75437
