car -1 -1 nan nan nan nan nan 1.466122 1.859759 4.119193 5.623233 -3.225870 -0.973917 0.000000 0.968207 73401
car -1 -1 nan nan nan nan nan 0.604145 0.921222 0.392998 -49.843967 2.084217 -2.315486 0.000000 0.532549 73402
car -1 -1 nan nan nan nan nan 0.556886 0.861094 1.036940 -8.456863 27.631265 -0.819604 0.000000 0.774329 73404
car -1 -1 nan nan nan nan nan 0.273939 0.264072 0.551765 -35.564304 28.938358 -1.706954 0.000000 0.653559 73405
car -1 -1 nan nan nan nan nan 1.368258 1.462380 1.002804 -23.441542 3.045128 -1.515709 0.000000 0.804471 73406
car -1 -1 nan nan nan nan nan 1.321091 1.218116 3.098083 34.089165 -2.929291 -0.506319 0.000000 0.830958 73411
car -1 -1 nan nan nan nan nan 2.317486 2.259105 5.400132 14.855918 -2.865683 -0.421298 0.000000 0.918739 73412
car -1 -1 nan nan nan nan nan 1.265157 0.659493 3.632668 -31.543327 -2.589644 -1.660520 0.000000 0.924639 73413
other-vehicle -1 -1 nan nan nan nan nan 0.482152 0.566136 0.772104 -19.524392 -5.639733 -1.310265 0.000000 0.639069 73414
car -1 -1 nan nan nan nan nan 1.415455 3.642964 2.116494 3.543421 4.402282 -1.056894 0.000000 0.958668 73415
car -1 -1 nan nan nan nan nan 1.066994 1.356720 1.469856 -43.353489 -2.978348 -1.707092 0.000000 0.796143 73416
car -1 -1 nan nan nan nan nan 1.055014 2.212219 1.053871 34.297695 3.154314 -0.803677 0.000000 0.846071 73418
car -1 -1 nan nan nan nan nan 1.061991 2.385249 1.175152 43.437502 2.796793 -0.392084 0.000000 0.882036 73419
car -1 -1 nan nan nan nan nan 0.597943 0.259208 0.458744 -48.419554 8.223593 -1.387097 0.000000 0.713385 73420
car -1 -1 nan nan nan nan nan 1.273442 2.650473 1.920336 -31.244445 3.565265 -1.609700 0.000000 0.898818 73421
car -1 -1 nan nan nan nan nan 1.206065 0.776067 2.745052 29.204880 -2.892275 -0.620744 0.000000 0.938628 73423
car -1 -1 nan nan nan nan nan 1.378671 1.851299 3.841223 -26.163732 -3.131207 -1.526361 0.000000 0.891135 73424
car -1 -1 nan nan nan nan nan 1.084050 1.088112 2.252121 42.831638 -3.020314 -0.400888 0.000000 0.666435 73425
car -1 -1 nan nan nan nan nan 0.491127 0.873016 0.256168 -40.135626 3.338151 -1.336757 0.000000 0.633646 73427
car -1 -1 nan nan nan nan nan 1.466146 3.220052 1.871865 6.842134 4.459052 -0.936917 0.000000 0.908590 73428
car -1 -1 nan nan nan nan nan 1.414524 1.824326 3.639226 -13.816669 -3.147605 -1.245098 0.000000 0.887021 73429
car -1 -1 nan nan nan nan nan 1.605185 3.635833 2.747587 -19.356614 4.787493 -1.376233 0.000000 0.937864 73430
motorcycle -1 -1 nan nan nan nan nan 1.147350 1.980354 0.612862 -17.719227 3.214372 -1.473004 0.000000 0.885247 73422
person -1 -1 nan nan nan nan nan 1.549100 0.461009 0.413787 -11.039534 -4.364306 -1.032703 0.000000 0.898307 73409
