car -1 -1 nan nan nan nan nan 1.438738 1.708472 3.769179 5.229741 -3.488341 -0.983393 0.000000 0.954806 75291
car -1 -1 nan nan nan nan nan 1.324484 1.868469 2.797386 -22.076246 3.081123 -1.569547 0.000000 0.920243 75295
other-vehicle -1 -1 nan nan nan nan nan 0.996158 1.897560 3.369741 8.972748 20.389034 -1.563606 0.000000 0.735825 75296
car -1 -1 nan nan nan nan nan 0.576245 1.636990 1.357002 23.927124 -2.805378 -0.268519 0.000000 0.618554 75297
other-vehicle -1 -1 nan nan nan nan nan 0.296401 1.735411 1.166320 0.939353 -18.651454 -0.933546 0.000000 0.713011 75298
car -1 -1 nan nan nan nan nan 0.614962 1.255807 0.794655 21.579052 12.165311 -0.878443 0.000000 0.492004 75299
car -1 -1 nan nan nan nan nan 1.165177 1.479011 2.844585 -34.683237 8.926119 -1.765386 0.000000 0.908750 75300
car -1 -1 nan nan nan nan nan 1.422509 2.635921 3.559265 -12.759363 -1.457305 -1.257071 0.000000 0.970577 75302
car -1 -1 nan nan nan nan nan 1.108940 1.845803 1.696632 43.386440 -13.140288 -0.203852 0.000000 0.917749 75306
car -1 -1 nan nan nan nan nan 1.375874 2.279769 3.863741 -18.601413 7.949943 -1.500272 0.000000 0.928872 75307
car -1 -1 nan nan nan nan nan 1.576713 1.820494 3.706621 18.199925 -2.369753 -0.724634 0.000000 0.920270 75309
car -1 -1 nan nan nan nan nan 1.399615 2.509588 3.420164 -17.899001 0.973433 -1.411101 0.000000 0.894166 75310
car -1 -1 nan nan nan nan nan 1.388460 2.759221 3.190210 -30.117616 6.456691 -1.697913 0.000000 0.927375 75311
car -1 -1 nan nan nan nan nan 1.441001 2.267120 1.705135 -45.950979 13.849356 -2.075705 0.000000 0.790139 75317
person -1 -1 nan nan nan nan nan 1.253035 0.363863 0.617216 29.457332 -6.737111 -0.324336 0.000000 0.901192 75308
