car -1 -1 nan nan nan nan nan 1.398251 1.837999 3.607208 -3.991174 -2.613318 -1.069348 0.000000 0.956613 74839
car -1 -1 nan nan nan nan nan 0.284247 0.496658 0.330044 -47.601023 7.516075 -2.106940 0.000000 0.725136 74841
other-vehicle -1 -1 nan nan nan nan nan 0.851746 0.326439 0.783026 13.727083 25.141966 -1.842150 0.000000 0.651353 74842
car -1 -1 nan nan nan nan nan 0.378984 0.374844 0.391617 33.182980 3.487131 -0.680994 0.000000 0.750280 74843
car -1 -1 nan nan nan nan nan 1.248663 1.814472 4.662426 -22.389221 -0.621075 -1.418198 0.000000 0.880693 74845
car -1 -1 nan nan nan nan nan 0.780165 4.206634 1.224030 -38.983387 -3.806381 -1.160358 0.000000 0.882540 74847
car -1 -1 nan nan nan nan nan 1.386979 2.553147 3.530685 18.792999 0.812000 -0.875448 0.000000 0.920616 74848
car -1 -1 nan nan nan nan nan 1.309367 3.083045 2.279104 -16.294890 5.293861 -1.497505 0.000000 0.924583 74849
car -1 -1 nan nan nan nan nan 1.497363 3.718518 3.160188 -7.151503 4.307834 -1.310978 0.000000 0.939284 74851
car -1 -1 nan nan nan nan nan 0.266701 0.427437 0.753456 16.734753 32.566521 -2.190739 0.000000 0.846174 74852
car -1 -1 nan nan nan nan nan 2.019278 3.502860 4.982464 -35.640619 0.499708 -1.355521 0.000000 0.876735 74855
car -1 -1 nan nan nan nan nan 1.412933 1.868255 4.420162 -17.008017 -1.410442 -1.328115 0.000000 0.907561 74856
car -1 -1 nan nan nan nan nan 1.447302 1.589084 3.359884 -8.849677 -2.153104 -1.228064 0.000000 0.914558 74858
car -1 -1 nan nan nan nan nan 1.048581 3.049756 1.785519 -43.640642 8.625355 -2.062770 0.000000 0.918410 74859
car -1 -1 nan nan nan nan nan 1.491980 2.650964 2.952219 30.969989 6.158508 -0.779284 0.000000 0.947582 74860
car -1 -1 nan nan nan nan nan 1.282373 1.914837 3.596569 1.159554 -2.961659 -0.901709 0.000000 0.961733 74862
other-vehicle -1 -1 nan nan nan nan nan 0.980042 1.179865 1.794124 14.398458 24.238444 -1.848967 0.000000 0.795598 74866
car -1 -1 nan nan nan nan nan 1.110624 1.922772 1.705673 -44.126102 -2.294174 -0.935386 0.000000 0.726416 74867
bicyclist -1 -1 nan nan nan nan nan 0.821995 0.566260 0.310741 41.885279 5.749049 -0.269072 0.000000 0.903657 74850
bicycle -1 -1 nan nan nan nan nan 1.113905 2.346178 0.586289 11.152336 -9.835079 -0.560227 0.000000 0.740506 74853
motorcycle -1 -1 nan nan nan nan nan 0.727983 0.256506 0.279978 16.789262 24.623225 -1.845968 0.000000 0.594672 74861
