car -1 -1 nan nan nan nan nan 2.192515 2.394840 5.429941 6.127654 -2.846638 -0.619526 0.000000 0.949065 73664
car -1 -1 nan nan nan nan nan 1.357389 0.458267 1.581402 -35.600897 31.633844 -2.038527 0.000000 0.843864 73665
car -1 -1 nan nan nan nan nan 1.227990 2.342448 1.780594 25.700529 3.492687 -0.769144 0.000000 0.888640 73669
other-vehicle -1 -1 nan nan nan nan nan 0.344357 0.550335 1.686719 -5.508796 -13.307303 -1.282185 0.000000 0.833929 73671
car -1 -1 nan nan nan nan nan 1.193246 2.332692 1.671814 -40.134064 3.042852 -1.668209 0.000000 0.830141 73672
other-vehicle -1 -1 nan nan nan nan nan 0.724076 0.584043 1.484013 -6.346513 14.652890 -1.310938 0.000000 0.607871 73673
car -1 -1 nan nan nan nan nan 1.143982 2.036277 2.279423 -28.445797 3.765023 -1.456854 0.000000 0.838752 73674
car -1 -1 nan nan nan nan nan 1.151992 1.276271 1.512222 38.382034 -2.719570 -0.429056 0.000000 0.697940 73675
car -1 -1 nan nan nan nan nan 1.515899 2.942797 2.748752 -1.529934 4.252224 -1.097160 0.000000 0.935030 73678
car -1 -1 nan nan nan nan nan 1.402028 1.665295 3.267096 20.563910 -3.149086 -0.777812 0.000000 0.919101 73679
car -1 -1 nan nan nan nan nan 1.452071 1.823484 4.406987 -2.829549 -3.179236 -1.102609 0.000000 0.956369 73680
car -1 -1 nan nan nan nan nan 1.163471 1.262066 4.272854 -34.486456 -3.170088 -1.736592 0.000000 0.878594 73681
car -1 -1 nan nan nan nan nan 1.108987 2.677556 1.684261 34.788248 3.298183 -0.619484 0.000000 0.915084 73682
car -1 -1 nan nan nan nan nan 0.320401 0.877428 1.470547 -40.389448 -6.066257 -1.229568 0.000000 0.603048 73684
car -1 -1 nan nan nan nan nan 1.327055 1.518288 3.102386 25.226755 -2.830556 -0.649432 0.000000 0.926198 73685
car -1 -1 nan nan nan nan nan 0.980207 1.179805 1.775324 -32.660079 2.580601 -1.530752 0.000000 0.839725 73686
car -1 -1 nan nan nan nan nan 1.113014 0.635128 2.632046 34.209066 -2.412997 -0.611530 0.000000 0.919741 73688
car -1 -1 nan nan nan nan nan 1.372128 3.333027 2.440275 -4.613542 4.204500 -1.180377 0.000000 0.962637 73689
car -1 -1 nan nan nan nan nan 0.460107 0.211792 0.498688 -40.697102 -2.845244 -1.600677 0.000000 0.497759 73691
car -1 -1 nan nan nan nan nan 1.309001 1.762474 3.514868 -22.672360 -3.343722 -1.474436 0.000000 0.927292 73692
car -1 -1 nan nan nan nan nan 0.772144 1.747677 0.464750 -26.536008 2.830686 -1.682407 0.000000 0.899478 73693
other-vehicle -1 -1 nan nan nan nan nan 0.715106 0.506798 0.396027 -26.153097 30.326223 -1.001634 0.000000 0.524893 73695
bicycle -1 -1 nan nan nan nan nan 0.831820 1.499304 0.833649 0.590603 -10.169345 -0.921082 0.000000 0.869165 73683
person -1 -1 nan nan nan nan nan 1.368116 0.461085 0.617100 -20.273569 -4.571078 -1.283838 0.000000 0.892676 73670
person -1 -1 nan nan nan nan nan 0.224845 0.223059 0.466101 -23.947757 30.541656 -1.417632 0.000000 0.261034 73677
