car -1 -1 nan nan nan nan nan 1.985641 1.070180 5.639863 -1.138482 -2.357300 -0.606933 0.000000 0.824331 73893
car -1 -1 nan nan nan nan nan 0.604717 0.422120 1.235382 -48.000595 1.849390 -1.954580 0.000000 0.569597 73895
car -1 -1 nan nan nan nan nan 1.431354 0.946964 0.915033 -25.283277 28.149904 -1.730870 0.000000 0.746620 73896
car -1 -1 nan nan nan nan nan 0.983036 2.848189 1.310205 26.882560 3.497238 -0.661341 0.000000 0.906667 73897
car -1 -1 nan nan nan nan nan 1.401859 1.727152 3.474022 12.842905 -2.974741 -0.893422 0.000000 0.918837 73900
car -1 -1 nan nan nan nan nan 1.292572 3.309147 2.332488 -12.324538 4.183366 -1.306222 0.000000 0.838739 73903
car -1 -1 nan nan nan nan nan 0.243015 0.258018 0.433453 36.516153 2.538170 -1.094252 0.000000 0.472995 73904
car -1 -1 nan nan nan nan nan 1.291949 2.636182 2.467440 18.343451 3.659265 -0.919052 0.000000 0.932485 73905
car -1 -1 nan nan nan nan nan 0.583447 0.794988 1.307159 -47.414062 -6.378865 -1.299948 0.000000 0.761596 73906
car -1 -1 nan nan nan nan nan 1.039405 1.226181 1.525284 -40.457542 2.332659 -1.618179 0.000000 0.793718 73907
car -1 -1 nan nan nan nan nan 1.402014 1.825029 4.125332 -10.137774 -3.318533 -1.157605 0.000000 0.945581 73908
car -1 -1 nan nan nan nan nan 1.215976 1.306085 2.835629 31.228754 -2.497168 -0.641159 0.000000 0.923379 73909
car -1 -1 nan nan nan nan nan 1.199188 0.749075 4.127369 -42.468176 -3.219913 -1.743477 0.000000 0.860266 73910
car -1 -1 nan nan nan nan nan 0.753981 1.528885 1.101681 -33.120722 2.420630 -1.834800 0.000000 0.671274 73911
car -1 -1 nan nan nan nan nan 1.224027 1.417097 2.679405 26.529495 -2.564676 -0.765102 0.000000 0.906779 73912
car -1 -1 nan nan nan nan nan 1.405047 1.507109 3.333863 17.582794 -2.707699 -0.844360 0.000000 0.933601 73913
car -1 -1 nan nan nan nan nan 1.106000 0.300017 0.614780 35.879782 -1.852123 -0.629176 0.000000 0.723758 73914
car -1 -1 nan nan nan nan nan 1.489902 3.053234 2.325539 -9.061879 4.286041 -1.228783 0.000000 0.939844 73915
car -1 -1 nan nan nan nan nan 0.825506 0.860908 1.226952 -35.762932 2.945137 -1.392775 0.000000 0.710631 73917
car -1 -1 nan nan nan nan nan 1.380219 1.591256 3.246418 -30.093664 -3.555123 -1.460394 0.000000 0.827795 73918
car -1 -1 nan nan nan nan nan 0.613042 0.925002 1.488142 -0.471639 -3.336899 -0.683192 0.000000 0.779230 73922
car -1 -1 nan nan nan nan nan 0.479991 0.685053 0.426477 18.523664 6.205946 -1.025016 0.000000 0.340358 73923
car -1 -1 nan nan nan nan nan 0.645061 1.307051 0.514874 -34.318830 2.614423 -1.842340 0.000000 0.791500 73925
person -1 -1 nan nan nan nan nan 1.411920 0.688989 0.443392 -28.467490 -4.804293 -1.237112 0.000000 0.914363 73898
