car -1 -1 nan nan nan nan nan 2.117467 2.299672 5.707594 -24.500205 -2.916276 -1.012558 0.000000 0.930826 74518
car -1 -1 nan nan nan nan nan 1.418007 1.463263 3.425492 13.204041 -2.388763 -0.831877 0.000000 0.941570 74520
car -1 -1 nan nan nan nan nan 1.473987 4.048391 2.864657 -4.731777 4.241091 -1.266824 0.000000 0.936023 74521
car -1 -1 nan nan nan nan nan 1.308086 2.830984 3.011538 30.846908 3.369505 -0.685686 0.000000 0.924283 74522
car -1 -1 nan nan nan nan nan 0.872066 0.802845 1.394138 -36.494429 2.844276 -1.856514 0.000000 0.799010 74523
car -1 -1 nan nan nan nan nan 1.410464 1.571142 3.426339 -10.219139 -2.965578 -1.205412 0.000000 0.934680 74526
car -1 -1 nan nan nan nan nan 1.563499 4.080814 2.107741 3.693435 4.055333 -1.078238 0.000000 0.930166 74527
car -1 -1 nan nan nan nan nan 1.311032 1.631956 1.733471 41.576036 9.561853 -0.513320 0.000000 0.850987 74528
car -1 -1 nan nan nan nan nan 1.522755 1.868238 4.024425 -5.218666 -2.849750 -1.116650 0.000000 0.955213 74529
car -1 -1 nan nan nan nan nan 1.443037 1.678542 3.489087 7.836173 -2.517615 -0.899805 0.000000 0.963766 74530
car -1 -1 nan nan nan nan nan 1.342976 3.268351 2.240437 -32.615057 4.338878 -1.750068 0.000000 0.925827 74531
other-vehicle -1 -1 nan nan nan nan nan 0.325992 0.481016 0.455297 25.620591 -3.203573 0.003639 0.000000 0.215864 74532
car -1 -1 nan nan nan nan nan 1.500030 1.949488 3.192588 3.248721 -2.851619 -1.012433 0.000000 0.928950 74536
bicycle -1 -1 nan nan nan nan nan 0.540011 0.267996 0.324230 28.559977 -7.210082 -0.296137 0.000000 0.741531 74524
