car -1 -1 nan nan nan nan nan 1.529952 3.399913 3.444280 -1.712502 3.724275 -1.154546 0.000000 0.942395 74662
other-vehicle -1 -1 nan nan nan nan nan 0.323422 0.424788 0.540077 -36.827850 27.660974 -2.280291 0.000000 0.667999 74667
car -1 -1 nan nan nan nan nan 1.264058 2.825107 3.221058 24.691893 2.954980 -0.930318 0.000000 0.958693 74668
car -1 -1 nan nan nan nan nan 1.915983 2.079643 5.168695 -29.538310 -2.557150 -0.975392 0.000000 0.851206 74669
car -1 -1 nan nan nan nan nan 1.380349 1.228512 3.313615 -16.380321 -2.588552 -1.323878 0.000000 0.897196 74671
car -1 -1 nan nan nan nan nan 1.541088 2.804187 2.775997 36.130205 9.405847 -0.852519 0.000000 0.858270 74674
car -1 -1 nan nan nan nan nan 1.365610 3.160268 2.386753 -38.681284 4.962915 -1.724776 0.000000 0.922449 74675
car -1 -1 nan nan nan nan nan 1.446062 1.915639 3.539346 7.170989 -2.674350 -0.923294 0.000000 0.907604 74676
car -1 -1 nan nan nan nan nan 1.358399 4.041112 2.588363 -10.571239 4.431276 -1.299598 0.000000 0.921649 74677
other-vehicle -1 -1 nan nan nan nan nan 0.382135 0.304314 1.191942 18.200538 25.397364 -1.385525 0.000000 0.812328 74678
car -1 -1 nan nan nan nan nan 1.464446 1.666557 3.428577 -2.706166 -2.804803 -1.093647 0.000000 0.962586 74679
car -1 -1 nan nan nan nan nan 1.326129 0.633257 0.216007 41.446272 11.697022 -0.798204 0.000000 0.608139 74680
car -1 -1 nan nan nan nan nan 0.282016 0.505475 0.787262 43.940380 4.031797 -0.003126 0.000000 0.729460 74681
car -1 -1 nan nan nan nan nan 1.465307 1.911545 3.688821 -11.324267 -2.739913 -1.169741 0.000000 0.941638 74682
other-vehicle -1 -1 nan nan nan nan nan 0.706941 0.434898 1.491400 -30.227708 2.577268 -1.632261 0.000000 0.785510 74683
car -1 -1 nan nan nan nan nan 1.695439 1.640689 3.451197 1.828980 -2.626329 -0.759976 0.000000 0.959250 74684
car -1 -1 nan nan nan nan nan 0.490608 0.520848 0.398750 -42.111263 3.368382 -1.673181 0.000000 0.798142 74685
person -1 -1 nan nan nan nan nan 1.174967 0.431615 0.435863 46.526220 9.967666 -0.455209 0.000000 0.904493 74663
