car -1 -1 nan nan nan nan nan 1.470037 2.014526 3.762405 -14.381857 -2.375515 -1.293944 0.000000 0.925859 74747
car -1 -1 nan nan nan nan nan 1.294517 2.672118 3.268553 21.770165 2.000591 -0.884748 0.000000 0.892329 74752
car -1 -1 nan nan nan nan nan 1.277236 0.605961 1.356232 -11.306405 24.706060 -1.974175 0.000000 0.779035 74753
car -1 -1 nan nan nan nan nan 1.416998 1.966678 3.514241 4.112446 -2.938532 -0.934594 0.000000 0.966226 74754
car -1 -1 nan nan nan nan nan 0.809852 1.890487 1.451906 -32.214084 4.490766 -1.773106 0.000000 0.836185 74755
car -1 -1 nan nan nan nan nan 1.435881 2.956633 2.967812 33.501457 7.984913 -0.777760 0.000000 0.932454 74756
other-vehicle -1 -1 nan nan nan nan nan 0.255005 0.861770 0.312572 -5.432652 -12.706358 -1.068705 0.000000 0.439816 74757
car -1 -1 nan nan nan nan nan 1.533958 3.723543 2.978385 -4.443217 3.975541 -1.226165 0.000000 0.954746 74759
other-vehicle -1 -1 nan nan nan nan nan 0.248006 0.278341 0.519917 -24.748205 27.106622 -2.161514 0.000000 0.740868 74760
car -1 -1 nan nan nan nan nan 1.433333 1.631338 3.378173 -5.731529 -2.562937 -1.143265 0.000000 0.920954 74762
car -1 -1 nan nan nan nan nan 1.388953 4.098903 2.644743 -13.398770 4.912384 -1.433018 0.000000 0.932688 74763
car -1 -1 nan nan nan nan nan 2.109453 3.983742 6.387808 -33.203275 -2.307057 -1.125874 0.000000 0.780444 74766
car -1 -1 nan nan nan nan nan 1.114571 1.468995 3.682769 -1.053597 -2.734521 -0.875208 0.000000 0.944244 74767
car -1 -1 nan nan nan nan nan 1.304605 1.349141 4.009922 -18.970285 -2.025575 -1.341941 0.000000 0.938864 74768
car -1 -1 nan nan nan nan nan 0.263015 0.478278 0.278084 -44.953289 4.982117 -1.897000 0.000000 0.693377 74769
other-vehicle -1 -1 nan nan nan nan nan 0.654033 0.809280 0.216534 19.628057 33.781742 -1.873456 0.000000 0.653988 74771
car -1 -1 nan nan nan nan nan 0.374996 0.497734 1.531992 14.870359 26.084099 -1.860225 0.000000 0.470006 74774
car -1 -1 nan nan nan nan nan 1.257968 3.269939 2.369781 -41.451874 6.469866 -1.986418 0.000000 0.921212 74776
car -1 -1 nan nan nan nan nan 0.249947 0.262123 0.202002 17.428468 33.594303 -1.822136 0.000000 0.768778 74777
person -1 -1 nan nan nan nan nan 0.875011 0.574743 0.309551 44.205259 8.215631 -0.302425 0.000000 0.885383 74765
