car -1 -1 nan nan nan nan nan 0.891927 2.304078 2.421906 -46.043831 4.214954 -2.298664 0.000000 0.827983 75743
car -1 -1 nan nan nan nan nan 0.726962 0.517275 0.674070 26.585410 -13.804364 -0.392598 0.000000 0.793193 75747
car -1 -1 nan nan nan nan nan 0.366235 0.364724 0.675459 -28.841620 3.148872 -1.606597 0.000000 0.449202 75750
car -1 -1 nan nan nan nan nan 1.377145 1.684991 3.888179 -10.567134 -4.536368 -1.368104 0.000000 0.919528 75753
other-vehicle -1 -1 nan nan nan nan nan 0.478978 0.593307 0.896782 -8.058685 18.683702 -1.045887 0.000000 0.471818 75754
car -1 -1 nan nan nan nan nan 1.272275 2.479802 3.284817 -38.735968 1.447762 -1.938441 0.000000 0.893646 75755
car -1 -1 nan nan nan nan nan 1.671293 1.828429 3.569795 8.318486 -3.672595 -0.866244 0.000000 0.910427 75756
car -1 -1 nan nan nan nan nan 1.408716 3.176173 3.035870 -29.030430 -2.176324 -1.785140 0.000000 0.894406 75758
car -1 -1 nan nan nan nan nan 1.678972 2.652474 4.527340 -33.797823 -0.413315 -1.741796 0.000000 0.891397 75760
car -1 -1 nan nan nan nan nan 0.598862 1.866728 1.071518 22.098412 -10.546205 -0.284423 0.000000 0.866220 75761
other-vehicle -1 -1 nan nan nan nan nan 0.840928 2.228746 1.215759 -32.613293 5.183674 -1.847208 0.000000 0.757474 75762
car -1 -1 nan nan nan nan nan 1.806801 2.576031 3.624473 2.097565 -3.565686 -0.847915 0.000000 0.971413 75763
car -1 -1 nan nan nan nan nan 1.455888 2.133440 1.026859 -47.447145 5.339537 -2.063417 0.000000 0.728277 75767
motorcycle -1 -1 nan nan nan nan nan 0.367939 0.400060 0.353865 27.545352 11.180398 -0.392244 0.000000 0.745388 75749
motorcycle -1 -1 nan nan nan nan nan 1.064545 1.517097 1.934353 -35.194330 6.401268 -1.749193 0.000000 0.893995 75757
person -1 -1 nan nan nan nan nan 1.011026 0.376020 0.330299 40.036953 -12.150399 -0.167966 0.000000 0.869300 75751
person -1 -1 nan nan nan nan nan 1.126945 0.566417 0.596739 14.533135 -8.471494 -0.487667 0.000000 0.916864 75752
