car -1 -1 nan nan nan nan nan 1.406624 1.677533 3.896970 -4.319047 -3.739080 -1.153216 0.000000 0.939587 75548
car -1 -1 nan nan nan nan nan 0.430989 0.407078 0.228411 26.102775 21.700647 -0.900398 0.000000 0.659771 75554
other-vehicle -1 -1 nan nan nan nan nan 0.302099 0.600470 1.282174 -1.467916 -24.045371 -1.286365 0.000000 0.815411 75555
car -1 -1 nan nan nan nan nan 1.421914 2.834487 4.673172 -22.301813 -0.234098 -1.526517 0.000000 0.943990 75556
car -1 -1 nan nan nan nan nan 1.640255 1.960342 3.806438 8.406189 -3.735462 -0.838249 0.000000 0.925806 75558
car -1 -1 nan nan nan nan nan 0.883979 1.574337 1.779678 32.593639 -16.616631 -0.290820 0.000000 0.826291 75559
car -1 -1 nan nan nan nan nan 1.387382 1.528517 2.521326 -27.747140 9.241166 -1.638635 0.000000 0.905361 75561
other-vehicle -1 -1 nan nan nan nan nan 0.991615 1.347311 1.449135 -0.097267 19.359321 -1.248021 0.000000 0.659219 75563
car -1 -1 nan nan nan nan nan 1.591031 1.820326 2.587519 14.517138 -4.523836 -0.706622 0.000000 0.883572 75564
car -1 -1 nan nan nan nan nan 1.239359 1.962733 2.564466 -31.507497 4.950534 -1.836910 0.000000 0.922242 75565
car -1 -1 nan nan nan nan nan 0.741985 1.332261 1.553942 28.195283 -12.330675 -0.064660 0.000000 0.768187 75567
car -1 -1 nan nan nan nan nan 1.378086 2.529666 3.396584 -27.465765 2.511873 -1.720005 0.000000 0.953440 75568
car -1 -1 nan nan nan nan nan 1.094197 2.612006 3.216091 -39.058653 8.715687 -2.125902 0.000000 0.854768 75574
motorcyclist -1 -1 nan nan nan nan nan 0.539986 0.791195 0.872639 48.396803 4.342572 0.090338 0.000000 0.809344 75549
bicyclist -1 -1 nan nan nan nan nan 0.429068 0.474074 0.474348 19.950076 -9.368865 -0.041485 0.000000 0.819671 75553
motorcycle -1 -1 nan nan nan nan nan 0.438998 0.382087 0.384945 35.039431 8.612020 -0.519207 0.000000 0.799886 75557
person -1 -1 nan nan nan nan nan 0.867006 0.361077 0.254475 45.520994 -15.716215 0.258784 0.000000 0.713192 75562
