car -1 -1 nan nan nan nan nan 2.336168 1.908223 5.788547 -4.267447 -2.777658 -0.691724 0.000000 0.871591 73988
car -1 -1 nan nan nan nan nan 0.660028 1.613186 0.507671 49.946440 2.872820 -0.517315 0.000000 0.734055 73989
car -1 -1 nan nan nan nan nan 1.343204 1.476126 2.798927 23.325819 -2.654304 -0.778838 0.000000 0.916054 73992
car -1 -1 nan nan nan nan nan 1.393508 1.861356 3.596194 9.785289 -3.019925 -0.908791 0.000000 0.927584 73994
car -1 -1 nan nan nan nan nan 1.306203 1.605139 1.687534 -16.022224 3.319790 -1.407927 0.000000 0.651778 73995
other-vehicle -1 -1 nan nan nan nan nan 0.349244 0.881948 1.360296 1.617039 -13.036649 -1.108884 0.000000 0.827662 73997
car -1 -1 nan nan nan nan nan 0.264825 0.846238 0.512486 -43.212076 2.234741 -1.580690 0.000000 0.728037 73998
other-vehicle -1 -1 nan nan nan nan nan 0.509994 3.155322 1.462734 45.173651 -4.572981 0.097948 0.000000 0.831791 74000
car -1 -1 nan nan nan nan nan 1.405582 1.462626 4.139006 -13.481170 -3.185391 -1.305543 0.000000 0.948878 74001
car -1 -1 nan nan nan nan nan 1.293042 2.985312 1.749855 23.796055 3.632910 -0.771045 0.000000 0.906161 74005
car -1 -1 nan nan nan nan nan 1.278487 1.381693 2.365318 -45.240498 -3.648228 -1.916660 0.000000 0.831426 74006
car -1 -1 nan nan nan nan nan 1.501368 1.677176 3.531537 14.416259 -2.684800 -0.838389 0.000000 0.962912 74007
car -1 -1 nan nan nan nan nan 1.314210 1.286113 3.144806 28.094452 -2.389263 -0.664466 0.000000 0.903638 74009
car -1 -1 nan nan nan nan nan 1.468432 3.247662 2.341396 -12.363187 4.375208 -1.305021 0.000000 0.937454 74011
car -1 -1 nan nan nan nan nan 0.496294 1.056623 0.631222 -39.429117 3.030178 -1.291477 0.000000 0.841255 74013
car -1 -1 nan nan nan nan nan 1.120555 1.641262 2.736931 -33.306416 -3.583214 -1.685617 0.000000 0.876847 74014
car -1 -1 nan nan nan nan nan 1.428059 4.156478 3.203324 15.420629 4.438531 -0.920867 0.000000 0.917631 74019
other-vehicle -1 -1 nan nan nan nan nan 0.764175 1.155297 1.501801 -36.858025 2.226461 -1.974253 0.000000 0.705917 74020
person -1 -1 nan nan nan nan nan 1.394691 0.763131 0.444176 -32.053745 -4.985708 -1.529654 0.000000 0.885035 73993
