car -1 -1 nan nan nan nan nan 1.672990 3.284593 1.902083 2.471921 4.440461 -0.963927 0.000000 0.948519 73525
car -1 -1 nan nan nan nan nan 1.152964 1.383805 1.529400 -47.733297 -3.228724 -1.578571 0.000000 0.887675 73526
car -1 -1 nan nan nan nan nan 1.171837 0.919118 0.931770 48.033966 -2.462810 -0.454577 0.000000 0.711267 73527
car -1 -1 nan nan nan nan nan 0.395704 1.910639 1.061693 -13.059146 27.770434 -0.624482 0.000000 0.596806 73528
car -1 -1 nan nan nan nan nan 1.375581 2.771547 2.594473 -23.881272 4.245876 -1.264519 0.000000 0.925116 73529
car -1 -1 nan nan nan nan nan 1.306921 1.281111 3.279102 24.986721 -3.058788 -0.789970 0.000000 0.922086 73530
car -1 -1 nan nan nan nan nan 1.308168 2.733635 1.858677 -35.534262 3.490075 -1.587615 0.000000 0.822078 73532
car -1 -1 nan nan nan nan nan 2.277872 2.195889 5.393979 10.429901 -2.782004 -0.533031 0.000000 0.939305 73535
car -1 -1 nan nan nan nan nan 0.945105 2.631313 1.291767 38.962614 3.076866 -0.569996 0.000000 0.861214 73536
car -1 -1 nan nan nan nan nan 1.283945 2.314242 1.627577 30.183532 3.292350 -0.858287 0.000000 0.821730 73537
car -1 -1 nan nan nan nan nan 1.339965 1.796527 4.287896 1.463244 -3.115296 -1.004646 0.000000 0.958194 73539
car -1 -1 nan nan nan nan nan 1.202688 1.546510 3.446672 -30.382464 -3.115975 -1.572255 0.000000 0.918746 73542
car -1 -1 nan nan nan nan nan 0.498608 1.014718 1.641811 -36.055052 -5.926347 -0.963315 0.000000 0.733108 73543
car -1 -1 nan nan nan nan nan 1.019953 0.211027 0.604736 42.380745 -2.406792 -0.638522 0.000000 0.663506 73544
car -1 -1 nan nan nan nan nan 1.205907 1.273126 3.259462 29.719131 -2.824800 -0.626480 0.000000 0.934457 73545
car -1 -1 nan nan nan nan nan 1.281095 1.269659 1.806585 -28.228810 2.819246 -1.522190 0.000000 0.843489 73546
car -1 -1 nan nan nan nan nan 0.289177 0.921105 1.795094 45.931051 -5.664203 -0.010771 0.000000 0.778407 73548
car -1 -1 nan nan nan nan nan 1.247947 0.650071 2.643314 38.639185 -2.614308 -0.715526 0.000000 0.738178 73550
car -1 -1 nan nan nan nan nan 1.424954 3.294992 3.263152 -0.186620 4.196845 -1.109905 0.000000 0.936622 73551
car -1 -1 nan nan nan nan nan 1.403672 1.814451 3.670319 -18.137590 -3.239789 -1.332895 0.000000 0.925191 73553
car -1 -1 nan nan nan nan nan 0.807848 1.978493 0.539776 -22.117907 3.092079 -1.578552 0.000000 0.787960 73554
motorcycle -1 -1 nan nan nan nan nan 0.606556 0.562538 1.339426 -24.278594 -5.622211 -1.477987 0.000000 0.758488 73541
person -1 -1 nan nan nan nan nan 1.509956 0.446087 0.515310 -15.728009 -4.382275 -1.174272 0.000000 0.814191 73533
person -1 -1 nan nan nan nan nan 0.302716 0.335086 0.270603 -41.616953 -8.073334 -0.502996 0.000000 0.896886 73538
