car -1 -1 nan nan nan nan nan 1.365352 1.641875 2.823349 20.051250 -2.633833 -0.879879 0.000000 0.903381 74079
car -1 -1 nan nan nan nan nan 0.825688 0.605994 1.693172 -48.324167 -3.322859 -1.819892 0.000000 0.806478 74080
car -1 -1 nan nan nan nan nan 1.471946 3.354489 2.521994 -15.526994 4.429439 -1.315682 0.000000 0.931948 74081
car -1 -1 nan nan nan nan nan 1.152692 2.533973 2.704872 47.740971 3.417956 -0.741661 0.000000 0.831894 74082
car -1 -1 nan nan nan nan nan 1.334234 3.001665 2.363051 11.743619 3.828564 -0.945506 0.000000 0.951745 74086
other-vehicle -1 -1 nan nan nan nan nan 0.521157 3.073938 1.643223 42.162626 -4.461915 -0.115819 0.000000 0.877420 74087
other-vehicle -1 -1 nan nan nan nan nan 0.780468 1.509944 3.017269 -40.549685 2.207431 -1.892907 0.000000 0.821333 74088
car -1 -1 nan nan nan nan nan 1.409648 0.768968 3.637718 -16.788376 -2.864445 -1.302420 0.000000 0.910888 74091
car -1 -1 nan nan nan nan nan 1.444454 1.745469 3.436492 6.453892 -2.966295 -0.981004 0.000000 0.915015 74093
car -1 -1 nan nan nan nan nan 1.487587 3.539809 1.827681 20.602273 3.888782 -0.837587 0.000000 0.916277 74094
car -1 -1 nan nan nan nan nan 0.753708 0.354955 0.520107 -42.181093 -6.266958 -1.854426 0.000000 0.721276 74095
car -1 -1 nan nan nan nan nan 0.581832 0.891033 0.446796 -46.470938 2.123396 -1.541310 0.000000 0.780550 74096
car -1 -1 nan nan nan nan nan 1.309405 1.329922 3.058573 24.815749 -2.440888 -0.783209 0.000000 0.892026 74097
car -1 -1 nan nan nan nan nan 1.445132 1.727702 3.693274 11.136868 -2.718637 -0.917711 0.000000 0.971530 74098
car -1 -1 nan nan nan nan nan 1.333171 1.442026 1.481050 -19.279452 3.223909 -1.401876 0.000000 0.708109 74099
car -1 -1 nan nan nan nan nan 1.124965 1.428117 2.991905 -36.599052 -3.647760 -1.576395 0.000000 0.848202 74102
car -1 -1 nan nan nan nan nan 2.289873 2.432766 6.070224 -7.584198 -2.901160 -0.696185 0.000000 0.951980 74103
car -1 -1 nan nan nan nan nan 0.273095 0.448044 0.366188 -42.614700 2.755208 -1.275988 0.000000 0.734229 74104
car -1 -1 nan nan nan nan nan 1.240395 1.002956 3.120586 30.330185 -2.152428 -0.648787 0.000000 0.856173 74105
person -1 -1 nan nan nan nan nan 1.297893 0.640040 0.366089 -35.559883 -5.099784 -1.401191 0.000000 0.898126 74085
