car -1 -1 nan nan nan nan nan 1.115548 1.545393 3.140486 1.276022 -2.772738 -0.855172 0.000000 0.878142 74562
other-vehicle -1 -1 nan nan nan nan nan 0.915006 2.484929 1.819376 -28.871718 -6.692228 -1.039506 0.000000 0.800981 74565
car -1 -1 nan nan nan nan nan 1.449469 1.423737 3.310956 -12.186673 -2.884139 -1.266145 0.000000 0.946045 74566
car -1 -1 nan nan nan nan nan 1.379496 3.466926 2.283394 -34.707890 4.408886 -1.798204 0.000000 0.930695 74568
car -1 -1 nan nan nan nan nan 1.218658 2.923760 3.229691 28.707893 3.372744 -0.796381 0.000000 0.924693 74569
car -1 -1 nan nan nan nan nan 1.397440 1.595209 3.263671 11.224145 -2.385681 -0.830289 0.000000 0.942657 74570
car -1 -1 nan nan nan nan nan 1.239121 2.823699 2.788567 40.105564 10.044025 -0.732301 0.000000 0.860361 74571
car -1 -1 nan nan nan nan nan 1.469737 4.204851 2.643160 -6.678473 4.386292 -1.295218 0.000000 0.935282 74572
car -1 -1 nan nan nan nan nan 0.946570 3.095969 2.144909 1.660036 3.576652 -0.794632 0.000000 0.934859 74574
car -1 -1 nan nan nan nan nan 1.967454 2.276375 5.546169 -26.478823 -2.916531 -0.985816 0.000000 0.962377 74576
car -1 -1 nan nan nan nan nan 1.518200 1.862133 3.923097 -7.191382 -2.863682 -1.152408 0.000000 0.942279 74577
car -1 -1 nan nan nan nan nan 1.704258 1.848837 3.357573 5.809854 -2.711731 -0.809982 0.000000 0.936512 74579
car -1 -1 nan nan nan nan nan 0.669724 0.747704 1.306812 -38.547644 2.896077 -1.796313 0.000000 0.848068 74580
motorcycle -1 -1 nan nan nan nan nan 0.909023 0.233982 0.646763 45.398310 12.522714 -0.324820 0.000000 0.694216 74575
