car -1 -1 nan nan nan nan nan 1.755102 1.928811 4.161747 3.262861 -3.055970 -0.878465 0.000000 0.978741 76289
car -1 -1 nan nan nan nan nan 0.520088 1.136582 0.325413 46.959921 1.473545 -1.036380 0.000000 0.745885 76292
car -1 -1 nan nan nan nan nan 1.457456 2.192311 2.822872 -19.263350 -7.344290 -1.023262 0.000000 0.924813 76294
car -1 -1 nan nan nan nan nan 1.565924 3.682404 1.927139 -5.463567 -23.323217 0.064302 0.000000 0.934452 76296
car -1 -1 nan nan nan nan nan 1.481607 1.349903 3.137007 21.713975 -3.568843 -0.836282 0.000000 0.906923 76297
car -1 -1 nan nan nan nan nan 1.314324 2.850659 2.646612 -29.189523 -14.191483 -1.117142 0.000000 0.935198 76298
other-vehicle -1 -1 nan nan nan nan nan 1.275713 1.112923 0.981190 -34.411612 -23.322754 -0.731270 0.000000 0.777489 76299
car -1 -1 nan nan nan nan nan 1.587981 2.043810 4.032707 -12.575222 -4.112116 -1.108136 0.000000 0.946611 76300
car -1 -1 nan nan nan nan nan 1.404647 1.576058 4.262387 15.989639 -3.474504 -0.900420 0.000000 0.935598 76302
car -1 -1 nan nan nan nan nan 1.512712 1.844664 3.998218 8.773205 -3.386339 -0.987183 0.000000 0.951292 76303
person -1 -1 nan nan nan nan nan 0.466898 0.276352 0.524651 -8.669625 40.858597 -2.970481 0.000000 0.784025 76291
person -1 -1 nan nan nan nan nan 0.957099 0.356532 0.324207 17.220232 15.518572 -1.456642 0.000000 0.842850 76293
person -1 -1 nan nan nan nan nan 0.336674 0.252613 0.327111 -4.094570 18.188431 -1.591073 0.000000 0.817767 76295
person -1 -1 nan nan nan nan nan 1.504796 0.647463 0.488229 -3.470108 -5.286213 -0.869245 0.000000 0.958994 76301
