car -1 -1 nan nan nan nan nan 1.525111 1.860983 4.310335 -2.041474 -3.073377 -1.024827 0.000000 0.937020 76560
car -1 -1 nan nan nan nan nan 1.081094 1.572665 0.817924 -41.124737 -16.615515 -1.215763 0.000000 0.614614 76562
car -1 -1 nan nan nan nan nan 0.888072 0.896929 1.508621 23.117199 -19.691180 -0.118062 0.000000 0.740999 76564
car -1 -1 nan nan nan nan nan 1.055693 3.676777 1.962848 -15.740796 -23.907288 0.184072 0.000000 0.896506 76565
other-vehicle -1 -1 nan nan nan nan nan 1.363999 0.381267 0.665064 27.701175 3.464913 -0.194426 0.000000 0.077088 76566
car -1 -1 nan nan nan nan nan 1.391022 2.917297 3.383003 -23.715141 -5.331358 -1.268582 0.000000 0.922028 76567
car -1 -1 nan nan nan nan nan 1.114213 1.360508 1.626263 31.599070 32.271658 -1.786251 0.000000 0.780422 76570
truck -1 -1 nan nan nan nan nan 2.419502 1.721533 3.617622 31.560238 19.857419 -0.393951 0.000000 0.704484 76571
car -1 -1 nan nan nan nan nan 1.553770 1.764613 3.409126 10.391979 -2.932068 -0.840272 0.000000 0.935501 76572
car -1 -1 nan nan nan nan nan 0.599583 0.337473 0.886639 -0.543610 10.233646 -0.846580 0.000000 0.256892 76575
car -1 -1 nan nan nan nan nan 1.402821 1.396430 3.647179 -29.866470 -7.701009 -1.283711 0.000000 0.885947 76578
car -1 -1 nan nan nan nan nan 1.526796 2.041709 4.268234 4.939389 -3.185600 -0.950691 0.000000 0.931853 76580
car -1 -1 nan nan nan nan nan 1.565462 1.640729 4.241781 -7.481536 -3.194078 -1.028465 0.000000 0.970571 76581
car -1 -1 nan nan nan nan nan 0.534272 0.598263 0.630249 -27.472271 -10.013201 -0.972779 0.000000 0.598071 76583
car -1 -1 nan nan nan nan nan 0.561208 1.672780 0.654266 44.160404 0.438204 -1.226644 0.000000 0.767259 76586
car -1 -1 nan nan nan nan nan 0.255271 0.736795 0.494381 -38.973883 -14.840074 -1.503071 0.000000 0.587185 76587
person -1 -1 nan nan nan nan nan 0.823078 0.866206 0.541812 5.150372 16.201151 -1.435524 0.000000 0.698043 76568
