car -1 -1 nan nan nan nan nan 1.630152 1.520464 3.391775 -2.574396 -2.474168 -0.902240 0.000000 0.956805 78866
car -1 -1 nan nan nan nan nan 1.265090 1.983810 3.236607 35.517141 2.237162 -0.708058 0.000000 0.933684 78868
car -1 -1 nan nan nan nan nan 0.306498 0.542470 0.593178 -41.232952 -11.863425 -1.276764 0.000000 0.588424 78869
car -1 -1 nan nan nan nan nan 1.420408 1.652499 2.637459 -38.812881 -0.756830 -1.273674 0.000000 0.580969 78873
car -1 -1 nan nan nan nan nan 0.886705 0.482088 1.280411 -36.312431 11.999866 -1.975004 0.000000 0.741681 78874
car -1 -1 nan nan nan nan nan 1.533795 1.731993 3.971171 -12.790466 -2.655144 -1.148183 0.000000 0.879868 78875
car -1 -1 nan nan nan nan nan 1.647091 4.011090 3.090870 -26.063507 6.607752 -1.506230 0.000000 0.924455 78876
truck -1 -1 nan nan nan nan nan 2.652671 2.759337 6.546873 26.297252 3.925111 -0.172776 0.000000 0.767461 78877
car -1 -1 nan nan nan nan nan 1.562446 1.618249 3.702113 3.846073 3.536050 -1.082928 0.000000 0.946144 78878
other-vehicle -1 -1 nan nan nan nan nan 1.393091 1.329149 0.958451 10.182250 -2.330439 -0.893415 0.000000 0.596729 78880
car -1 -1 nan nan nan nan nan 1.467186 1.886868 4.589805 10.417528 3.745571 -1.037369 0.000000 0.955256 78881
car -1 -1 nan nan nan nan nan 1.661096 2.011530 3.684036 -0.906004 3.409900 -0.734427 0.000000 0.950085 78882
car -1 -1 nan nan nan nan nan 1.505812 1.581839 3.853644 -7.371009 -2.424735 -1.118873 0.000000 0.964790 78883
other-vehicle -1 -1 nan nan nan nan nan 0.322927 0.668491 0.570576 -40.019609 22.761356 -1.442723 0.000000 0.731038 78884
car -1 -1 nan nan nan nan nan 1.316466 3.889562 1.632366 -33.665468 15.912385 -1.931298 0.000000 0.927433 78885
other-vehicle -1 -1 nan nan nan nan nan 1.316016 1.277158 1.141140 12.211735 -1.753841 -0.914032 0.000000 0.610047 78887
bicyclist -1 -1 nan nan nan nan nan 1.535987 0.602633 1.623130 16.342659 2.507913 -0.794710 0.000000 0.937607 78871
person -1 -1 nan nan nan nan nan 0.726373 0.567120 0.625759 -35.155359 20.819481 -1.985015 0.000000 0.133595 78879
