car -1 -1 nan nan nan nan nan 1.468955 1.898369 3.743898 5.581995 -2.588621 -1.008861 0.000000 0.970691 78264
truck -1 -1 nan nan nan nan nan 0.741998 0.664307 0.570824 -40.075863 16.617132 -0.067077 0.000000 0.422884 78265
car -1 -1 nan nan nan nan nan 0.583153 1.096263 0.687737 47.703308 3.360808 -0.752888 0.000000 0.569196 78266
car -1 -1 nan nan nan nan nan 0.635073 0.968227 1.129343 26.952628 25.301027 0.009671 0.000000 0.820797 78268
car -1 -1 nan nan nan nan nan 1.331115 1.486364 3.579132 23.381165 3.858946 -0.796070 0.000000 0.903712 78271
other-vehicle -1 -1 nan nan nan nan nan 2.394793 4.410671 1.718452 -38.787189 -17.213284 -0.531270 0.000000 0.697727 78275
car -1 -1 nan nan nan nan nan 0.921814 3.467987 1.587074 -18.877916 -13.744690 -1.005270 0.000000 0.928903 78277
car -1 -1 nan nan nan nan nan 1.605070 1.870445 3.942442 12.043200 3.450857 -0.878535 0.000000 0.957470 78278
car -1 -1 nan nan nan nan nan 1.427262 4.519345 2.734566 -21.110304 15.140512 -1.665952 0.000000 0.918494 78280
other-vehicle -1 -1 nan nan nan nan nan 1.301902 1.272310 0.743378 23.527704 -2.051505 -0.775282 0.000000 0.742442 78281
car -1 -1 nan nan nan nan nan 1.495709 2.905588 2.152575 -30.342069 19.570220 -1.529543 0.000000 0.903749 78282
car -1 -1 nan nan nan nan nan 1.729982 1.830446 3.290325 10.439329 -2.367596 -0.801963 0.000000 0.939525 78283
car -1 -1 nan nan nan nan nan 1.352989 1.393346 3.200797 17.230158 3.662406 -0.841246 0.000000 0.881879 78284
car -1 -1 nan nan nan nan nan 1.067356 1.501186 4.030544 0.382696 -2.751120 -0.777780 0.000000 0.971459 78285
other-vehicle -1 -1 nan nan nan nan nan 1.219480 1.210797 1.157131 -24.660234 -1.299153 -1.016329 0.000000 0.830789 78288
truck -1 -1 nan nan nan nan nan 2.623326 2.510616 6.319210 39.573149 4.543112 0.299231 0.000000 0.593516 78289
other-vehicle -1 -1 nan nan nan nan nan 1.272011 1.011251 1.179127 25.647881 -1.322826 -0.785128 0.000000 0.739562 78290
bicycle -1 -1 nan nan nan nan nan 0.402187 0.234857 0.265963 -27.165793 15.605274 -1.776715 0.000000 0.336801 78274
bicyclist -1 -1 nan nan nan nan nan 1.189007 0.591142 0.678745 40.357485 1.974979 -0.260188 0.000000 0.865148 78287
