car -1 -1 nan nan nan nan nan 1.519967 1.749958 4.184646 11.050031 -3.173208 -0.778975 0.000000 0.952994 76399
car -1 -1 nan nan nan nan nan 0.937794 1.656481 1.456165 38.326891 31.855277 -1.556723 0.000000 0.719047 76401
car -1 -1 nan nan nan nan nan 0.762104 1.278707 0.449238 41.851160 2.825544 -0.505684 0.000000 0.762778 76404
car -1 -1 nan nan nan nan nan 1.473995 2.255234 3.754698 -23.767766 -7.969304 -1.323903 0.000000 0.915923 76406
car -1 -1 nan nan nan nan nan 1.140929 2.833670 1.061367 -38.971411 -23.574155 -1.000028 0.000000 0.797766 76408
car -1 -1 nan nan nan nan nan 0.838244 0.675455 1.557343 -33.856991 -13.980702 -1.658889 0.000000 0.746658 76411
car -1 -1 nan nan nan nan nan 1.506226 2.068995 3.755016 -17.617807 -4.538743 -1.278367 0.000000 0.961362 76415
car -1 -1 nan nan nan nan nan 1.437989 1.587879 3.294167 16.737143 -3.022182 -0.638186 0.000000 0.927379 76416
car -1 -1 nan nan nan nan nan 1.659775 1.690689 4.211004 -1.456323 -3.118474 -0.994760 0.000000 0.970450 76417
other-vehicle -1 -1 nan nan nan nan nan 0.800968 2.189218 0.676811 31.688515 7.526153 0.931805 0.000000 0.527031 76418
car -1 -1 nan nan nan nan nan 1.500485 1.892107 4.226588 3.828930 -3.114279 -0.922238 0.000000 0.956068 76419
car -1 -1 nan nan nan nan nan 1.505069 3.655123 1.937947 -9.910562 -23.557940 0.149886 0.000000 0.910435 76422
bicycle -1 -1 nan nan nan nan nan 0.694002 0.821460 0.656357 28.487242 7.269395 -0.762810 0.000000 0.753071 76410
person -1 -1 nan nan nan nan nan 1.591107 0.592056 0.409738 -7.933920 -5.377138 -0.969619 0.000000 0.931629 76409
person -1 -1 nan nan nan nan nan 1.367173 1.229122 0.762942 11.621670 16.244478 -1.268540 0.000000 0.816872 76412
