car -1 -1 nan nan nan nan nan 1.370172 1.745143 3.748931 0.828733 3.489859 -0.998398 0.000000 0.961911 78984
car -1 -1 nan nan nan nan nan 1.351952 2.071479 3.281034 32.453721 1.588338 -0.520450 0.000000 0.882085 78987
car -1 -1 nan nan nan nan nan 1.512341 3.740426 3.694201 -26.822089 4.760153 -1.571298 0.000000 0.817359 78988
car -1 -1 nan nan nan nan nan 1.510982 1.344509 3.649189 -10.576952 -2.173845 -1.218172 0.000000 0.917622 78992
other-vehicle -1 -1 nan nan nan nan nan 2.608541 1.698887 2.168415 -41.735929 10.417903 -1.127500 0.000000 0.054789 78993
truck -1 -1 nan nan nan nan nan 2.441190 2.929849 6.588552 23.185317 3.436431 -0.133300 0.000000 0.757708 78994
other-vehicle -1 -1 nan nan nan nan nan 1.428435 1.269987 1.060145 8.928397 -1.996886 -0.903402 0.000000 0.575613 78995
car -1 -1 nan nan nan nan nan 1.401300 4.305014 1.374428 -36.424458 16.413682 -2.248834 0.000000 0.911366 78996
car -1 -1 nan nan nan nan nan 1.734956 1.831938 3.517350 -5.800357 -2.402811 -1.029039 0.000000 0.930404 78998
car -1 -1 nan nan nan nan nan 1.531291 1.633721 3.894680 -16.021278 -2.391321 -1.307870 0.000000 0.941586 78999
car -1 -1 nan nan nan nan nan 1.631046 1.977519 3.726053 -3.860831 3.409401 -1.153209 0.000000 0.961870 79000
car -1 -1 nan nan nan nan nan 1.534936 1.851764 4.505550 7.278582 3.513807 -1.007689 0.000000 0.960543 79003
other-vehicle -1 -1 nan nan nan nan nan 1.417301 1.654700 1.778584 -41.663649 -0.069876 -1.604552 0.000000 0.846478 79006
other-vehicle -1 -1 nan nan nan nan nan 1.398730 1.266207 1.174823 7.025706 -2.503535 -0.830210 0.000000 0.555014 79007
bicyclist -1 -1 nan nan nan nan nan 1.611025 0.647526 1.564544 10.618640 2.261238 -0.754330 0.000000 0.948725 79008
person -1 -1 nan nan nan nan nan 0.235971 0.420008 0.361954 -37.948219 21.424590 -2.320857 0.000000 0.404475 79002
