car -1 -1 nan nan nan nan nan 1.285869 1.744182 2.871120 36.810984 1.786713 -0.970299 0.000000 0.815811 76731
car -1 -1 nan nan nan nan nan 0.612395 2.007526 0.849060 -44.983742 -16.112263 -2.223776 0.000000 0.804524 76732
car -1 -1 nan nan nan nan nan 1.419566 0.541146 1.320087 -2.099567 10.505036 -0.923799 0.000000 0.457671 76734
car -1 -1 nan nan nan nan nan 0.386178 0.222860 0.446602 19.488659 -29.532208 -0.711223 0.000000 0.498351 76735
car -1 -1 nan nan nan nan nan 1.283263 1.526581 3.038979 25.239296 32.919415 -0.996673 0.000000 0.908245 76737
car -1 -1 nan nan nan nan nan 1.595639 1.946829 3.373879 4.323223 -2.849478 -1.031202 0.000000 0.926021 76740
car -1 -1 nan nan nan nan nan 1.712963 1.893867 4.414889 -8.175283 -3.313945 -1.072777 0.000000 0.901023 76743
car -1 -1 nan nan nan nan nan 1.220452 1.987832 3.206141 -29.851661 -5.610224 -1.393399 0.000000 0.781430 76745
car -1 -1 nan nan nan nan nan 0.447779 0.904257 0.209387 24.622783 -31.677999 -0.842831 0.000000 0.645450 76748
car -1 -1 nan nan nan nan nan 1.564688 1.640438 4.134446 -13.579631 -3.460226 -1.174146 0.000000 0.948232 76749
car -1 -1 nan nan nan nan nan 1.361381 1.922459 4.543589 -0.969505 -2.988641 -1.019625 0.000000 0.968341 76751
car -1 -1 nan nan nan nan nan 0.957472 2.964008 0.638079 16.887780 -21.134594 -0.943799 0.000000 0.924997 76752
motorcycle -1 -1 nan nan nan nan nan 0.875005 0.923347 0.940484 15.709852 8.047398 -1.016400 0.000000 0.852189 76738
bicyclist -1 -1 nan nan nan nan nan 1.100052 0.763412 0.821957 38.855398 22.994482 -0.700211 0.000000 0.889055 76739
bicycle -1 -1 nan nan nan nan nan 0.606990 0.374451 1.305294 24.522554 20.350470 -1.120688 0.000000 0.903662 76741
person -1 -1 nan nan nan nan nan 0.493740 0.427697 0.270962 -19.100027 -6.057398 -0.819005 0.000000 0.881143 76736
person -1 -1 nan nan nan nan nan 0.703463 0.484945 0.566051 -1.572938 16.056653 -1.046078 0.000000 0.829102 76750
