car -1 -1 nan nan nan nan nan 1.495699 4.049022 3.781918 -2.646813 17.773129 -1.148447 0.000000 0.947411 77608
car -1 -1 nan nan nan nan nan 0.298073 0.948883 0.715988 -22.935701 -43.405407 -1.234109 0.000000 0.713006 77609
car -1 -1 nan nan nan nan nan 0.866999 0.344489 0.301865 50.306881 -0.607391 -0.067487 0.000000 0.669992 77610
car -1 -1 nan nan nan nan nan 1.411925 1.432901 3.510181 16.675903 -7.064383 -0.952006 0.000000 0.940355 77612
car -1 -1 nan nan nan nan nan 1.415587 3.934093 2.296275 -12.063700 -15.013665 -1.405846 0.000000 0.943361 77613
car -1 -1 nan nan nan nan nan 1.185565 2.510496 3.735042 11.035555 31.645818 -0.876103 0.000000 0.799655 77614
other-vehicle -1 -1 nan nan nan nan nan 1.165006 0.918936 0.946194 35.967360 -12.777410 -0.675104 0.000000 0.710573 77616
car -1 -1 nan nan nan nan nan 0.420857 0.441540 0.803187 -7.939284 34.981119 -1.401606 0.000000 0.498024 77617
car -1 -1 nan nan nan nan nan 1.430626 3.427971 1.935446 -17.210528 -27.306084 -1.561464 0.000000 0.925266 77621
car -1 -1 nan nan nan nan nan 0.736120 0.548383 0.932339 -39.098680 -12.246891 -1.481720 0.000000 0.714361 77624
car -1 -1 nan nan nan nan nan 1.435295 4.181877 1.844984 -14.948964 -21.913626 -1.556085 0.000000 0.935335 77626
car -1 -1 nan nan nan nan nan 1.532816 3.759410 2.330381 -10.232514 -9.969979 -1.296404 0.000000 0.965461 77628
car -1 -1 nan nan nan nan nan 1.527026 2.027414 4.155642 11.385000 -5.869025 -0.934350 0.000000 0.928234 77629
car -1 -1 nan nan nan nan nan 1.274995 0.936633 2.707008 35.256065 -7.571020 -0.719596 0.000000 0.918455 77630
car -1 -1 nan nan nan nan nan 1.437041 2.487647 3.360033 24.617705 -3.972552 -0.710421 0.000000 0.932416 77631
car -1 -1 nan nan nan nan nan 1.501025 1.454988 2.975218 21.359145 -8.592062 -0.717704 0.000000 0.914960 77632
car -1 -1 nan nan nan nan nan 0.276097 0.731148 0.365810 -22.000706 -41.163307 -2.035237 0.000000 0.663150 77638
other-vehicle -1 -1 nan nan nan nan nan 1.100001 0.688328 0.921719 33.862570 -12.624529 -0.629657 0.000000 0.748514 77639
car -1 -1 nan nan nan nan nan 1.334026 0.576983 0.834848 30.241124 -6.094109 -0.700008 0.000000 0.766600 77640
bicycle -1 -1 nan nan nan nan nan 0.764109 1.172306 0.569215 -7.019103 24.379879 -1.441524 0.000000 0.671191 77625
bicycle -1 -1 nan nan nan nan nan 0.723819 0.435877 0.427529 -8.395799 19.323127 -1.231167 0.000000 0.544723 77635
bicycle -1 -1 nan nan nan nan nan 0.893319 0.911656 0.350372 -6.295951 15.923295 -1.280618 0.000000 0.829987 77636
bicycle -1 -1 nan nan nan nan nan 0.746605 0.969320 1.204540 -5.444025 23.075246 -1.212521 0.000000 0.817648 77637
person -1 -1 nan nan nan nan nan 1.257042 0.686684 0.498554 -16.813324 -30.430664 -1.344153 0.000000 0.872354 77633
