car -1 -1 nan nan nan nan nan 1.396076 4.510804 2.946297 -11.873421 16.279954 -1.307155 0.000000 0.913876 77852
car -1 -1 nan nan nan nan nan 1.484156 4.308802 1.152905 -46.456408 -15.321712 -2.019699 0.000000 0.891306 77855
car -1 -1 nan nan nan nan nan 1.485676 1.534888 3.626400 13.294683 -3.394003 -0.966045 0.000000 0.925574 77856
car -1 -1 nan nan nan nan nan 0.445067 0.663371 0.936596 -21.134256 -10.910453 -1.322434 0.000000 0.255904 77857
other-vehicle -1 -1 nan nan nan nan nan 1.339547 1.321264 0.837307 31.394890 -4.304376 -0.716343 0.000000 0.821482 77860
car -1 -1 nan nan nan nan nan 0.897080 0.487747 0.836149 -18.572839 32.447544 -1.262509 0.000000 0.568070 77861
car -1 -1 nan nan nan nan nan 0.947732 4.154282 1.536756 -13.825075 -25.331223 -1.188241 0.000000 0.871430 77864
car -1 -1 nan nan nan nan nan 1.487573 4.086113 3.046077 -4.681612 28.841818 -0.972876 0.000000 0.806570 77865
other-vehicle -1 -1 nan nan nan nan nan 1.375577 1.324476 0.257093 -22.392684 -23.937940 -0.338667 0.000000 0.682540 77867
car -1 -1 nan nan nan nan nan 1.463423 3.748178 1.643578 -11.950970 -12.584369 -1.280120 0.000000 0.963866 77868
car -1 -1 nan nan nan nan nan 1.496473 1.815297 3.685947 20.272240 2.103508 -0.828186 0.000000 0.916944 77869
car -1 -1 nan nan nan nan nan 0.849540 0.284054 0.991338 -1.156013 -23.340864 0.140407 0.000000 0.569335 77870
car -1 -1 nan nan nan nan nan 1.273667 1.397671 3.464703 31.646376 1.648690 -0.682636 0.000000 0.883385 77873
car -1 -1 nan nan nan nan nan 1.100234 4.951577 1.665822 -12.562168 -18.225082 -1.191921 0.000000 0.939496 77874
car -1 -1 nan nan nan nan nan 1.531748 2.052438 4.086920 7.819119 -3.397708 -0.969154 0.000000 0.940319 77875
car -1 -1 nan nan nan nan nan 1.468508 1.102472 2.560736 25.363795 1.810347 -0.733137 0.000000 0.796793 77876
car -1 -1 nan nan nan nan nan 1.693588 1.430615 2.945662 18.275109 -3.572860 -0.782529 0.000000 0.933130 77877
car -1 -1 nan nan nan nan nan 0.283312 1.460597 0.878977 -22.300765 -14.141699 1.018191 0.000000 0.433049 77878
car -1 -1 nan nan nan nan nan 0.738029 3.326326 1.544651 -14.692954 -30.907565 -1.051383 0.000000 0.902305 77879
other-vehicle -1 -1 nan nan nan nan nan 1.217248 0.685747 0.808620 33.368181 -3.548857 -0.668427 0.000000 0.639769 77882
truck -1 -1 nan nan nan nan nan 2.882271 2.553371 5.124874 47.146814 0.932287 0.349070 0.000000 0.736566 77884
bicycle -1 -1 nan nan nan nan nan 0.768512 0.204918 0.526970 7.394890 31.844437 -0.870425 0.000000 0.408594 77858
person -1 -1 nan nan nan nan nan 1.054094 0.526684 0.582642 38.278530 18.851683 -0.378548 0.000000 0.908169 77859
person -1 -1 nan nan nan nan nan 1.042061 0.469291 1.000729 -32.132429 -14.795075 -1.399522 0.000000 0.875644 77866
