car -1 -1 nan nan nan nan nan 1.525395 1.285377 3.011122 19.351918 3.524448 -0.840027 0.000000 0.924992 78165
other-vehicle -1 -1 nan nan nan nan nan 2.698840 4.128351 2.981705 -37.521492 -16.859920 -0.560742 0.000000 0.786372 78166
car -1 -1 nan nan nan nan nan 0.496980 0.745037 0.254707 -26.235420 35.937551 -0.979175 0.000000 0.679854 78167
car -1 -1 nan nan nan nan nan 0.548076 0.813221 0.516899 -17.592518 -26.036856 -0.931550 0.000000 0.676268 78172
car -1 -1 nan nan nan nan nan 0.768213 1.838214 1.354294 -26.099550 -12.941535 -1.490985 0.000000 0.732957 78176
car -1 -1 nan nan nan nan nan 1.010182 1.510988 1.239114 -14.799756 20.468179 -1.471187 0.000000 0.671689 78177
other-vehicle -1 -1 nan nan nan nan nan 0.605845 0.666497 0.928768 -22.610090 -0.948319 -0.835386 0.000000 0.614729 78178
car -1 -1 nan nan nan nan nan 1.496446 1.814367 3.680801 7.505278 -2.606672 -0.981434 0.000000 0.881360 78179
other-vehicle -1 -1 nan nan nan nan nan 0.792499 0.862299 0.200695 -27.275614 18.807763 -1.655765 0.000000 0.586772 78180
other-vehicle -1 -1 nan nan nan nan nan 1.186067 0.888239 0.975069 27.511840 -1.392368 -0.768441 0.000000 0.757379 78181
truck -1 -1 nan nan nan nan nan 2.740758 2.527647 4.915443 40.916126 4.288624 0.309738 0.000000 0.654699 78182
car -1 -1 nan nan nan nan nan 0.880788 3.422139 1.607864 -16.969315 -13.625801 -0.958712 0.000000 0.949683 78183
car -1 -1 nan nan nan nan nan 1.329662 1.507413 3.488426 25.386818 3.769492 -0.823894 0.000000 0.900680 78184
car -1 -1 nan nan nan nan nan 1.484838 1.594887 4.156602 2.127173 -2.754011 -0.986677 0.000000 0.947878 78185
car -1 -1 nan nan nan nan nan 0.723782 1.981947 1.509670 -17.344660 -18.005187 -1.007732 0.000000 0.928074 78186
car -1 -1 nan nan nan nan nan 1.575546 1.853377 3.856881 14.083604 3.451377 -0.894021 0.000000 0.948865 78187
car -1 -1 nan nan nan nan nan 1.470654 4.583485 2.686495 -19.004964 15.319307 -1.479780 0.000000 0.922412 78188
car -1 -1 nan nan nan nan nan 1.708590 1.794470 3.113011 12.390573 -2.413656 -0.812695 0.000000 0.950162 78190
other-vehicle -1 -1 nan nan nan nan nan 1.220396 1.285330 0.869371 25.531775 -2.196074 -0.760944 0.000000 0.757917 78197
motorcyclist -1 -1 nan nan nan nan nan 0.606598 1.153289 0.689911 49.711113 3.032261 -0.794888 0.000000 0.842899 78169
bicycle -1 -1 nan nan nan nan nan 0.320220 1.179429 0.207098 -24.952348 15.209209 -1.607814 0.000000 0.434002 78189
bicyclist -1 -1 nan nan nan nan nan 1.291035 0.537139 0.647427 43.900526 1.464878 -0.301060 0.000000 0.891713 78191
bicyclist -1 -1 nan nan nan nan nan 0.506839 0.472218 0.530403 -23.953276 32.934626 -1.358855 0.000000 0.797352 78192
bicycle -1 -1 nan nan nan nan nan 0.642164 0.972416 0.714607 -24.447365 11.674198 -1.634085 0.000000 0.819308 78194
person -1 -1 nan nan nan nan nan 0.675928 0.465229 0.246582 30.818497 21.415329 -0.670419 0.000000 0.830194 78173
person -1 -1 nan nan nan nan nan 1.549006 0.598413 0.678777 -0.908554 31.880290 -0.842131 0.000000 0.880683 78175
