car -1 -1 nan nan nan nan nan 1.463433 1.718704 3.669474 3.622538 -2.450221 -0.986272 0.000000 0.955228 78359
other-vehicle -1 -1 nan nan nan nan nan 1.264008 1.248997 1.208254 23.704051 -1.366497 -0.610973 0.000000 0.763855 78364
car -1 -1 nan nan nan nan nan 0.982929 2.329837 1.540968 -20.782506 -13.192899 -1.231803 0.000000 0.922981 78365
car -1 -1 nan nan nan nan nan 1.554755 1.520977 0.419533 -18.296129 18.770845 -1.579897 0.000000 0.468355 78366
car -1 -1 nan nan nan nan nan 0.346099 1.129563 1.095474 -39.407234 -0.424964 -2.832532 0.000000 0.761613 78369
truck -1 -1 nan nan nan nan nan 2.259128 2.575020 3.905754 36.432770 4.635516 0.389706 0.000000 0.455612 78370
car -1 -1 nan nan nan nan nan 1.497013 1.383967 3.286977 15.306194 3.684957 -0.768754 0.000000 0.914590 78371
car -1 -1 nan nan nan nan nan 1.346045 1.555997 3.699810 21.504759 4.005991 -0.643055 0.000000 0.927444 78375
car -1 -1 nan nan nan nan nan 1.618975 1.797947 4.009387 10.138607 3.471905 -0.846053 0.000000 0.933605 78378
car -1 -1 nan nan nan nan nan 1.444391 3.671911 2.026402 -22.830513 14.701930 -1.750401 0.000000 0.932236 78379
car -1 -1 nan nan nan nan nan 1.488880 1.652978 4.170256 -1.464961 -2.827508 -1.046409 0.000000 0.961260 78381
car -1 -1 nan nan nan nan nan 1.769245 1.852921 3.263700 8.455688 -2.368416 -0.797713 0.000000 0.904416 78382
car -1 -1 nan nan nan nan nan 0.323041 0.957007 0.305363 45.548632 3.586535 -0.594302 0.000000 0.745295 78384
other-vehicle -1 -1 nan nan nan nan nan 1.357056 1.265998 0.881853 21.667138 -1.979994 -0.643416 0.000000 0.677537 78387
truck -1 -1 nan nan nan nan nan 2.651778 4.269181 2.777588 -41.302166 -17.264757 -0.950187 0.000000 0.864033 78389
bicycle -1 -1 nan nan nan nan nan 0.609605 1.184181 0.554018 -29.137338 14.995581 -1.933047 0.000000 0.585263 78380
bicyclist -1 -1 nan nan nan nan nan 1.584199 1.016987 0.775301 -26.539937 34.599764 -1.993489 0.000000 0.784678 78383
bicyclist -1 -1 nan nan nan nan nan 1.157000 0.533006 0.704155 37.001839 2.329513 0.003588 0.000000 0.888122 78385
person -1 -1 nan nan nan nan nan 1.272092 0.313857 0.244604 -26.501084 4.428235 -1.471088 0.000000 0.499972 78363
