car -1 -1 nan nan nan nan nan 1.426606 4.449537 3.413470 -7.042926 17.291656 -0.998243 0.000000 0.951540 77720
car -1 -1 nan nan nan nan nan 0.864411 3.587532 1.088066 -46.121113 -13.963979 -2.137464 0.000000 0.846169 77722
car -1 -1 nan nan nan nan nan 1.379548 1.371190 3.480288 15.480189 -5.049192 -1.075258 0.000000 0.938000 77724
car -1 -1 nan nan nan nan nan 1.504383 3.805273 1.978309 -10.817438 -11.308650 -1.336493 0.000000 0.958986 77726
other-vehicle -1 -1 nan nan nan nan nan 1.298999 0.752689 0.848858 35.354795 -7.940345 -0.945553 0.000000 0.727125 77727
car -1 -1 nan nan nan nan nan 1.481859 3.935736 3.502641 3.367935 31.489568 -0.580416 0.000000 0.899128 77728
car -1 -1 nan nan nan nan nan 0.575314 0.358448 0.254253 -30.719276 -11.076908 -1.562069 0.000000 0.665341 77731
other-vehicle -1 -1 nan nan nan nan nan 1.694559 1.844824 0.519953 -22.553432 -21.464641 -0.167452 0.000000 0.484121 77733
car -1 -1 nan nan nan nan nan 1.270656 0.705642 2.476261 28.250540 -2.037929 -0.825479 0.000000 0.639977 77734
car -1 -1 nan nan nan nan nan 1.175192 2.347734 1.980055 -20.944745 -12.186923 0.464157 0.000000 0.487761 77736
car -1 -1 nan nan nan nan nan 1.171145 4.323727 1.858500 -14.113593 -23.747807 -1.598031 0.000000 0.913843 77737
car -1 -1 nan nan nan nan nan 1.249757 4.320141 2.064334 -12.023771 -16.569635 -1.446973 0.000000 0.946249 77740
car -1 -1 nan nan nan nan nan 1.533738 1.886003 4.274171 10.126968 -4.446193 -1.035929 0.000000 0.934549 77741
car -1 -1 nan nan nan nan nan 1.175928 0.729776 2.011131 33.521183 -2.906570 -0.865571 0.000000 0.918120 77742
car -1 -1 nan nan nan nan nan 1.481565 2.141177 3.519772 23.039360 -0.737372 -0.860439 0.000000 0.914512 77744
car -1 -1 nan nan nan nan nan 1.639305 1.485049 3.089663 20.458203 -6.000803 -0.894021 0.000000 0.930609 77745
car -1 -1 nan nan nan nan nan 0.869788 2.086979 1.054895 -15.866057 -29.937401 -1.501594 0.000000 0.647324 77749
other-vehicle -1 -1 nan nan nan nan nan 1.445436 1.159152 0.963081 33.305229 -8.382022 -0.994062 0.000000 0.822145 77750
bicycle -1 -1 nan nan nan nan nan 0.991424 1.716274 1.387091 -13.463428 18.321341 -0.985992 0.000000 0.891583 77743
bicycle -1 -1 nan nan nan nan nan 0.839870 1.397783 0.474102 -10.394319 14.684458 -1.095998 0.000000 0.861066 77746
bicycle -1 -1 nan nan nan nan nan 0.470104 0.817223 1.166514 -10.420370 21.957253 -0.937831 0.000000 0.848644 77748
bicyclist -1 -1 nan nan nan nan nan 1.178970 0.488151 0.747673 48.119843 5.968337 -0.231907 0.000000 0.860218 77751
person -1 -1 nan nan nan nan nan 0.866019 0.272863 0.583687 -14.541713 -32.097817 -1.347462 0.000000 0.830248 77723
