car -1 -1 nan nan nan nan nan 1.537916 3.439739 1.795120 -3.223269 -23.173483 -0.035971 0.000000 0.901058 76236
truck -1 -1 nan nan nan nan nan 0.546979 0.379662 0.430016 -27.501768 41.071922 1.577930 0.000000 0.309406 76237
car -1 -1 nan nan nan nan nan 1.435090 1.552975 3.938627 18.837102 -3.991911 -0.983974 0.000000 0.963417 76239
car -1 -1 nan nan nan nan nan 0.400223 2.098279 1.812480 -16.237935 -6.595797 -0.456191 0.000000 0.852858 76241
car -1 -1 nan nan nan nan nan 1.176834 2.268088 2.493742 -26.560998 -13.104455 -1.034261 0.000000 0.902903 76246
car -1 -1 nan nan nan nan nan 1.537254 1.707948 3.902756 11.640928 -3.633441 -0.984783 0.000000 0.947147 76248
car -1 -1 nan nan nan nan nan 1.599273 1.960257 3.950743 -9.897119 -3.793990 -1.041251 0.000000 0.941900 76249
car -1 -1 nan nan nan nan nan 1.466077 0.920876 3.153061 24.623310 -4.092780 -0.868564 0.000000 0.847540 76250
car -1 -1 nan nan nan nan nan 1.577600 1.754011 3.964853 6.031054 -3.355164 -0.967340 0.000000 0.966329 76251
other-vehicle -1 -1 nan nan nan nan nan 2.652902 1.550199 0.932938 39.946381 1.619842 -0.026646 0.000000 0.886682 76252
bicycle -1 -1 nan nan nan nan nan 0.441984 0.207417 0.231068 37.369131 5.373478 -1.469715 0.000000 0.838498 76244
person -1 -1 nan nan nan nan nan 1.530942 0.552978 0.655817 -0.948661 -5.189385 -0.888299 0.000000 0.944962 76243
