car -1 -1 nan nan nan nan nan 1.803011 1.798465 3.979475 10.728343 -3.515810 -0.834287 0.000000 0.950905 76254
car -1 -1 nan nan nan nan nan 0.541904 1.164229 0.536591 49.006451 0.674291 -1.092943 0.000000 0.772698 76256
car -1 -1 nan nan nan nan nan 1.558299 3.701899 1.934005 -3.899942 -23.302024 -0.038709 0.000000 0.941868 76257
car -1 -1 nan nan nan nan nan 1.591901 1.995487 4.028399 -10.775527 -3.901726 -1.058681 0.000000 0.953850 76259
car -1 -1 nan nan nan nan nan 1.489927 1.375510 2.968330 23.547903 -4.017926 -0.869271 0.000000 0.865004 76261
car -1 -1 nan nan nan nan nan 1.214737 2.671442 2.479374 -27.429758 -13.644517 -1.057611 0.000000 0.882531 76263
other-vehicle -1 -1 nan nan nan nan nan 1.913021 1.038989 0.749672 39.075249 1.902133 -0.354366 0.000000 0.725013 76264
car -1 -1 nan nan nan nan nan 1.015859 2.161263 2.001581 -17.158700 -7.005028 -0.775312 0.000000 0.889186 76266
car -1 -1 nan nan nan nan nan 1.380030 1.519666 3.971083 17.888810 -3.759258 -0.938151 0.000000 0.928737 76267
car -1 -1 nan nan nan nan nan 1.602407 2.079294 4.079472 5.146197 -3.411510 -0.960288 0.000000 0.973484 76268
car -1 -1 nan nan nan nan nan 1.728009 0.421811 0.611622 41.307535 1.263910 -0.525895 0.000000 0.141631 76270
bicycle -1 -1 nan nan nan nan nan 0.652802 0.361838 0.874983 -21.305696 7.136021 -1.273438 0.000000 0.821266 76258
person -1 -1 nan nan nan nan nan 1.557817 0.534669 0.645541 -1.818188 -5.204371 -0.919935 0.000000 0.945529 76269
