truck -1 -1 nan nan nan nan nan 3.057484 4.743136 4.139767 -46.286589 1.338246 -1.136128 0.000000 0.882092 81344
car -1 -1 nan nan nan nan nan 1.510702 1.835980 3.442581 -29.773899 0.563684 -1.687256 0.000000 0.768642 81348
car -1 -1 nan nan nan nan nan 1.209970 0.577022 2.009743 31.555386 2.819425 -0.447095 0.000000 0.762111 81350
car -1 -1 nan nan nan nan nan 0.554485 1.252439 1.721393 -0.255449 -28.285895 -0.124402 0.000000 0.813392 81352
car -1 -1 nan nan nan nan nan 1.326748 3.677152 3.111411 -14.050060 -6.552882 -1.225324 0.000000 0.917976 81353
car -1 -1 nan nan nan nan nan 1.340781 2.249964 3.287998 -38.107927 4.807546 -2.164730 0.000000 0.861830 81354
car -1 -1 nan nan nan nan nan 1.183958 1.368970 1.287056 40.263412 2.875361 -0.258996 0.000000 0.798389 81358
car -1 -1 nan nan nan nan nan 1.495495 1.682786 3.407862 4.762440 3.298682 -0.963591 0.000000 0.944308 81359
car -1 -1 nan nan nan nan nan 1.459513 1.821243 3.537907 -6.422580 3.843956 -1.237954 0.000000 0.941728 81361
car -1 -1 nan nan nan nan nan 0.401371 2.448460 2.264238 -2.581335 -23.776293 -0.336001 0.000000 0.801768 81362
car -1 -1 nan nan nan nan nan 1.734082 3.355758 3.228370 -8.883667 -14.605919 -0.888760 0.000000 0.949522 81363
car -1 -1 nan nan nan nan nan 1.331023 1.568987 3.301016 24.938411 3.023493 -0.498723 0.000000 0.903893 81364
car -1 -1 nan nan nan nan nan 1.354048 3.152358 2.670599 -11.413758 -10.622253 -1.077064 0.000000 0.925616 81365
car -1 -1 nan nan nan nan nan 1.505413 1.605355 3.408803 -11.363823 3.903408 -1.365094 0.000000 0.926055 81370
bicyclist -1 -1 nan nan nan nan nan 1.443014 0.506043 1.755014 13.893856 2.145214 -0.626039 0.000000 0.951111 81345
bicyclist -1 -1 nan nan nan nan nan 1.423001 0.521010 1.505283 23.171453 -0.965510 -0.269467 0.000000 0.938216 81355
bicycle -1 -1 nan nan nan nan nan 1.039975 0.942319 1.614682 6.119686 -16.013969 -0.144668 0.000000 0.884048 81356
person -1 -1 nan nan nan nan nan 1.033100 1.397258 1.729177 12.444195 -8.829533 -0.069128 0.000000 0.838595 81357
person -1 -1 nan nan nan nan nan 1.117118 1.604024 1.923695 13.896822 -12.065064 0.279851 0.000000 0.804973 81366
