car -1 -1 nan nan nan nan nan 1.551424 1.737557 3.705650 3.811865 3.614400 -1.003718 0.000000 0.941765 80713
car -1 -1 nan nan nan nan nan 0.930490 0.698248 0.297638 -47.370560 -15.951245 -1.901819 0.000000 0.482267 80714
car -1 -1 nan nan nan nan nan 1.373935 2.570535 3.826078 -22.665036 1.985746 -1.456130 0.000000 0.952129 80719
car -1 -1 nan nan nan nan nan 0.857727 1.651634 0.943954 -46.967457 3.601899 -0.887461 0.000000 0.756032 80720
car -1 -1 nan nan nan nan nan 1.293634 2.951913 2.921237 8.684734 -14.197055 -1.172254 0.000000 0.959788 80721
car -1 -1 nan nan nan nan nan 1.420738 1.740402 3.652039 20.379045 4.687112 -0.803971 0.000000 0.894102 80722
car -1 -1 nan nan nan nan nan 0.223844 0.405174 0.234234 32.116526 -30.817102 -0.856880 0.000000 0.612784 80726
car -1 -1 nan nan nan nan nan 1.421149 3.096362 3.414925 2.312684 -6.583055 -1.111356 0.000000 0.913457 80727
car -1 -1 nan nan nan nan nan 1.090163 3.256907 3.110210 -43.007143 -12.338180 -1.788803 0.000000 0.910044 80730
car -1 -1 nan nan nan nan nan 1.522297 3.133519 3.083677 -27.861083 -5.901020 -1.491550 0.000000 0.828712 80731
car -1 -1 nan nan nan nan nan 1.458810 1.967769 3.818964 8.671068 4.113937 -0.967034 0.000000 0.955311 80732
car -1 -1 nan nan nan nan nan 1.444220 2.126692 2.490831 11.897903 -18.403621 -1.229860 0.000000 0.941915 80733
car -1 -1 nan nan nan nan nan 1.441358 2.710163 2.846890 5.630348 -10.698605 -1.113711 0.000000 0.925699 80734
other-vehicle -1 -1 nan nan nan nan nan 0.522968 0.638420 1.299068 24.470840 -33.840427 -1.405569 0.000000 0.755569 80738
other-vehicle -1 -1 nan nan nan nan nan 0.862735 1.552456 1.988974 18.924949 -27.397793 -0.914776 0.000000 0.781155 80739
car -1 -1 nan nan nan nan nan 0.811898 0.548399 0.394543 30.298418 -32.249494 -1.369727 0.000000 0.785983 80741
car -1 -1 nan nan nan nan nan 1.125266 1.591719 1.596354 15.462188 -22.553298 -1.250138 0.000000 0.880387 80742
truck -1 -1 nan nan nan nan nan 3.386802 5.580446 5.843828 -30.376967 -2.678365 -0.564322 0.000000 0.870505 80743
car -1 -1 nan nan nan nan nan 0.895099 1.879850 1.015930 -49.083130 1.961763 -0.634822 0.000000 0.670736 80744
car -1 -1 nan nan nan nan nan 0.708024 1.472237 1.372868 39.581690 6.375141 -0.717235 0.000000 0.639576 80746
bicyclist -1 -1 nan nan nan nan nan 1.384976 0.569127 0.897367 32.167157 1.665830 -0.536770 0.000000 0.919602 80724
bicyclist -1 -1 nan nan nan nan nan 0.989054 0.435080 0.447060 39.822487 4.756371 -0.351436 0.000000 0.875915 80729
person -1 -1 nan nan nan nan nan 0.563010 0.284013 0.275412 31.576488 -9.055863 0.027534 0.000000 0.783406 80735
