car -1 -1 nan nan nan nan nan 0.326925 1.286602 0.806284 14.864528 -18.821438 -1.007914 0.000000 0.810097 80532
car -1 -1 nan nan nan nan nan 0.582876 1.228779 1.045074 36.515068 -30.873571 -1.354760 0.000000 0.833058 80537
car -1 -1 nan nan nan nan nan 1.261370 1.832795 3.197458 24.453422 4.231545 -0.950879 0.000000 0.948257 80538
car -1 -1 nan nan nan nan nan 1.420344 3.096522 2.954440 5.887619 -6.672532 -1.164448 0.000000 0.947441 80540
car -1 -1 nan nan nan nan nan 0.920382 0.739750 0.689419 -35.128061 -14.590707 -1.198554 0.000000 0.820032 80543
car -1 -1 nan nan nan nan nan 1.403319 1.693489 3.488312 12.870749 3.749374 -1.023575 0.000000 0.932682 80545
car -1 -1 nan nan nan nan nan 0.239897 0.634195 0.322195 21.522901 -27.619670 -1.033991 0.000000 0.581677 80547
car -1 -1 nan nan nan nan nan 1.617127 3.210473 3.037199 -27.402299 -7.348008 -1.172156 0.000000 0.756952 80548
car -1 -1 nan nan nan nan nan 1.446616 2.674324 4.201168 -18.643797 2.358098 -1.115605 0.000000 0.957320 80550
car -1 -1 nan nan nan nan nan 0.699004 2.880968 1.139038 11.581158 -14.753572 -0.827813 0.000000 0.863806 80551
car -1 -1 nan nan nan nan nan 0.259658 0.504237 0.723579 -40.507072 -12.887130 -1.745603 0.000000 0.521157 80552
truck -1 -1 nan nan nan nan nan 2.986995 5.639111 6.105564 -26.304880 -2.091347 -0.266953 0.000000 0.871858 80553
car -1 -1 nan nan nan nan nan 1.495243 1.647257 3.696052 7.968041 3.486984 -0.985160 0.000000 0.949939 80554
car -1 -1 nan nan nan nan nan 0.899382 1.250621 1.719167 8.632489 -10.814867 -0.958019 0.000000 0.725056 80555
car -1 -1 nan nan nan nan nan 0.605349 1.352098 0.700279 -43.585979 -14.730206 -1.499966 0.000000 0.881745 80558
car -1 -1 nan nan nan nan nan 1.050903 0.926400 1.744556 43.904016 5.510932 -0.949979 0.000000 0.622212 80559
car -1 -1 nan nan nan nan nan 1.158798 1.392673 1.758877 34.369295 -33.027773 -1.912536 0.000000 0.705510 80560
car -1 -1 nan nan nan nan nan 0.314354 0.467340 0.755997 -45.094318 2.736321 0.423077 0.000000 0.498975 80561
bicyclist -1 -1 nan nan nan nan nan 1.165088 0.516788 0.553535 46.951363 3.886953 -1.035693 0.000000 0.860844 80534
bicycle -1 -1 nan nan nan nan nan 0.535943 0.330336 0.837244 27.442166 -15.149557 -1.288903 0.000000 0.792012 80542
bicyclist -1 -1 nan nan nan nan nan 1.272961 0.620958 1.166798 34.686316 0.767185 -0.916120 0.000000 0.861544 80546
motorcycle -1 -1 nan nan nan nan nan 0.871745 0.742757 1.469042 -18.593558 -7.857707 -1.317475 0.000000 0.921811 80562
