car -1 -1 nan nan nan nan nan 1.282959 2.265097 3.178377 27.569697 -4.070931 -1.163009 0.000000 0.932243 79940
other-vehicle -1 -1 nan nan nan nan nan 1.137159 1.009396 1.543486 -0.107509 -22.490103 -1.075337 0.000000 0.826021 79942
truck -1 -1 nan nan nan nan nan 2.258293 3.977834 6.380571 -7.020679 3.610146 -0.621227 0.000000 0.864817 79943
car -1 -1 nan nan nan nan nan 1.222189 0.569185 1.031788 -22.044619 -31.941714 -1.894202 0.000000 0.714822 79944
other-vehicle -1 -1 nan nan nan nan nan 1.323996 1.294467 1.062626 -19.273357 -5.562531 -0.981278 0.000000 0.787563 79946
car -1 -1 nan nan nan nan nan 1.255018 0.712657 1.096590 22.062873 -11.816947 -1.218585 0.000000 0.879872 79947
car -1 -1 nan nan nan nan nan 1.336542 2.351691 3.416483 -27.833495 -2.264689 -0.848041 0.000000 0.872724 79948
car -1 -1 nan nan nan nan nan 1.498217 1.626999 3.915161 2.289522 4.415890 -1.094897 0.000000 0.963817 79950
car -1 -1 nan nan nan nan nan 1.378335 2.581589 4.804363 -21.426781 -0.630217 -0.932857 0.000000 0.938006 79952
car -1 -1 nan nan nan nan nan 1.087998 0.989348 2.872633 31.965062 -5.988443 -1.194488 0.000000 0.915071 79954
car -1 -1 nan nan nan nan nan 0.452734 1.430282 1.334152 -33.492283 -9.963550 -0.293150 0.000000 0.839201 79955
car -1 -1 nan nan nan nan nan 1.503852 1.702622 2.736103 -32.948309 -4.132911 -0.800628 0.000000 0.904445 79956
car -1 -1 nan nan nan nan nan 1.234988 1.798792 2.185081 42.849392 -9.361170 -1.340963 0.000000 0.774188 79957
car -1 -1 nan nan nan nan nan 1.486573 2.397008 3.184446 -27.404223 -6.013897 -0.761214 0.000000 0.858685 79958
car -1 -1 nan nan nan nan nan 1.179026 0.676530 0.596027 -20.738707 -6.948820 -0.846839 0.000000 0.804230 79961
bicyclist -1 -1 nan nan nan nan nan 0.927060 0.579271 0.513439 -37.206312 -6.436697 -0.553896 0.000000 0.913996 79941
bicyclist -1 -1 nan nan nan nan nan 1.416002 0.652726 1.188427 44.084818 -13.333488 -1.147440 0.000000 0.855046 79945
bicycle -1 -1 nan nan nan nan nan 0.548900 0.277258 0.524221 -27.122287 -11.834666 -1.021019 0.000000 0.730814 79949
person -1 -1 nan nan nan nan nan 1.018013 0.567200 0.326778 38.758722 -15.787481 -0.630418 0.000000 0.861402 79953
