truck -1 -1 nan nan nan nan nan 2.092996 3.008962 6.437083 -0.602331 4.046876 -0.661853 0.000000 0.820228 79738
car -1 -1 nan nan nan nan nan 1.159024 2.055081 1.962505 47.006666 -15.245637 0.390607 0.000000 0.686723 79739
car -1 -1 nan nan nan nan nan 1.438966 0.629937 1.726379 -39.060963 -6.610398 -2.005796 0.000000 0.664594 79741
car -1 -1 nan nan nan nan nan 1.538331 2.347798 4.147532 -15.894124 2.099959 -1.534266 0.000000 0.900981 79745
car -1 -1 nan nan nan nan nan 1.230306 1.678699 2.952599 36.898659 -11.021779 -0.020328 0.000000 0.864997 79747
car -1 -1 nan nan nan nan nan 1.480392 2.052980 3.722836 8.779276 3.689410 -0.859542 0.000000 0.965720 79749
car -1 -1 nan nan nan nan nan 1.535531 1.940324 3.944212 -22.648519 1.034915 -1.673777 0.000000 0.918184 79751
other-vehicle -1 -1 nan nan nan nan nan 1.283503 1.251186 1.079195 -13.744390 -3.140700 -1.393049 0.000000 0.781712 79753
car -1 -1 nan nan nan nan nan 1.156847 2.528034 2.973198 32.686710 -8.435655 -0.264028 0.000000 0.909110 79755
car -1 -1 nan nan nan nan nan 1.471065 1.504908 2.266674 -28.337645 -5.491778 -1.608962 0.000000 0.879540 79757
car -1 -1 nan nan nan nan nan 1.353819 1.793904 2.948606 -27.042899 -2.886342 -1.529344 0.000000 0.755200 79759
car -1 -1 nan nan nan nan nan 1.371441 2.050931 2.704912 -26.744172 0.087094 -1.691435 0.000000 0.887799 79760
car -1 -1 nan nan nan nan nan 0.622869 1.126522 0.293858 -4.169201 -34.663214 -2.443960 0.000000 0.571702 79761
car -1 -1 nan nan nan nan nan 0.322970 0.739826 0.840340 40.198776 -22.666821 0.508812 0.000000 0.679174 79762
bicyclist -1 -1 nan nan nan nan nan 1.428877 1.002219 1.097740 -28.539993 -0.945945 -1.562451 0.000000 0.465346 79746
bicyclist -1 -1 nan nan nan nan nan 0.576963 0.369465 0.692120 45.471357 -18.814299 0.413338 0.000000 0.863585 79758
person -1 -1 nan nan nan nan nan 0.929944 0.517746 0.422066 42.023705 -21.537590 0.815072 0.000000 0.834192 79763
