car -1 -1 nan nan nan nan nan 1.473168 2.068565 3.139538 -27.433121 -5.384661 -0.818939 0.000000 0.843652 79913
car -1 -1 nan nan nan nan nan 1.469365 1.710634 3.884421 3.253325 4.361751 -1.060379 0.000000 0.955777 79916
car -1 -1 nan nan nan nan nan 1.162564 0.668034 1.094685 -21.498587 -31.349842 -1.910511 0.000000 0.834265 79917
car -1 -1 nan nan nan nan nan 1.298855 0.576821 1.281216 22.536545 -12.316380 -1.255337 0.000000 0.857881 79918
car -1 -1 nan nan nan nan nan 1.126009 1.222604 2.904509 32.720895 -6.959954 -1.230831 0.000000 0.907901 79921
truck -1 -1 nan nan nan nan nan 2.197803 3.790309 6.437686 -6.078029 3.753802 -0.602930 0.000000 0.832297 79922
other-vehicle -1 -1 nan nan nan nan nan 1.165927 1.302714 1.080627 -18.593321 -5.102677 -0.926084 0.000000 0.673262 79923
car -1 -1 nan nan nan nan nan 1.512376 2.618339 4.621365 -20.780905 -0.059437 -0.953130 0.000000 0.934330 79926
car -1 -1 nan nan nan nan nan 1.324592 2.279667 3.071611 28.242803 -4.845392 -1.202935 0.000000 0.941666 79927
other-vehicle -1 -1 nan nan nan nan nan 0.517529 0.277515 0.556517 0.362856 -22.107809 -1.584997 0.000000 0.661435 79929
car -1 -1 nan nan nan nan nan 0.441997 1.342048 1.070084 -33.013863 -9.193738 -0.359211 0.000000 0.848414 79930
car -1 -1 nan nan nan nan nan 1.546138 2.125071 3.482370 -31.888114 -3.185289 -0.884963 0.000000 0.952705 79931
car -1 -1 nan nan nan nan nan 1.265081 1.495649 1.709469 43.226263 -10.223214 -1.367261 0.000000 0.823329 79933
car -1 -1 nan nan nan nan nan 1.386687 1.999134 3.701609 -27.113563 -1.901195 -0.919980 0.000000 0.885919 79934
other-vehicle -1 -1 nan nan nan nan nan 1.124517 0.728287 0.564186 -20.077988 -6.504348 -0.852703 0.000000 0.614403 79936
bicyclist -1 -1 nan nan nan nan nan 1.132983 0.533956 0.784485 44.013813 -14.352110 -1.006035 0.000000 0.840421 79914
bicyclist -1 -1 nan nan nan nan nan 1.374086 0.646624 0.629238 -36.017168 -5.471426 -0.616391 0.000000 0.893762 79924
person -1 -1 nan nan nan nan nan 1.035917 0.487576 0.326839 39.207949 -16.742111 -0.639336 0.000000 0.855362 79928
