truck -1 -1 nan nan nan nan nan 2.250160 2.736672 6.670692 4.649160 3.913049 -0.636720 0.000000 0.877808 79572
car -1 -1 nan nan nan nan nan 1.103998 1.723837 2.677387 41.338182 -13.118073 -0.413025 0.000000 0.831676 79575
car -1 -1 nan nan nan nan nan 1.491912 1.804556 2.984127 -23.520765 -4.150472 -1.161586 0.000000 0.936971 79576
car -1 -1 nan nan nan nan nan 0.344125 1.451769 0.852780 4.132545 -26.503943 -2.077266 0.000000 0.807860 79577
car -1 -1 nan nan nan nan nan 1.483555 1.981885 4.258621 -10.601974 2.887464 -1.244225 0.000000 0.921236 79578
car -1 -1 nan nan nan nan nan 1.167921 0.956910 2.204815 -33.969427 -4.658859 -1.270518 0.000000 0.889790 79579
car -1 -1 nan nan nan nan nan 1.420044 2.294179 3.853739 14.252883 3.100135 -0.972178 0.000000 0.962490 79580
other-vehicle -1 -1 nan nan nan nan nan 1.253034 1.220984 1.085051 -10.856317 -3.211992 -1.060935 0.000000 0.780653 79585
car -1 -1 nan nan nan nan nan 0.580390 0.454234 0.771198 -46.872797 -10.013690 -1.607372 0.000000 0.590121 79587
car -1 -1 nan nan nan nan nan 1.366408 2.372706 2.864183 -21.459025 1.395362 -1.298292 0.000000 0.808961 79589
other-vehicle -1 -1 nan nan nan nan nan 1.396231 1.272128 1.199589 -8.949334 -2.522345 -1.146421 0.000000 0.742921 79591
car -1 -1 nan nan nan nan nan 1.512785 1.750216 3.347339 -16.869000 2.294478 -1.298505 0.000000 0.914589 79592
car -1 -1 nan nan nan nan nan 0.910898 1.680744 2.387188 37.048414 -9.902161 -0.560501 0.000000 0.760006 79593
car -1 -1 nan nan nan nan nan 1.552729 2.029964 2.984766 -26.604865 -1.795802 -1.270258 0.000000 0.798595 79595
car -1 -1 nan nan nan nan nan 1.131762 0.450917 1.583590 -28.303967 -3.903814 -1.283293 0.000000 0.432100 79596
car -1 -1 nan nan nan nan nan 0.238992 0.328340 0.224285 38.290880 -11.562417 -0.959472 0.000000 0.311911 79597
bicycle -1 -1 nan nan nan nan nan 0.403994 0.232245 0.207634 35.960785 -7.536190 -0.768066 0.000000 0.466207 79583
bicyclist -1 -1 nan nan nan nan nan 1.519848 0.838948 1.380749 -19.781406 0.892757 -1.194228 0.000000 0.800233 79590
