car -1 -1 nan nan nan nan nan 1.776433 1.787267 4.570400 6.073990 3.473230 -0.912940 0.000000 0.943381 79038
car -1 -1 nan nan nan nan nan 0.912192 0.489288 2.536280 4.390818 -48.865498 -1.824481 0.000000 0.812805 79039
other-vehicle -1 -1 nan nan nan nan nan 1.517358 1.990068 1.913956 -43.091213 0.136150 -1.661082 0.000000 0.886981 79040
car -1 -1 nan nan nan nan nan 1.079885 2.120571 3.057465 31.029427 1.337099 -0.774145 0.000000 0.869981 79043
car -1 -1 nan nan nan nan nan 1.536312 1.603454 3.897764 -17.352113 -2.217501 -1.265095 0.000000 0.918520 79044
car -1 -1 nan nan nan nan nan 1.955024 1.910415 3.648811 -5.155530 3.421620 -0.955188 0.000000 0.964493 79046
car -1 -1 nan nan nan nan nan 1.585529 3.541347 3.818745 -26.958632 4.164289 -1.616428 0.000000 0.842695 79047
truck -1 -1 nan nan nan nan nan 2.511370 2.926143 6.524689 21.885664 3.212918 -0.210893 0.000000 0.806969 79048
other-vehicle -1 -1 nan nan nan nan nan 0.805861 0.988041 0.813622 -43.892555 6.702297 -0.817622 0.000000 0.771327 79049
car -1 -1 nan nan nan nan nan 1.736413 1.729445 3.759145 -7.212082 -2.330076 -0.993618 0.000000 0.949285 79052
car -1 -1 nan nan nan nan nan 1.203437 4.347689 2.108772 -37.901608 16.807738 -2.230332 0.000000 0.908926 79053
car -1 -1 nan nan nan nan nan 1.455652 1.277141 3.644345 -11.949939 -2.036469 -1.232220 0.000000 0.944075 79054
car -1 -1 nan nan nan nan nan 1.592921 1.676789 3.765873 -0.351339 3.465409 -0.741633 0.000000 0.930398 79055
other-vehicle -1 -1 nan nan nan nan nan 1.371887 1.271314 1.013685 7.557743 -2.086791 -0.905620 0.000000 0.709998 79059
bicycle -1 -1 nan nan nan nan nan 0.864037 1.440235 1.093376 4.501881 -23.307793 -1.163796 0.000000 0.945409 79042
motorcycle -1 -1 nan nan nan nan nan 1.435085 1.263443 1.070086 5.665377 -2.556685 -0.863915 0.000000 0.624047 79051
bicyclist -1 -1 nan nan nan nan nan 1.593045 0.635614 1.435567 8.225414 2.147709 -0.817047 0.000000 0.953832 79057
person -1 -1 nan nan nan nan nan 1.153030 0.246216 0.314329 3.471555 47.580235 -1.627728 0.000000 0.840531 79041
person -1 -1 nan nan nan nan nan 0.775960 0.470957 0.422745 -38.966751 21.835807 -2.173290 0.000000 0.747390 79045
