truck -1 -1 nan nan nan nan nan 3.101674 5.206383 5.913641 -19.411813 -0.037671 -0.653403 0.000000 0.547190 80282
car -1 -1 nan nan nan nan nan 1.416907 2.300883 2.130120 12.540508 -7.198639 -0.801238 0.000000 0.861922 80285
car -1 -1 nan nan nan nan nan 1.389929 2.768723 2.255791 -32.064644 -7.925371 -1.828526 0.000000 0.934285 80287
car -1 -1 nan nan nan nan nan 1.149937 1.603514 2.572886 31.883948 1.874444 -0.419597 0.000000 0.855260 80288
car -1 -1 nan nan nan nan nan 1.366768 1.212915 3.235422 20.680476 2.200997 -0.645462 0.000000 0.908015 80290
car -1 -1 nan nan nan nan nan 1.472571 2.281230 3.476701 -10.448509 3.672058 -1.374785 0.000000 0.944607 80292
other-vehicle -1 -1 nan nan nan nan nan 1.842014 0.920617 2.307282 4.908672 -10.984916 -0.289569 0.000000 0.860850 80293
other-vehicle -1 -1 nan nan nan nan nan 1.288077 1.141688 1.025433 -28.677801 -12.057414 -1.696436 0.000000 0.779163 80294
car -1 -1 nan nan nan nan nan 1.458764 1.693672 3.530544 15.735119 2.584619 -0.749586 0.000000 0.935398 80296
car -1 -1 nan nan nan nan nan 1.435652 3.192576 3.128174 -27.052227 -8.974476 -1.655574 0.000000 0.792289 80297
car -1 -1 nan nan nan nan nan 1.595348 2.101477 2.035164 -40.462158 -20.271729 -1.852823 0.000000 0.715489 80299
bicycle -1 -1 nan nan nan nan nan 0.661149 0.585781 1.203510 33.679422 -17.752226 0.005042 0.000000 0.560874 80289
bicyclist -1 -1 nan nan nan nan nan 1.219904 0.532831 0.908222 38.974146 -2.224481 -0.006959 0.000000 0.899912 80295
bicycle -1 -1 nan nan nan nan nan 0.240053 0.213266 0.288342 35.089518 -16.655910 -0.212734 0.000000 0.578271 80298
