car -1 -1 nan nan nan nan nan 1.956629 1.688387 3.639274 -2.783547 3.500643 -0.939492 0.000000 0.885609 79130
car -1 -1 nan nan nan nan nan 1.596834 1.531750 1.669249 -3.075667 -39.829233 -1.443120 0.000000 0.718685 79132
car -1 -1 nan nan nan nan nan 0.720874 1.683085 0.470161 -36.537079 -14.038066 -1.219145 0.000000 0.768918 79134
car -1 -1 nan nan nan nan nan 1.316040 2.325330 3.324610 28.533029 0.764950 -0.852235 0.000000 0.906754 79135
car -1 -1 nan nan nan nan nan 1.395365 3.075029 4.208071 -27.216500 3.142326 -1.321950 0.000000 0.846482 79137
other-vehicle -1 -1 nan nan nan nan nan 1.336722 1.485365 1.419086 -46.013552 1.162498 -1.374890 0.000000 0.825876 79138
car -1 -1 nan nan nan nan nan 1.452549 0.897564 3.797253 -14.636044 -1.638348 -1.209134 0.000000 0.954722 79139
truck -1 -1 nan nan nan nan nan 2.567096 3.101845 6.543059 19.244484 2.820030 -0.346308 0.000000 0.831696 79141
other-vehicle -1 -1 nan nan nan nan nan 1.454022 1.369220 1.148127 4.981143 -2.219532 -0.975929 0.000000 0.748098 79142
car -1 -1 nan nan nan nan nan 1.303505 4.281451 2.156620 -40.219305 17.369658 -2.094261 0.000000 0.906573 79144
car -1 -1 nan nan nan nan nan 1.399392 1.871596 4.371640 3.407079 3.353295 -1.045138 0.000000 0.950496 79147
car -1 -1 nan nan nan nan nan 1.696193 1.797912 3.448299 -9.751367 -2.217427 -0.987632 0.000000 0.953559 79148
car -1 -1 nan nan nan nan nan 1.604600 1.741488 3.725607 -7.642702 3.474223 -1.154242 0.000000 0.963508 79150
car -1 -1 nan nan nan nan nan 1.467084 1.478090 4.063265 -19.602628 -1.932273 -1.212879 0.000000 0.923031 79151
other-vehicle -1 -1 nan nan nan nan nan 1.492234 1.336519 1.090799 3.026810 -2.675026 -0.932380 0.000000 0.597919 79153
bicyclist -1 -1 nan nan nan nan nan 1.663095 0.655586 1.682411 3.802139 2.044632 -0.903132 0.000000 0.905249 79156
person -1 -1 nan nan nan nan nan 0.858013 0.260124 0.291304 1.688651 47.459625 -2.069841 0.000000 0.864543 79133
