car -1 -1 nan nan nan nan nan 1.445044 1.819199 3.726323 9.508248 4.010351 -0.930938 0.000000 0.950473 80679
other-vehicle -1 -1 nan nan nan nan nan 0.309228 0.865942 1.213406 -48.417452 1.884091 -0.390972 0.000000 0.763018 80680
car -1 -1 nan nan nan nan nan 0.893412 1.173962 0.770645 34.243511 -35.956842 -1.312907 0.000000 0.718242 80681
car -1 -1 nan nan nan nan nan 1.329172 2.615693 4.136574 -21.939098 1.973934 -1.414638 0.000000 0.959770 80685
car -1 -1 nan nan nan nan nan 1.380484 2.892556 2.769187 9.547023 -14.199506 -1.194182 0.000000 0.962608 80688
car -1 -1 nan nan nan nan nan 1.288862 3.131489 3.174969 -42.305429 -12.530803 -1.826452 0.000000 0.896986 80689
car -1 -1 nan nan nan nan nan 1.524691 3.206962 3.198059 -27.826262 -6.340179 -1.473883 0.000000 0.843830 80692
car -1 -1 nan nan nan nan nan 1.365355 1.628899 3.374878 21.135616 4.692418 -0.780819 0.000000 0.922589 80693
car -1 -1 nan nan nan nan nan 1.446987 3.155693 3.433165 3.115813 -6.534134 -1.136794 0.000000 0.935652 80695
car -1 -1 nan nan nan nan nan 1.328047 1.872999 1.108747 16.202214 -22.703071 -1.379208 0.000000 0.803608 80697
truck -1 -1 nan nan nan nan nan 0.563989 0.952059 0.954155 -32.556591 -2.950418 0.860788 0.000000 0.448473 80700
car -1 -1 nan nan nan nan nan 0.498118 0.532246 0.633181 25.154117 -33.701944 -1.697094 0.000000 0.596568 80701
car -1 -1 nan nan nan nan nan 1.354484 2.077934 2.284735 12.696279 -18.358393 -1.322755 0.000000 0.941142 80702
car -1 -1 nan nan nan nan nan 1.508430 1.745152 3.680487 4.582869 3.608486 -0.954992 0.000000 0.946701 80703
truck -1 -1 nan nan nan nan nan 0.783002 0.799077 1.372059 -44.011320 1.238287 -1.664858 0.000000 0.656256 80704
car -1 -1 nan nan nan nan nan 1.374666 2.555623 2.747281 6.453456 -10.691856 -1.108721 0.000000 0.932694 80706
truck -1 -1 nan nan nan nan nan 3.122913 5.534728 5.773726 -29.502522 -2.643616 -0.603909 0.000000 0.799966 80708
car -1 -1 nan nan nan nan nan 1.246109 1.550817 2.179428 40.833355 6.462006 -0.481340 0.000000 0.834617 80712
bicyclist -1 -1 nan nan nan nan nan 1.228024 0.642324 1.004162 32.570963 1.669821 -0.458694 0.000000 0.900077 80691
motorcycle -1 -1 nan nan nan nan nan 0.850275 0.400819 0.654457 -21.456184 -8.086356 -1.529434 0.000000 0.815654 80699
bicyclist -1 -1 nan nan nan nan nan 0.579905 1.132462 0.509060 31.137693 -32.434647 -1.542573 0.000000 0.827983 80705
bicyclist -1 -1 nan nan nan nan nan 1.025993 0.405104 0.847721 41.356966 4.801755 -0.370302 0.000000 0.857904 80709
person -1 -1 nan nan nan nan nan 0.683562 1.000509 1.417282 19.504374 -31.240453 -0.678072 0.000000 0.872647 80687
person -1 -1 nan nan nan nan nan 0.439943 0.281137 0.271069 33.866331 -10.038658 0.956853 0.000000 0.747809 80694
