car -1 -1 nan nan nan nan nan 1.380352 3.867251 3.133750 -8.983473 -6.649218 -1.098183 0.000000 0.905219 81153
car -1 -1 nan nan nan nan nan 1.098486 1.119920 1.068222 45.087528 3.566009 -0.196413 0.000000 0.831649 81154
car -1 -1 nan nan nan nan nan 0.230710 0.804386 1.220626 10.207718 -35.387140 -0.204548 0.000000 0.855155 81156
car -1 -1 nan nan nan nan nan 0.949092 0.333063 0.755288 -5.865691 25.440999 -1.448069 0.000000 0.618462 81157
car -1 -1 nan nan nan nan nan 0.837938 0.459014 0.476835 -26.647416 -9.412715 -1.598254 0.000000 0.450226 81159
car -1 -1 nan nan nan nan nan 1.488269 1.722084 3.463405 9.742198 3.512454 -0.888361 0.000000 0.940410 81160
car -1 -1 nan nan nan nan nan 1.258882 1.743402 1.847380 29.091062 3.594175 -0.468011 0.000000 0.728182 81161
car -1 -1 nan nan nan nan nan 1.406185 2.594645 2.921404 -0.726581 -19.123279 -0.749481 0.000000 0.948607 81162
car -1 -1 nan nan nan nan nan 1.275810 2.309344 3.417168 -33.253407 4.283349 -2.115204 0.000000 0.896246 81163
car -1 -1 nan nan nan nan nan 1.690681 2.015481 3.722264 -1.655798 3.789368 -0.848948 0.000000 0.953753 81165
car -1 -1 nan nan nan nan nan 0.694502 1.615320 2.085386 5.464348 -28.314988 -0.186638 0.000000 0.839680 81166
car -1 -1 nan nan nan nan nan 1.092043 1.150935 1.084419 36.693825 3.816357 -0.221617 0.000000 0.698780 81168
car -1 -1 nan nan nan nan nan 1.646247 2.416735 3.498940 -29.274574 -0.214402 -1.691184 0.000000 0.866492 81169
car -1 -1 nan nan nan nan nan 0.595983 0.626765 0.647062 19.799266 -14.975627 0.749765 0.000000 0.703767 81170
car -1 -1 nan nan nan nan nan 1.409310 3.370147 3.542822 -3.798209 -14.608315 -0.881927 0.000000 0.958730 81172
car -1 -1 nan nan nan nan nan 0.970711 3.333792 3.250847 2.799322 -24.018731 -0.463837 0.000000 0.891217 81173
car -1 -1 nan nan nan nan nan 1.373500 3.209582 3.166358 -6.521499 -10.760880 -0.944975 0.000000 0.935006 81176
car -1 -1 nan nan nan nan nan 2.020937 1.774214 3.618474 -6.259676 3.865603 -1.066627 0.000000 0.940895 81177
truck -1 -1 nan nan nan nan nan 3.171868 5.487965 5.275600 -41.873587 0.368985 -1.147048 0.000000 0.835426 81181
other-vehicle -1 -1 nan nan nan nan nan 0.289009 0.929459 1.020481 -44.497980 0.209756 0.097688 0.000000 0.421920 81185
bicyclist -1 -1 nan nan nan nan nan 1.442984 0.520548 1.122093 21.907234 2.339453 -0.444833 0.000000 0.925154 81167
bicyclist -1 -1 nan nan nan nan nan 1.423034 0.605449 1.407196 25.605934 -0.446594 -0.241612 0.000000 0.919537 81175
bicycle -1 -1 nan nan nan nan nan 0.493127 0.435862 0.408129 12.970773 -14.943926 -0.319832 0.000000 0.830571 81183
person -1 -1 nan nan nan nan nan 0.727020 0.323766 0.521009 18.157474 -8.433407 0.147913 0.000000 0.747357 81178
person -1 -1 nan nan nan nan nan 0.643984 0.461794 0.413548 18.449476 -12.187038 0.490085 0.000000 0.882027 81180
