car -1 -1 nan nan nan nan nan 0.234602 0.699116 0.444664 15.141601 -33.942160 0.054329 0.000000 0.642049 81222
car -1 -1 nan nan nan nan nan 1.342663 3.651519 3.151256 -10.719334 -6.488864 -1.162631 0.000000 0.892571 81223
other-vehicle -1 -1 nan nan nan nan nan 1.283968 1.194238 1.154453 43.438875 3.162564 0.236457 0.000000 0.825191 81224
car -1 -1 nan nan nan nan nan 1.104454 2.290661 3.967031 -29.737445 0.280859 -1.872708 0.000000 0.768574 81225
car -1 -1 nan nan nan nan nan 1.384354 2.665499 2.838858 -2.607517 -19.063128 -0.855911 0.000000 0.913872 81227
car -1 -1 nan nan nan nan nan 1.483552 1.707189 3.558833 -3.164415 3.761904 -1.207544 0.000000 0.959015 81228
truck -1 -1 nan nan nan nan nan 0.548126 0.299761 0.286366 -45.588606 -1.401628 -2.113613 0.000000 0.106301 81230
car -1 -1 nan nan nan nan nan 1.487016 1.736635 3.438440 8.024749 3.398689 -0.898297 0.000000 0.949780 81231
car -1 -1 nan nan nan nan nan 1.046970 1.245251 1.637573 34.841019 3.429971 -0.206160 0.000000 0.722056 81234
car -1 -1 nan nan nan nan nan 1.385753 2.280992 3.161144 -34.714514 4.635615 -2.192307 0.000000 0.942034 81237
car -1 -1 nan nan nan nan nan 1.388516 3.386452 3.318299 -5.514905 -14.617929 -0.962954 0.000000 0.952912 81239
car -1 -1 nan nan nan nan nan 1.516609 1.753988 3.340605 -8.066792 3.866658 -1.322357 0.000000 0.931117 81240
car -1 -1 nan nan nan nan nan 1.183280 1.738023 3.110491 28.178130 3.304627 -0.430352 0.000000 0.897077 81241
car -1 -1 nan nan nan nan nan 0.845799 2.972912 2.939011 0.763457 -24.012138 -0.383106 0.000000 0.928933 81242
car -1 -1 nan nan nan nan nan 1.469393 3.269750 3.137027 -8.293263 -10.717582 -1.036248 0.000000 0.943358 81243
other-vehicle -1 -1 nan nan nan nan nan 0.531596 0.543898 1.426050 19.779157 -9.482306 0.170864 0.000000 0.884191 81244
truck -1 -1 nan nan nan nan nan 3.363601 5.202287 5.074684 -43.418839 0.911325 -1.333264 0.000000 0.769888 81252
bicyclist -1 -1 nan nan nan nan nan 1.449045 0.497748 1.327240 19.076851 2.166886 -0.457237 0.000000 0.936317 81220
bicycle -1 -1 nan nan nan nan nan 0.648284 0.414035 0.958424 10.218703 -8.692285 -0.294245 0.000000 0.173041 81236
bicyclist -1 -1 nan nan nan nan nan 1.361910 0.537705 1.324657 24.822044 -0.722598 -0.090739 0.000000 0.904059 81238
bicycle -1 -1 nan nan nan nan nan 1.004310 0.905000 1.672224 9.551388 -15.923017 -0.223887 0.000000 0.845186 81249
person -1 -1 nan nan nan nan nan 0.863320 0.767546 0.353880 16.196229 -6.965692 0.270452 0.000000 0.858687 81233
