car -1 -1 nan nan nan nan nan 1.499421 1.832894 4.400490 -3.257535 3.248787 -1.104662 0.000000 0.960353 79372
car -1 -1 nan nan nan nan nan 1.186107 1.210426 1.302193 47.212250 -15.369513 -0.776112 0.000000 0.818834 79373
car -1 -1 nan nan nan nan nan 1.191362 4.179103 1.305561 -47.566328 15.319598 -1.630966 0.000000 0.930752 79374
car -1 -1 nan nan nan nan nan 1.384566 2.397039 3.315292 21.477812 1.986527 -1.057277 0.000000 0.930247 79376
other-vehicle -1 -1 nan nan nan nan nan 1.196141 0.413914 3.517286 -17.601880 -15.844959 0.438677 0.000000 0.787445 79377
car -1 -1 nan nan nan nan nan 1.434686 0.815409 3.619635 -21.559878 -2.509666 -1.125787 0.000000 0.918529 79378
truck -1 -1 nan nan nan nan nan 2.476151 2.863167 6.450883 12.101142 3.488167 -0.523261 0.000000 0.870976 79379
car -1 -1 nan nan nan nan nan 1.566937 1.642137 3.390798 -14.740358 2.796364 -1.098937 0.000000 0.931703 79380
car -1 -1 nan nan nan nan nan 1.462223 1.942760 4.121725 -26.591866 0.035839 -1.050467 0.000000 0.830216 79381
other-vehicle -1 -1 nan nan nan nan nan 1.463505 0.861117 0.881847 -3.784753 -2.555500 -1.092041 0.000000 0.596380 79382
car -1 -1 nan nan nan nan nan 0.505737 1.596889 1.128296 43.059284 -12.289824 -0.975505 0.000000 0.606386 79384
car -1 -1 nan nan nan nan nan 1.718025 1.836698 3.245406 -16.558217 -2.913602 -0.933672 0.000000 0.886927 79385
car -1 -1 nan nan nan nan nan 1.373345 1.292962 2.565975 -26.644375 -2.980676 -1.091774 0.000000 0.914557 79386
car -1 -1 nan nan nan nan nan 1.540990 1.656820 2.953102 -9.472452 3.206380 -1.101301 0.000000 0.933198 79390
bicyclist -1 -1 nan nan nan nan nan 1.575253 0.664055 1.193172 -7.842258 1.870338 -0.926275 0.000000 0.914150 79391
