truck -1 -1 nan nan nan nan nan 2.190811 2.978132 6.410178 0.302818 4.034426 -0.704541 0.000000 0.854797 79706
car -1 -1 nan nan nan nan nan 0.858698 1.759063 0.870628 47.149464 -15.930773 -0.068363 0.000000 0.806593 79709
car -1 -1 nan nan nan nan nan 1.190003 2.621258 3.006622 33.518005 -8.795163 -0.278886 0.000000 0.907313 79715
car -1 -1 nan nan nan nan nan 1.486282 2.122665 3.888384 9.775441 3.605202 -0.892178 0.000000 0.953573 79717
car -1 -1 nan nan nan nan nan 1.498081 1.749766 3.351139 -21.416201 1.387510 -1.590597 0.000000 0.888895 79718
car -1 -1 nan nan nan nan nan 1.111003 0.649441 1.059566 -37.642797 -6.008849 -1.795939 0.000000 0.760750 79720
car -1 -1 nan nan nan nan nan 1.517717 2.291524 4.774728 -15.261236 2.269097 -1.463509 0.000000 0.917025 79721
car -1 -1 nan nan nan nan nan 0.940964 1.671124 2.700668 37.624195 -11.409971 -0.326974 0.000000 0.852233 79724
car -1 -1 nan nan nan nan nan 1.589813 1.714324 2.746027 -27.690785 -5.289753 -1.488687 0.000000 0.864408 79728
car -1 -1 nan nan nan nan nan 1.511315 1.968967 3.179113 -27.129975 -2.812832 -1.591696 0.000000 0.779099 79729
car -1 -1 nan nan nan nan nan 1.293481 1.277583 0.932469 -13.011762 -3.016537 -1.347645 0.000000 0.808233 79731
other-vehicle -1 -1 nan nan nan nan nan 1.669861 2.514061 2.633801 -26.184797 0.196393 -1.425526 0.000000 0.882403 79732
car -1 -1 nan nan nan nan nan 1.055260 0.360027 1.485670 12.058454 -43.063505 -2.043654 0.000000 0.815397 79733
motorcycle -1 -1 nan nan nan nan nan 1.415322 1.054455 0.936591 -14.832359 -3.928992 -1.364829 0.000000 0.795199 79714
bicyclist -1 -1 nan nan nan nan nan 0.833995 0.241259 0.258835 45.797810 -19.195434 0.542628 0.000000 0.882944 79727
person -1 -1 nan nan nan nan nan 0.639054 0.343700 0.322426 -20.430229 16.318674 0.581970 0.000000 0.872745 79713
person -1 -1 nan nan nan nan nan 0.804195 0.600321 0.962635 -33.580309 0.810912 -0.720846 0.000000 0.462772 79723
