car -1 -1 nan nan nan nan nan 1.274729 2.392264 1.515640 34.655251 3.475466 -0.930633 0.000000 0.862953 83014
car -1 -1 nan nan nan nan nan 1.191626 1.274218 2.336006 -33.549538 1.654497 -1.386822 0.000000 0.899624 83015
car -1 -1 nan nan nan nan nan 1.507530 1.755482 3.612846 15.951172 -2.587320 -0.940231 0.000000 0.909926 83017
car -1 -1 nan nan nan nan nan 1.683023 2.023121 4.417224 -17.236010 2.223077 -1.079281 0.000000 0.922636 83018
car -1 -1 nan nan nan nan nan 1.437682 1.697315 3.811035 5.527584 2.741394 -1.023484 0.000000 0.917958 83020
car -1 -1 nan nan nan nan nan 1.278552 0.597022 3.072315 -27.868898 1.718880 -1.421052 0.000000 0.879048 83021
car -1 -1 nan nan nan nan nan 1.476318 1.782368 3.328166 -4.575470 2.369334 -1.069906 0.000000 0.959314 83022
car -1 -1 nan nan nan nan nan 1.360689 1.560092 3.573009 -9.702250 2.335598 -1.206989 0.000000 0.936500 83023
car -1 -1 nan nan nan nan nan 1.329355 1.732231 3.222128 -29.130523 -0.919863 -1.297843 0.000000 0.898429 83026
bicyclist -1 -1 nan nan nan nan nan 1.610570 0.651035 1.499680 -8.652609 -1.865591 -0.981486 0.000000 0.947382 83019
