car -1 -1 nan nan nan nan nan 1.475836 1.733795 3.433208 12.046341 -2.784635 -0.780387 0.000000 0.927873 83070
car -1 -1 nan nan nan nan nan 1.452457 1.558863 3.724538 2.052821 2.634630 -1.014517 0.000000 0.952813 83071
car -1 -1 nan nan nan nan nan 1.572682 1.928134 4.854321 -21.162474 2.446458 -1.399600 0.000000 0.955865 83072
car -1 -1 nan nan nan nan nan 1.389922 1.832803 3.308666 -29.432171 -0.548766 -1.624949 0.000000 0.714975 83073
car -1 -1 nan nan nan nan nan 1.484266 1.805394 3.454641 -8.173752 2.461204 -1.253175 0.000000 0.946991 83074
car -1 -1 nan nan nan nan nan 1.305610 1.325897 3.428792 -13.393973 2.403990 -1.406115 0.000000 0.953621 83077
car -1 -1 nan nan nan nan nan 1.314451 0.523295 3.049946 -31.627165 2.103755 -1.830856 0.000000 0.805458 83078
car -1 -1 nan nan nan nan nan 1.025372 0.679020 1.154194 -36.594011 1.871274 -1.982744 0.000000 0.743377 83080
car -1 -1 nan nan nan nan nan 1.324234 2.320635 3.474892 31.923225 2.939272 -0.504531 0.000000 0.841770 83081
bicyclist -1 -1 nan nan nan nan nan 1.641602 0.593712 1.494338 -11.025637 -1.757106 -1.064517 0.000000 0.942475 83067
