car -1 -1 nan nan nan nan nan 1.224798 0.445464 3.227583 -23.016643 1.822759 -1.255628 0.000000 0.901325 83233
car -1 -1 nan nan nan nan nan 0.888904 1.655713 1.284267 49.257479 2.286466 -0.928051 0.000000 0.923493 83234
other-vehicle -1 -1 nan nan nan nan nan 0.704283 2.891201 4.313134 13.517586 -18.223785 0.636918 0.000000 0.891038 83235
car -1 -1 nan nan nan nan nan 1.368160 1.656493 3.079653 22.075814 2.411727 -0.947709 0.000000 0.951329 83237
car -1 -1 nan nan nan nan nan 1.219217 1.870255 2.505581 -30.045238 -0.590241 -1.389666 0.000000 0.817695 83240
car -1 -1 nan nan nan nan nan 1.448517 1.665877 3.392566 -7.174481 2.528813 -1.057641 0.000000 0.943667 83241
car -1 -1 nan nan nan nan nan 1.372597 1.941911 3.923428 -18.097689 2.454077 -1.161741 0.000000 0.909053 83243
car -1 -1 nan nan nan nan nan 1.532537 1.570122 3.764799 2.699795 -2.754457 -0.976788 0.000000 0.916360 83244
car -1 -1 nan nan nan nan nan 1.478458 1.656090 3.660412 -30.367323 2.263960 -1.199502 0.000000 0.840791 83245
bicyclist -1 -1 nan nan nan nan nan 1.632861 0.684989 1.179426 -17.050212 -1.815625 -0.970343 0.000000 0.929853 83242
