car -1 -1 nan nan nan nan nan 1.466740 1.655247 3.335552 -8.152763 2.460142 -1.092570 0.000000 0.947118 83250
car -1 -1 nan nan nan nan nan 0.875720 1.749042 0.878803 47.775972 2.649579 -0.903425 0.000000 0.855605 83251
car -1 -1 nan nan nan nan nan 0.842270 0.683257 0.374184 -46.828671 1.621079 -1.512019 0.000000 0.562476 83252
other-vehicle -1 -1 nan nan nan nan nan 0.684882 2.942707 4.433112 12.708625 -18.096203 0.620939 0.000000 0.898518 83253
car -1 -1 nan nan nan nan nan 1.379955 1.665738 3.234100 21.099152 2.493615 -0.929853 0.000000 0.904900 83254
car -1 -1 nan nan nan nan nan 1.528972 1.730117 2.872639 -30.268705 -0.637582 -1.315238 0.000000 0.699032 83255
car -1 -1 nan nan nan nan nan 1.340269 1.781861 3.873276 -19.140177 2.222656 -1.212030 0.000000 0.937833 83256
car -1 -1 nan nan nan nan nan 1.352114 1.621459 3.867997 1.820037 -2.813560 -0.934129 0.000000 0.895898 83257
car -1 -1 nan nan nan nan nan 1.262161 0.594043 3.349628 -24.134438 1.740959 -1.351023 0.000000 0.909036 83259
car -1 -1 nan nan nan nan nan 1.564838 1.676801 4.041929 -31.581025 2.109862 -1.308690 0.000000 0.925993 83262
bicyclist -1 -1 nan nan nan nan nan 1.620155 0.620403 1.429533 -17.584096 -1.878656 -1.046085 0.000000 0.917746 83260
