car -1 -1 nan nan nan nan nan 1.595749 2.010423 4.129255 19.845590 3.347520 -0.525028 0.000000 0.920273 83646
car -1 -1 nan nan nan nan nan 1.519900 1.850553 3.201183 -8.011139 3.008849 -1.181888 0.000000 0.886717 83649
other-vehicle -1 -1 nan nan nan nan nan 0.980788 1.227074 0.751263 -38.448107 -12.993808 1.075945 0.000000 0.885120 83650
car -1 -1 nan nan nan nan nan 1.387666 1.771244 3.466436 -27.228398 -2.736484 -1.589955 0.000000 0.870925 83651
car -1 -1 nan nan nan nan nan 1.322674 1.814691 3.776085 -38.003235 2.771853 -1.841409 0.000000 0.900514 83652
car -1 -1 nan nan nan nan nan 1.424138 1.546643 2.851772 40.051153 -1.523153 -0.379476 0.000000 0.785490 83653
car -1 -1 nan nan nan nan nan 0.307673 0.667873 0.788784 -47.801573 1.915041 -2.008736 0.000000 0.696783 83654
car -1 -1 nan nan nan nan nan 0.794156 1.455919 1.974442 -39.668770 -0.087983 -2.166430 0.000000 0.591061 83655
car -1 -1 nan nan nan nan nan 0.566463 1.620661 0.997513 45.347672 3.154817 -0.710565 0.000000 0.746624 83657
person -1 -1 nan nan nan nan nan 0.835061 0.555896 0.388229 48.182037 4.547054 -0.059124 0.000000 0.846608 83648
