car -1 -1 nan nan nan nan nan 1.224293 1.883213 3.867493 -39.228710 2.665849 -1.782991 0.000000 0.923013 83660
car -1 -1 nan nan nan nan nan 1.716859 2.002310 4.257153 18.821003 3.263355 -0.591505 0.000000 0.914969 83663
car -1 -1 nan nan nan nan nan 0.801199 1.929133 1.378738 -39.843956 -12.591200 1.164117 0.000000 0.898128 83664
car -1 -1 nan nan nan nan nan 1.406645 1.548542 1.255112 38.162106 -1.582036 -0.555021 0.000000 0.776260 83665
car -1 -1 nan nan nan nan nan 1.388981 1.714644 3.452961 -28.324833 -2.707967 -1.492162 0.000000 0.863109 83666
car -1 -1 nan nan nan nan nan 0.330186 0.603737 1.185726 -48.884104 1.934553 -1.997221 0.000000 0.766217 83667
car -1 -1 nan nan nan nan nan 1.485939 1.914128 3.230431 -9.132110 3.040236 -1.173389 0.000000 0.898864 83668
car -1 -1 nan nan nan nan nan 1.084669 1.325629 1.889977 44.870762 3.183107 -0.409516 0.000000 0.613006 83669
car -1 -1 nan nan nan nan nan 0.689764 1.616999 1.722202 -40.008200 -0.030063 -2.018367 0.000000 0.817811 83672
bicyclist -1 -1 nan nan nan nan nan 1.169241 0.466401 1.051723 -36.916666 -1.665032 -1.417038 0.000000 0.693721 83670
person -1 -1 nan nan nan nan nan 1.387061 0.516887 0.301086 47.183083 4.466291 -0.340611 0.000000 0.915692 83671
