car -1 -1 nan nan nan nan nan 1.423790 1.789774 3.401836 -23.370550 2.739905 -1.397944 0.000000 0.890721 82275
car -1 -1 nan nan nan nan nan 0.224044 0.739646 1.576813 47.085220 2.265483 0.244457 0.000000 0.756221 82276
car -1 -1 nan nan nan nan nan 1.710077 1.858521 4.065891 13.234879 1.791994 -0.743185 0.000000 0.899219 82278
car -1 -1 nan nan nan nan nan 0.245175 0.327703 0.607212 -33.418283 -26.561057 -1.003386 0.000000 0.628956 82279
car -1 -1 nan nan nan nan nan 0.982799 1.558872 1.820499 -42.990950 -5.687358 -1.960445 0.000000 0.905741 82281
car -1 -1 nan nan nan nan nan 1.198650 1.722254 3.305593 -2.862433 2.210962 -0.935559 0.000000 0.852228 82282
car -1 -1 nan nan nan nan nan 1.357083 1.201037 2.698626 25.927678 1.203042 -0.674381 0.000000 0.874937 82283
car -1 -1 nan nan nan nan nan 1.181027 0.420366 2.911537 36.652504 0.653571 -0.674404 0.000000 0.867823 82286
car -1 -1 nan nan nan nan nan 1.118043 1.430241 0.540161 45.258389 -4.453388 -0.423766 0.000000 0.828005 82291
car -1 -1 nan nan nan nan nan 0.505499 0.624162 0.574905 -39.549572 -11.558247 -1.339869 0.000000 0.493077 82292
car -1 -1 nan nan nan nan nan 1.442197 1.664481 3.558775 2.877160 2.365335 -0.982002 0.000000 0.942438 82295
car -1 -1 nan nan nan nan nan 1.263046 0.791678 3.220631 20.782650 1.276600 -0.866421 0.000000 0.888913 82296
car -1 -1 nan nan nan nan nan 1.722292 1.903602 3.116568 -31.314256 -0.395548 -1.475132 0.000000 0.913413 82297
car -1 -1 nan nan nan nan nan 0.953182 0.601688 0.446739 -30.967211 -24.351686 -1.517876 0.000000 0.665997 82299
car -1 -1 nan nan nan nan nan 0.545088 1.888421 1.322968 -40.679382 -14.774336 -1.159464 0.000000 0.824814 82300
car -1 -1 nan nan nan nan nan 0.555571 0.843740 0.531250 -41.989525 -12.591488 -1.175732 0.000000 0.781847 82304
car -1 -1 nan nan nan nan nan 1.389221 1.509868 3.831467 -34.921028 3.320418 -1.602288 0.000000 0.921707 82305
bicycle -1 -1 nan nan nan nan nan 0.663035 0.953915 0.834466 -4.504612 -14.840931 -0.877080 0.000000 0.820534 82280
bicycle -1 -1 nan nan nan nan nan 0.251822 0.831463 0.483700 -9.174811 -8.623637 -0.239834 0.000000 0.824034 82293
bicyclist -1 -1 nan nan nan nan nan 1.672987 0.578417 2.105677 7.803890 -2.223768 -0.740835 0.000000 0.922005 82294
bicyclist -1 -1 nan nan nan nan nan 0.789912 1.191871 1.175133 -14.186583 -12.574041 -0.315240 0.000000 0.799548 82298
bicyclist -1 -1 nan nan nan nan nan 1.281688 0.576542 2.053787 -31.918308 1.720275 -1.478557 0.000000 0.559245 82303
