car -1 -1 nan nan nan nan nan 1.412055 1.591429 3.569581 2.911093 2.683528 -0.983188 0.000000 0.930437 83054
car -1 -1 nan nan nan nan nan 0.227123 0.352989 0.251724 16.979830 -32.697216 -0.212273 0.000000 0.625733 83056
car -1 -1 nan nan nan nan nan 1.363955 2.371719 3.163088 32.550429 3.027857 -0.524535 0.000000 0.789714 83057
car -1 -1 nan nan nan nan nan 1.697474 1.948337 4.737394 -20.182361 2.442988 -1.352797 0.000000 0.930660 83058
car -1 -1 nan nan nan nan nan 1.526544 1.832982 3.774285 13.054931 -2.819423 -0.823206 0.000000 0.916000 83059
car -1 -1 nan nan nan nan nan 1.485780 1.894704 3.333508 -7.302738 2.461479 -1.209963 0.000000 0.952873 83060
car -1 -1 nan nan nan nan nan 1.850934 1.805901 3.060526 -29.311757 -0.623129 -1.625609 0.000000 0.690821 83061
car -1 -1 nan nan nan nan nan 1.362444 1.355346 3.505121 -12.495512 2.356704 -1.382673 0.000000 0.933214 83064
car -1 -1 nan nan nan nan nan 1.240238 0.501853 4.121655 -31.164953 2.025240 -1.793132 0.000000 0.737744 83065
car -1 -1 nan nan nan nan nan 1.241695 1.242035 1.208717 -35.696133 2.009549 -1.861982 0.000000 0.812794 83066
bicyclist -1 -1 nan nan nan nan nan 1.578251 0.656048 1.771372 -10.548100 -1.809374 -1.055168 0.000000 0.949022 83062
