car -1 -1 nan nan nan nan nan 1.331932 1.432185 3.969383 -20.120440 1.622163 -1.290168 0.000000 0.907982 82742
car -1 -1 nan nan nan nan nan 1.171237 2.145850 1.421509 48.667805 3.286767 -0.770042 0.000000 0.858899 82743
car -1 -1 nan nan nan nan nan 1.317899 1.738516 3.125433 19.528201 2.686745 -0.873522 0.000000 0.947014 82744
car -1 -1 nan nan nan nan nan 0.552250 0.203038 0.727245 -44.484850 -5.709625 -1.817322 0.000000 0.698383 82745
car -1 -1 nan nan nan nan nan 1.405218 1.658710 3.389397 29.673592 -2.646058 -0.725002 0.000000 0.925295 82747
car -1 -1 nan nan nan nan nan 1.343031 1.746543 3.097565 -29.607506 -1.273822 -1.289461 0.000000 0.759337 82748
car -1 -1 nan nan nan nan nan 1.466818 1.549550 3.110788 9.117521 2.252869 -0.932228 0.000000 0.952562 82749
car -1 -1 nan nan nan nan nan 0.996411 1.499566 1.141823 -39.390347 1.460184 -1.523575 0.000000 0.826316 82750
car -1 -1 nan nan nan nan nan 0.491691 0.868384 0.593403 -26.032579 7.824876 -1.537545 0.000000 0.686712 82751
truck -1 -1 nan nan nan nan nan 0.735278 1.336775 1.724443 30.360217 4.436816 -0.066441 0.000000 0.804420 82752
car -1 -1 nan nan nan nan nan 1.359040 1.939853 3.359067 -13.821579 2.415579 -1.201327 0.000000 0.939843 82753
car -1 -1 nan nan nan nan nan 1.350586 1.668275 3.983134 3.833934 2.385017 -1.024576 0.000000 0.937311 82754
car -1 -1 nan nan nan nan nan 1.466869 1.790725 4.348573 -3.368006 2.139964 -0.779357 0.000000 0.950041 82755
car -1 -1 nan nan nan nan nan 0.518475 0.544436 1.000256 -24.633314 7.019233 -1.300507 0.000000 0.769736 82758
bicyclist -1 -1 nan nan nan nan nan 1.154052 0.401870 0.885174 -0.863171 -2.201065 -0.589710 0.000000 0.905233 82746
person -1 -1 nan nan nan nan nan 1.005064 0.570316 0.522964 -40.612873 -5.664226 -1.386132 0.000000 0.776570 82756
person -1 -1 nan nan nan nan nan 0.777018 0.433062 0.389008 -42.414146 -6.020506 -0.799901 0.000000 0.908123 82757
