car -1 -1 nan nan nan nan nan 1.361427 1.575857 2.606825 -28.778415 1.946153 -1.626255 0.000000 0.823217 82457
car -1 -1 nan nan nan nan nan 1.750800 2.014959 4.214638 7.491670 2.276693 -0.764448 0.000000 0.962224 82459
car -1 -1 nan nan nan nan nan 0.588136 0.773197 0.589943 -48.286240 -6.893592 -2.470069 0.000000 0.745040 82461
car -1 -1 nan nan nan nan nan 1.281252 1.268467 2.639778 30.613573 2.241817 -0.481985 0.000000 0.847451 82462
car -1 -1 nan nan nan nan nan 1.479455 1.574072 3.689021 -8.679456 1.940236 -1.244589 0.000000 0.926648 82463
car -1 -1 nan nan nan nan nan 1.397099 1.325410 2.748520 20.171614 2.045157 -0.649287 0.000000 0.941626 82466
car -1 -1 nan nan nan nan nan 0.972669 1.667625 0.888741 39.881474 -3.103673 -0.593356 0.000000 0.660621 82468
car -1 -1 nan nan nan nan nan 0.616373 0.329440 1.014244 -33.141609 -5.221763 -1.951628 0.000000 0.701438 82469
car -1 -1 nan nan nan nan nan 1.306100 1.510497 3.587446 15.051103 2.243641 -0.783971 0.000000 0.929260 82471
car -1 -1 nan nan nan nan nan 1.225573 1.689281 3.431311 -2.687533 2.375184 -0.964017 0.000000 0.950068 82472
car -1 -1 nan nan nan nan nan 1.412513 1.604408 3.116905 -31.022419 -1.327993 -1.676159 0.000000 0.696649 82474
bicyclist -1 -1 nan nan nan nan nan 1.670946 0.578874 2.147700 4.959028 -2.069367 -0.789943 0.000000 0.935364 82470
motorcycle -1 -1 nan nan nan nan nan 1.225228 0.432620 1.790447 -41.670801 0.485795 -1.781019 0.000000 0.933430 82475
motorcycle -1 -1 nan nan nan nan nan 0.770403 0.377614 0.423836 -31.287088 -5.508870 -0.960050 0.000000 0.800625 82476
person -1 -1 nan nan nan nan nan 0.983558 1.533725 1.588184 -19.697378 -13.344148 -0.740033 0.000000 0.825930 82464
