car -1 -1 nan nan nan nan nan 1.028317 3.727295 1.987991 -40.493389 -6.104875 -1.898262 0.000000 0.852919 82191
car -1 -1 nan nan nan nan nan 1.336856 1.312589 2.995703 28.297320 0.848381 -0.680700 0.000000 0.930889 82195
car -1 -1 nan nan nan nan nan 1.412151 1.562541 3.093918 -20.676857 3.148190 -1.377823 0.000000 0.913516 82196
car -1 -1 nan nan nan nan nan 1.051091 1.397910 3.141289 -0.588991 2.699516 -0.823466 0.000000 0.898032 82198
car -1 -1 nan nan nan nan nan 1.163005 0.367164 2.544781 38.890715 0.140563 -0.685538 0.000000 0.829055 82199
car -1 -1 nan nan nan nan nan 1.717423 2.312072 4.120603 15.797359 1.742307 -0.676330 0.000000 0.878684 82202
car -1 -1 nan nan nan nan nan 1.257418 1.914528 3.035351 -31.249800 -0.104496 -1.449818 0.000000 0.803589 82203
car -1 -1 nan nan nan nan nan 1.464271 1.717773 3.730685 5.329639 2.361638 -0.971869 0.000000 0.964020 82205
car -1 -1 nan nan nan nan nan 1.308878 0.803362 3.576321 23.483980 0.963936 -0.785786 0.000000 0.938932 82206
car -1 -1 nan nan nan nan nan 1.268905 1.292160 2.977650 -31.971827 3.915908 -1.612397 0.000000 0.936133 82208
car -1 -1 nan nan nan nan nan 0.928983 1.351593 0.493557 47.738176 -4.988703 -0.331332 0.000000 0.844147 82211
car -1 -1 nan nan nan nan nan 0.452021 1.242338 0.964310 -36.429485 4.179648 -1.164666 0.000000 0.620030 82214
bicyclist -1 -1 nan nan nan nan nan 1.666926 0.532253 1.485905 8.810258 -2.281088 -0.754111 0.000000 0.917435 82190
bicycle -1 -1 nan nan nan nan nan 0.467006 0.665091 0.678974 -2.104229 -14.683520 -0.845518 0.000000 0.839567 82204
bicyclist -1 -1 nan nan nan nan nan 1.450164 0.484534 2.233133 -27.779284 2.171086 -1.399625 0.000000 0.882602 82207
bicyclist -1 -1 nan nan nan nan nan 0.934970 1.050535 1.267731 -11.815529 -12.305315 -0.386098 0.000000 0.787261 82213
person -1 -1 nan nan nan nan nan 0.802979 0.252058 0.380826 0.757156 -21.489177 -0.873168 0.000000 0.873903 82194
person -1 -1 nan nan nan nan nan 0.387024 0.370408 0.364866 -12.690266 -9.297945 -0.698400 0.000000 0.440719 82201
person -1 -1 nan nan nan nan nan 0.888992 0.471745 0.574233 -12.842705 -12.936776 -0.376402 0.000000 0.815094 82210
