car -1 -1 nan nan nan nan nan 1.479901 1.683235 3.304575 7.445575 2.305572 -0.963340 0.000000 0.953923 82778
car -1 -1 nan nan nan nan nan 1.309177 1.681768 2.496717 27.656604 -2.622653 -0.828004 0.000000 0.894436 82783
car -1 -1 nan nan nan nan nan 1.377593 1.504838 3.816863 -15.343573 2.153458 -1.196671 0.000000 0.950471 82784
car -1 -1 nan nan nan nan nan 1.358981 1.841039 2.464308 -29.143458 -1.380136 -1.288674 0.000000 0.851269 82785
car -1 -1 nan nan nan nan nan 1.333894 1.703543 3.273455 17.956397 2.714268 -0.940452 0.000000 0.947507 82786
car -1 -1 nan nan nan nan nan 1.776655 1.904519 4.351251 -4.760313 2.114175 -0.940259 0.000000 0.965818 82787
car -1 -1 nan nan nan nan nan 1.259846 1.695862 1.368229 -41.143812 1.396829 -1.459702 0.000000 0.906902 82788
car -1 -1 nan nan nan nan nan 1.075263 1.653801 1.880217 28.079455 4.758416 -0.376448 0.000000 0.802855 82789
car -1 -1 nan nan nan nan nan 1.284526 1.430654 3.909777 -21.811658 1.531301 -1.218817 0.000000 0.828326 82790
car -1 -1 nan nan nan nan nan 1.368988 1.830784 3.785649 2.343686 2.464354 -1.061738 0.000000 0.945101 82793
car -1 -1 nan nan nan nan nan 1.195323 2.270935 2.594818 47.616856 3.395407 -0.770204 0.000000 0.880356 82795
bicyclist -1 -1 nan nan nan nan nan 1.522424 0.445195 1.636703 -1.927267 -2.222710 -0.783037 0.000000 0.911027 82792
bicyclist -1 -1 nan nan nan nan nan 1.257838 0.621943 1.163605 -42.663666 -5.772519 -1.352506 0.000000 0.818602 82794
person -1 -1 nan nan nan nan nan 1.367977 0.340374 0.215179 -43.997528 -6.100143 -1.132423 0.000000 0.750836 82779
