car -1 -1 nan nan nan nan nan 0.635276 0.371000 1.159054 -47.966299 0.309961 -1.594053 0.000000 0.739648 82567
car -1 -1 nan nan nan nan nan 0.649026 1.140839 1.496758 37.567520 4.146946 0.002158 0.000000 0.791563 82568
car -1 -1 nan nan nan nan nan 1.205709 1.640434 3.312492 -30.566437 -1.323161 -1.430696 0.000000 0.875688 82571
car -1 -1 nan nan nan nan nan 1.399402 1.602083 3.979093 -12.889317 1.890216 -1.245937 0.000000 0.934150 82572
car -1 -1 nan nan nan nan nan 1.385852 1.537550 2.963802 16.274427 2.220423 -0.814692 0.000000 0.944662 82573
car -1 -1 nan nan nan nan nan 1.388879 1.322779 2.843102 26.724205 2.393093 -0.705177 0.000000 0.895903 82575
car -1 -1 nan nan nan nan nan 1.455646 1.745771 3.481387 -6.583451 2.429607 -1.151303 0.000000 0.950505 82578
car -1 -1 nan nan nan nan nan 1.320780 1.726466 4.402805 11.210414 2.398625 -0.914356 0.000000 0.939325 82579
car -1 -1 nan nan nan nan nan 1.707967 2.138356 4.229655 3.568913 2.371828 -0.807008 0.000000 0.953989 82580
car -1 -1 nan nan nan nan nan 1.384484 1.595249 2.586782 -32.860696 1.832857 -1.692390 0.000000 0.834937 82582
car -1 -1 nan nan nan nan nan 0.894294 1.705749 3.295517 36.924927 -2.915600 -0.740243 0.000000 0.649626 82583
bicyclist -1 -1 nan nan nan nan nan 1.601237 0.568172 1.836077 2.943487 -2.068212 -0.759806 0.000000 0.919956 82566
motorcycle -1 -1 nan nan nan nan nan 0.464072 0.208863 0.777592 -37.083941 -5.341778 -1.736431 0.000000 0.803006 82577
person -1 -1 nan nan nan nan nan 0.660161 0.248078 0.260687 -23.008168 -12.830665 -0.508098 0.000000 0.354845 82574
