car -1 -1 nan nan nan nan nan 1.693162 1.928831 4.073177 24.175552 3.454884 -0.558154 0.000000 0.885744 83597
car -1 -1 nan nan nan nan nan 1.311001 0.736874 1.458267 -43.533001 1.748689 -1.688594 0.000000 0.612566 83598
car -1 -1 nan nan nan nan nan 1.578306 1.856582 3.263918 -3.693742 2.943436 -1.058436 0.000000 0.921412 83599
car -1 -1 nan nan nan nan nan 0.616361 1.519306 0.779297 49.757812 3.587364 -0.795249 0.000000 0.757618 83600
car -1 -1 nan nan nan nan nan 1.367911 1.690313 3.457640 -22.768697 -2.801543 -1.359835 0.000000 0.967521 83601
other-vehicle -1 -1 nan nan nan nan nan 0.878809 2.323702 1.419231 -34.001764 -13.327756 1.092299 0.000000 0.847491 83602
car -1 -1 nan nan nan nan nan 1.374926 1.819338 3.337088 -33.551682 2.502145 -1.583044 0.000000 0.939136 83603
car -1 -1 nan nan nan nan nan 1.359125 1.513277 1.449455 43.759403 -1.263396 -0.541012 0.000000 0.724682 83604
car -1 -1 nan nan nan nan nan 1.268358 1.585710 1.988441 -38.034794 -0.473252 -1.605917 0.000000 0.823967 83606
bicyclist -1 -1 nan nan nan nan nan 1.489519 0.560561 1.108479 -33.353750 -1.834976 -1.338669 0.000000 0.790865 83608
