car -1 -1 nan nan nan nan nan 1.373815 1.651149 3.954377 6.296185 2.365357 -0.999400 0.000000 0.942656 82689
car -1 -1 nan nan nan nan nan 0.552923 0.423057 0.848774 45.695147 3.966066 -0.709210 0.000000 0.486430 82691
car -1 -1 nan nan nan nan nan 1.453371 1.592970 3.167903 -17.308077 1.787564 -1.340639 0.000000 0.936205 82692
car -1 -1 nan nan nan nan nan 1.391509 1.864899 2.417429 -29.521472 -1.274338 -1.471292 0.000000 0.845350 82694
car -1 -1 nan nan nan nan nan 1.335136 1.547094 3.292446 32.297667 -2.714739 -0.706973 0.000000 0.892484 82695
car -1 -1 nan nan nan nan nan 1.327004 1.524256 2.174755 -37.481207 1.584611 -1.628641 0.000000 0.914034 82698
car -1 -1 nan nan nan nan nan 1.304839 1.666006 3.108248 21.852702 2.646012 -0.763083 0.000000 0.947445 82699
car -1 -1 nan nan nan nan nan 1.432621 1.606301 3.730401 -11.292080 2.304699 -1.235673 0.000000 0.951886 82700
car -1 -1 nan nan nan nan nan 1.441794 1.442458 3.173022 11.484189 2.211937 -0.876822 0.000000 0.953113 82701
car -1 -1 nan nan nan nan nan 1.289113 1.712813 4.303130 -0.975233 2.208861 -0.661313 0.000000 0.939988 82702
bicyclist -1 -1 nan nan nan nan nan 1.015914 0.340348 1.055733 0.405224 -2.170222 -0.491325 0.000000 0.837418 82697
person -1 -1 nan nan nan nan nan 0.697998 0.217235 0.202545 -38.157825 -5.368492 -1.643165 0.000000 0.728364 82703
