car -1 -1 nan nan nan nan nan 1.782503 1.841967 4.160828 5.113791 2.222913 -0.812449 0.000000 0.938188 82526
truck -1 -1 nan nan nan nan nan 0.709300 1.068323 1.320801 38.905128 4.105263 0.250202 0.000000 0.797571 82528
car -1 -1 nan nan nan nan nan 0.594218 0.556102 0.251373 -20.855066 11.086733 -2.097290 0.000000 0.706842 82530
car -1 -1 nan nan nan nan nan 1.448573 1.641488 3.225904 -10.879047 1.914776 -1.288898 0.000000 0.879788 82532
car -1 -1 nan nan nan nan nan 1.325802 1.507565 2.954111 17.787047 2.242318 -0.697786 0.000000 0.951488 82533
car -1 -1 nan nan nan nan nan 1.152955 1.364446 2.992634 28.385208 2.390778 -0.596178 0.000000 0.886867 82535
car -1 -1 nan nan nan nan nan 1.273815 1.684968 2.941683 -31.450519 1.748542 -1.754042 0.000000 0.851739 82537
other-vehicle -1 -1 nan nan nan nan nan 0.653898 0.576599 0.881548 -10.098829 -20.034124 -0.598582 0.000000 0.811482 82538
car -1 -1 nan nan nan nan nan 1.296871 1.558576 3.944448 12.625792 2.311924 -0.864513 0.000000 0.945804 82540
car -1 -1 nan nan nan nan nan 0.920209 1.503466 0.861645 37.381277 -2.855375 -0.547155 0.000000 0.888024 82543
car -1 -1 nan nan nan nan nan 1.218581 1.914430 2.261875 -30.380194 -1.423211 -1.836896 0.000000 0.797583 82544
car -1 -1 nan nan nan nan nan 0.669952 0.381114 0.375134 -35.735697 -5.389250 -1.978059 0.000000 0.833839 82545
car -1 -1 nan nan nan nan nan 1.421972 1.756581 3.356034 -5.003007 2.419947 -1.130771 0.000000 0.953972 82547
bicyclist -1 -1 nan nan nan nan nan 1.641956 0.617502 1.981714 3.705168 -2.073021 -0.768915 0.000000 0.950129 82541
person -1 -1 nan nan nan nan nan 0.633027 0.389443 0.856674 -33.879742 -5.654397 -1.023258 0.000000 0.550335 82531
