car -1 -1 nan nan nan nan nan 1.637851 1.842985 4.016386 25.988425 1.440488 -0.806352 0.000000 0.874462 81881
car -1 -1 nan nan nan nan nan 0.891279 0.450071 1.796909 -44.552050 -2.237260 -1.410156 0.000000 0.739633 81882
car -1 -1 nan nan nan nan nan 0.510047 0.333994 0.918411 48.340961 -0.276995 -1.072894 0.000000 0.777162 81884
car -1 -1 nan nan nan nan nan 1.324559 1.589755 3.344225 -21.862229 4.457115 -1.253275 0.000000 0.923733 81885
car -1 -1 nan nan nan nan nan 0.848455 2.446859 2.015308 -25.004459 -13.693571 -1.144106 0.000000 0.890976 81886
car -1 -1 nan nan nan nan nan 1.406599 1.795072 3.611897 9.437029 2.322560 -0.998548 0.000000 0.924413 81887
car -1 -1 nan nan nan nan nan 1.563024 2.422670 3.324575 -10.480007 3.025822 -1.081046 0.000000 0.914455 81889
car -1 -1 nan nan nan nan nan 1.406008 2.012320 3.409025 -31.515565 1.017239 -1.151433 0.000000 0.860252 81890
car -1 -1 nan nan nan nan nan 0.931948 0.429994 2.397022 38.594835 0.106999 -0.794039 0.000000 0.761009 81891
car -1 -1 nan nan nan nan nan 1.151053 2.777901 2.556820 -30.144070 -5.163901 -1.354260 0.000000 0.933240 81894
car -1 -1 nan nan nan nan nan 1.251499 1.273513 2.971090 -26.879426 4.549456 -1.238426 0.000000 0.945547 81896
car -1 -1 nan nan nan nan nan 0.899986 0.479993 2.287708 33.357058 0.531993 -0.964155 0.000000 0.823419 81897
car -1 -1 nan nan nan nan nan 1.384716 1.439992 3.557848 15.604238 2.167005 -0.996259 0.000000 0.941531 81899
car -1 -1 nan nan nan nan nan 0.540486 0.993834 0.836353 -27.666655 -9.427360 -1.012009 0.000000 0.848592 81900
bicycle -1 -1 nan nan nan nan nan 0.784911 0.825901 0.582611 -7.505786 -13.167346 -0.780819 0.000000 0.854604 81883
bicycle -1 -1 nan nan nan nan nan 0.993983 0.941087 0.923832 7.695877 -14.726789 -0.804179 0.000000 0.801185 81888
bicyclist -1 -1 nan nan nan nan nan 1.678916 0.588010 1.714808 14.737864 -2.117008 -0.836486 0.000000 0.937999 81893
bicycle -1 -1 nan nan nan nan nan 0.885101 1.324903 1.538151 -9.194756 -8.819256 -0.869788 0.000000 0.904627 81898
person -1 -1 nan nan nan nan nan 0.591207 0.518110 0.637972 -17.955300 -4.410739 -0.918381 0.000000 0.853716 81892
person -1 -1 nan nan nan nan nan 0.891990 0.943088 0.631810 -2.837036 -8.918535 -0.711069 0.000000 0.815110 81895
