car -1 -1 nan nan nan nan nan 1.446270 1.877952 3.990189 11.763185 2.096973 -0.782576 0.000000 0.934081 84251
car -1 -1 nan nan nan nan nan 0.495016 0.651020 0.857334 44.819208 1.254540 0.101434 0.000000 0.772232 84254
car -1 -1 nan nan nan nan nan 1.738496 1.899823 4.392511 -13.337706 2.839616 -1.257999 0.000000 0.945715 84255
car -1 -1 nan nan nan nan nan 1.435002 1.100009 3.337364 25.076174 -2.629044 -0.432210 0.000000 0.899047 84258
car -1 -1 nan nan nan nan nan 1.275055 1.258030 1.089695 34.957270 -2.890076 -0.070274 0.000000 0.751558 84259
car -1 -1 nan nan nan nan nan 1.517369 1.674901 3.440410 6.135860 -2.508282 -0.917295 0.000000 0.922976 84260
car -1 -1 nan nan nan nan nan 1.362712 1.643214 2.563309 -48.642746 1.267299 -2.391661 0.000000 0.438598 84261
car -1 -1 nan nan nan nan nan 1.517094 1.600008 3.087482 18.844944 -2.672022 -0.493102 0.000000 0.946104 84262
car -1 -1 nan nan nan nan nan 1.279984 1.821029 3.391029 24.769918 2.362543 -0.353180 0.000000 0.893813 84264
car -1 -1 nan nan nan nan nan 1.155004 0.843020 1.839722 32.996510 1.583541 -0.263616 0.000000 0.792735 84265
car -1 -1 nan nan nan nan nan 1.199793 1.542215 1.300018 -41.108929 3.409874 -2.210437 0.000000 0.915066 84266
bicyclist -1 -1 nan nan nan nan nan 0.911061 0.592944 0.740799 -48.623707 -10.138319 -1.836956 0.000000 0.875065 84252
