car -1 -1 nan nan nan nan nan 1.544748 2.093210 2.520485 -0.939996 -11.080388 -1.585578 0.000000 0.897295 84091
car -1 -1 nan nan nan nan nan 0.269376 1.321937 0.615231 -47.737173 1.860366 -2.028565 0.000000 0.768036 84092
car -1 -1 nan nan nan nan nan 1.393804 1.758544 3.753181 20.043200 2.095960 -0.783460 0.000000 0.933327 84095
car -1 -1 nan nan nan nan nan 0.655991 0.367352 0.544525 -48.256012 -13.468257 -1.726365 0.000000 0.574355 84096
car -1 -1 nan nan nan nan nan 1.750281 1.873582 4.276658 -5.885594 2.833884 -0.973984 0.000000 0.963414 84097
car -1 -1 nan nan nan nan nan 1.171957 1.594895 2.644444 -34.100771 3.344177 -1.653752 0.000000 0.926760 84099
other-vehicle -1 -1 nan nan nan nan nan 0.824914 1.405014 1.395348 -10.419643 -19.591053 -1.431792 0.000000 0.910998 84100
car -1 -1 nan nan nan nan nan 1.349928 1.296768 2.530302 32.139890 2.245091 -0.520380 0.000000 0.823932 84101
car -1 -1 nan nan nan nan nan 1.465381 1.612385 3.019713 13.611145 -2.450652 -0.870476 0.000000 0.934120 84102
car -1 -1 nan nan nan nan nan 1.540238 1.404698 2.930084 26.543999 -2.568953 -0.602377 0.000000 0.938737 84103
car -1 -1 nan nan nan nan nan 1.365116 0.585870 2.987339 32.671816 -2.296585 -0.524971 0.000000 0.698064 84106
other-vehicle -1 -1 nan nan nan nan nan 1.316432 2.854582 2.059887 42.115400 -6.560490 -0.010653 0.000000 0.952555 84109
car -1 -1 nan nan nan nan nan 0.294957 0.608909 0.260525 42.292509 -2.402134 -0.534031 0.000000 0.708169 84110
motorcycle -1 -1 nan nan nan nan nan 0.452990 0.485920 0.496712 40.018707 1.591750 -0.858774 0.000000 0.685729 84105
person -1 -1 nan nan nan nan nan 0.879059 0.453906 0.347963 23.367763 3.294252 -0.270305 0.000000 0.824050 84108
