car -1 -1 nan nan nan nan nan 1.447138 1.934774 2.135471 -46.040575 2.981038 -1.764373 0.000000 0.777904 83771
car -1 -1 nan nan nan nan nan 0.247745 0.576008 0.751585 17.732978 45.796778 -0.952706 0.000000 0.662369 83773
car -1 -1 nan nan nan nan nan 1.281787 1.642194 2.885090 31.237371 -1.948547 -0.676396 0.000000 0.893304 83775
car -1 -1 nan nan nan nan nan 1.467631 1.666051 3.097960 -16.786669 3.019587 -1.262127 0.000000 0.907252 83776
car -1 -1 nan nan nan nan nan 0.696089 1.511775 1.701714 -34.264019 -2.448045 -1.864555 0.000000 0.817462 83778
car -1 -1 nan nan nan nan nan 1.703102 1.992503 4.472976 11.169487 3.085554 -0.737392 0.000000 0.940697 83779
car -1 -1 nan nan nan nan nan 1.059888 1.166497 0.551369 42.973320 -1.761734 -0.390374 0.000000 0.814156 83781
car -1 -1 nan nan nan nan nan 1.504040 0.544245 0.950958 -41.533997 -1.166623 -1.384967 0.000000 0.820439 83782
car -1 -1 nan nan nan nan nan 1.136780 1.766196 1.961147 37.159697 2.719256 -0.662728 0.000000 0.804339 83784
car -1 -1 nan nan nan nan nan 0.579271 1.651509 1.213242 -43.604530 0.918073 -2.026399 0.000000 0.772351 83785
person -1 -1 nan nan nan nan nan 1.232047 0.476795 0.499062 40.076473 3.974741 -0.471004 0.000000 0.903865 83780
