car -1 -1 nan nan nan nan nan 1.092155 1.807056 4.724544 0.979785 2.610071 -0.886733 0.000000 0.964364 84967
car -1 -1 nan nan nan nan nan 1.445512 1.655576 1.695305 -45.908459 1.817876 -1.713819 0.000000 0.857757 84968
car -1 -1 nan nan nan nan nan 1.415373 1.536642 3.147589 -26.636046 -2.857168 -1.546303 0.000000 0.949428 84971
car -1 -1 nan nan nan nan nan 1.612354 1.534405 3.496411 -13.996617 -2.607146 -1.244630 0.000000 0.941997 84973
car -1 -1 nan nan nan nan nan 1.537072 1.678449 3.670105 12.141916 2.417641 -0.842598 0.000000 0.920742 84974
car -1 -1 nan nan nan nan nan 1.538221 2.074243 3.691196 -7.919710 2.650181 -1.120355 0.000000 0.954036 84975
car -1 -1 nan nan nan nan nan 1.045879 1.938377 2.913212 41.964441 3.346894 -0.649749 0.000000 0.907151 84976
car -1 -1 nan nan nan nan nan 1.336003 1.820701 4.069435 -29.059649 2.101602 -1.554561 0.000000 0.915497 84978
car -1 -1 nan nan nan nan nan 1.558738 1.814763 3.680822 2.867811 -2.591760 -0.970994 0.000000 0.897994 84979
car -1 -1 nan nan nan nan nan 1.596351 1.564842 3.507210 -8.027808 -2.686096 -1.109002 0.000000 0.914253 84980
car -1 -1 nan nan nan nan nan 1.534667 1.374904 2.523220 -44.023386 -1.291924 -1.729941 0.000000 0.624605 84981
car -1 -1 nan nan nan nan nan 1.117061 0.743514 0.795689 45.323309 6.254923 -0.423019 0.000000 0.499466 84985
person -1 -1 nan nan nan nan nan 1.663071 0.523205 0.640696 -17.384946 2.949429 -1.184767 0.000000 0.936603 84977
