car -1 -1 nan nan nan nan nan 1.199112 1.255755 3.213706 0.911219 -2.627981 -0.711576 0.000000 0.918259 84619
car -1 -1 nan nan nan nan nan 1.399805 1.489614 2.947252 27.406526 2.175398 -0.880627 0.000000 0.886874 84621
car -1 -1 nan nan nan nan nan 1.622899 2.155145 3.465361 -31.274060 2.651723 -1.218888 0.000000 0.941480 84622
car -1 -1 nan nan nan nan nan 1.475873 1.988368 3.761059 -11.527971 -2.706685 -1.173563 0.000000 0.923416 84623
car -1 -1 nan nan nan nan nan 1.305763 1.766808 4.168910 15.538796 2.454124 -0.959785 0.000000 0.928973 84624
other-vehicle -1 -1 nan nan nan nan nan 0.355027 0.579046 0.944508 6.164153 -12.863904 -0.839358 0.000000 0.737269 84625
car -1 -1 nan nan nan nan nan 1.445788 1.811993 3.955614 6.666072 2.607063 -0.962241 0.000000 0.939643 84626
car -1 -1 nan nan nan nan nan 0.813782 1.698700 2.614540 -44.654839 -0.555685 -1.627677 0.000000 0.782698 84628
car -1 -1 nan nan nan nan nan 1.434307 1.682737 3.513981 17.851490 -2.582154 -0.871203 0.000000 0.899011 84629
car -1 -1 nan nan nan nan nan 1.361086 1.736045 3.936668 -10.007960 2.387786 -1.128835 0.000000 0.934387 84630
car -1 -1 nan nan nan nan nan 1.590332 1.611993 3.697380 6.755948 -2.591009 -0.924901 0.000000 0.947110 84631
person -1 -1 nan nan nan nan nan 1.649997 0.618498 0.685596 -2.262241 3.084028 -0.876735 0.000000 0.730547 84627
