car -1 -1 nan nan nan nan nan 1.545300 1.580675 3.673622 -19.014578 2.507234 -1.388891 0.000000 0.919924 85529
car -1 -1 nan nan nan nan nan 0.287193 0.576890 0.408012 46.900715 2.912950 -0.308225 0.000000 0.651300 85530
car -1 -1 nan nan nan nan nan 1.438270 1.677254 3.795866 10.651427 3.105567 -0.875369 0.000000 0.923114 85533
car -1 -1 nan nan nan nan nan 0.768114 2.175585 2.134895 -47.295887 -0.343539 -2.453041 0.000000 0.824973 85534
car -1 -1 nan nan nan nan nan 1.291503 1.617579 3.803335 27.179233 2.981240 -0.480338 0.000000 0.870285 85536
car -1 -1 nan nan nan nan nan 1.161481 1.550522 4.226225 -30.084233 2.452739 -1.718909 0.000000 0.931225 85539
car -1 -1 nan nan nan nan nan 1.209134 0.316931 1.724667 33.000570 2.474948 -0.449448 0.000000 0.712376 85541
car -1 -1 nan nan nan nan nan 1.306545 1.745007 4.316629 -27.770181 -2.408140 -1.517148 0.000000 0.930058 85542
car -1 -1 nan nan nan nan nan 0.663761 0.529231 2.357075 -39.034613 2.198082 -1.857315 0.000000 0.819594 85543
car -1 -1 nan nan nan nan nan 1.423258 1.183333 2.598656 -39.387497 -2.233961 -1.689080 0.000000 0.880496 85547
car -1 -1 nan nan nan nan nan 0.355075 0.347898 0.856710 26.285712 4.363895 -0.814727 0.000000 0.410765 85548
