car -1 -1 nan nan nan nan nan 1.918618 1.954162 4.193226 -3.697475 2.872943 -0.876119 0.000000 0.949103 84055
car -1 -1 nan nan nan nan nan 1.073617 4.295561 1.943108 44.160828 -5.237463 0.126970 0.000000 0.822522 84056
car -1 -1 nan nan nan nan nan 1.280992 1.779674 3.425121 22.179770 2.092627 -0.751313 0.000000 0.896873 84058
car -1 -1 nan nan nan nan nan 0.330117 1.521049 0.988159 -24.946596 -15.432564 -0.554892 0.000000 0.559750 84059
car -1 -1 nan nan nan nan nan 1.807366 3.025347 3.189431 1.504152 -11.518964 -1.648656 0.000000 0.916012 84062
car -1 -1 nan nan nan nan nan 1.022160 1.467829 1.948322 34.249395 2.336712 -0.578691 0.000000 0.754146 84063
car -1 -1 nan nan nan nan nan 1.426006 1.640573 3.326922 15.950865 -2.451925 -0.826966 0.000000 0.917173 84064
car -1 -1 nan nan nan nan nan 1.530986 1.393793 2.820381 28.624479 -2.531630 -0.602725 0.000000 0.939565 84065
car -1 -1 nan nan nan nan nan 0.480060 0.512944 0.473579 42.261143 1.677320 -0.916717 0.000000 0.664784 84066
car -1 -1 nan nan nan nan nan 0.597064 0.708997 0.546288 -50.040688 -1.615013 -2.289269 0.000000 0.829094 84067
car -1 -1 nan nan nan nan nan 1.329994 0.351944 3.057690 34.830175 -2.151736 -0.511298 0.000000 0.821474 84068
car -1 -1 nan nan nan nan nan 0.580011 0.365962 0.220875 44.435251 -2.169775 -0.435386 0.000000 0.642543 84071
car -1 -1 nan nan nan nan nan 1.310402 1.611122 2.693840 -31.938271 3.357110 -1.666628 0.000000 0.945683 84072
person -1 -1 nan nan nan nan nan 0.629987 0.431938 0.356453 25.481262 3.285491 -0.147667 0.000000 0.860361 84070
