car -1 -1 nan nan nan nan nan 1.264426 2.095572 4.383814 -20.916589 2.576227 -1.185990 0.000000 0.896224 85371
car -1 -1 nan nan nan nan nan 0.902251 0.226787 1.215946 -47.369390 -2.243176 -1.533095 0.000000 0.845353 85375
car -1 -1 nan nan nan nan nan 1.421709 1.623447 3.283787 19.683081 3.237880 -1.042091 0.000000 0.929687 85376
car -1 -1 nan nan nan nan nan 1.354245 1.572092 3.972666 -30.551967 2.487219 -1.080745 0.000000 0.914979 85382
car -1 -1 nan nan nan nan nan 1.562019 1.609936 3.124692 -9.564980 2.458064 -1.009466 0.000000 0.894182 85383
car -1 -1 nan nan nan nan nan 0.998094 2.145367 3.416061 36.188084 3.477975 -1.076190 0.000000 0.839596 85387
car -1 -1 nan nan nan nan nan 1.514387 1.751827 3.757042 -18.959446 -2.503128 -1.080163 0.000000 0.945403 85388
car -1 -1 nan nan nan nan nan 1.266588 1.171273 2.146198 -35.676638 -2.503818 -0.967699 0.000000 0.792809 85389
truck -1 -1 nan nan nan nan nan 1.135285 1.265452 3.873627 -29.495781 -2.496434 -1.022933 0.000000 0.910001 85390
car -1 -1 nan nan nan nan nan 0.236627 0.368095 0.834735 -2.223495 34.679771 -2.878665 0.000000 0.665279 85391
car -1 -1 nan nan nan nan nan 0.709396 0.919536 0.765312 -38.757030 -7.323485 -1.001084 0.000000 0.860495 85392
car -1 -1 nan nan nan nan nan 0.641929 1.480753 1.549934 -45.824795 -0.226261 -1.562542 0.000000 0.728237 85393
car -1 -1 nan nan nan nan nan 0.269826 0.274681 0.359814 -21.007463 41.101185 -1.682314 0.000000 0.491629 85395
person -1 -1 nan nan nan nan nan 0.904196 0.420512 0.629810 -35.970415 -7.445018 -0.551234 0.000000 0.843877 85380
person -1 -1 nan nan nan nan nan 0.876070 0.587815 1.213749 35.637938 -4.018812 -0.974560 0.000000 0.825165 85384
