car -1 -1 nan nan nan nan nan 1.379643 1.669673 4.054924 -3.328171 2.410943 -1.077578 0.000000 0.964214 84517
car -1 -1 nan nan nan nan nan 0.912362 1.446228 0.951214 22.836693 -43.745258 -0.921679 0.000000 0.819033 84518
car -1 -1 nan nan nan nan nan 1.272587 1.873190 2.579678 -45.555067 0.044451 -1.415679 0.000000 0.719203 84519
car -1 -1 nan nan nan nan nan 1.452999 1.377450 2.912556 32.756437 1.888259 -0.781523 0.000000 0.880644 84520
car -1 -1 nan nan nan nan nan 1.642316 2.206921 3.562807 -26.211797 2.964123 -1.139589 0.000000 0.957994 84522
car -1 -1 nan nan nan nan nan 1.549273 1.369448 3.642316 12.042802 -2.509979 -0.872139 0.000000 0.939233 84524
car -1 -1 nan nan nan nan nan 1.472097 1.658347 3.789825 23.038418 -2.719437 -0.839817 0.000000 0.935426 84526
car -1 -1 nan nan nan nan nan 1.670251 1.632462 3.198186 5.955487 -2.504511 -0.895250 0.000000 0.943044 84529
car -1 -1 nan nan nan nan nan 1.920102 1.660371 3.599961 -6.267404 -2.434233 -0.907784 0.000000 0.927519 84530
car -1 -1 nan nan nan nan nan 1.254002 1.628358 3.945919 20.951712 2.233619 -0.872050 0.000000 0.944602 84531
car -1 -1 nan nan nan nan nan 1.493995 1.849275 3.828631 11.928896 2.604948 -0.881092 0.000000 0.937309 84532
bicycle -1 -1 nan nan nan nan nan 0.451020 0.313034 0.567312 18.610177 -16.997025 -0.820556 0.000000 0.695365 84521
person -1 -1 nan nan nan nan nan 1.695990 0.637947 0.711847 3.044585 3.272726 -0.847329 0.000000 0.874455 84528
