car -1 -1 nan nan nan nan nan 1.491766 1.695676 4.466678 7.964979 2.941245 -0.894582 0.000000 0.963278 85860
car -1 -1 nan nan nan nan nan 0.308257 1.087110 0.622631 -47.931910 -0.616224 -2.107805 0.000000 0.757541 85861
car -1 -1 nan nan nan nan nan 1.369286 2.303713 4.088463 29.181900 3.607550 -0.713576 0.000000 0.860568 85865
car -1 -1 nan nan nan nan nan 1.411397 1.803900 3.692491 -8.313158 3.061993 -1.179888 0.000000 0.945184 85867
car -1 -1 nan nan nan nan nan 1.409462 1.532565 3.701515 -38.297302 2.328627 -1.657607 0.000000 0.839668 85870
other-vehicle -1 -1 nan nan nan nan nan 0.557946 1.225873 2.480572 46.377409 3.403637 -0.719757 0.000000 0.889308 85872
car -1 -1 nan nan nan nan nan 1.331782 1.535740 3.936626 14.236885 3.057441 -0.846136 0.000000 0.936783 85873
car -1 -1 nan nan nan nan nan 0.295463 0.975700 1.217968 -43.914507 4.587431 -1.600992 0.000000 0.799167 85874
car -1 -1 nan nan nan nan nan 1.374668 4.233584 2.981701 8.020504 -9.756056 -0.881708 0.000000 0.945165 85875
bicycle -1 -1 nan nan nan nan nan 0.367941 0.958978 1.124901 8.184477 -15.262085 -1.322240 0.000000 0.736097 85866
motorcycle -1 -1 nan nan nan nan nan 0.269067 0.569947 0.274975 -45.918993 -2.846159 -2.008839 0.000000 0.841351 85876
