car -1 -1 nan nan nan nan nan 1.289252 1.590041 3.691832 0.563761 2.971804 -0.928544 0.000000 0.946051 85714
car -1 -1 nan nan nan nan nan 1.177716 1.076292 0.898907 -48.934614 -2.511202 -1.671746 0.000000 0.719646 85715
car -1 -1 nan nan nan nan nan 1.373947 1.323015 3.231991 38.000341 3.140520 -0.541531 0.000000 0.794630 85717
other-vehicle -1 -1 nan nan nan nan nan 0.275956 0.691037 1.010386 21.308726 -10.082914 -0.544796 0.000000 0.724423 85718
car -1 -1 nan nan nan nan nan 1.483945 1.477680 3.693966 -29.395466 2.352724 -1.435626 0.000000 0.919626 85719
car -1 -1 nan nan nan nan nan 0.429055 1.433685 0.981941 3.549485 -17.142893 -1.340985 0.000000 0.632676 85720
car -1 -1 nan nan nan nan nan 1.065686 1.470173 1.804699 -36.574137 -2.621594 -1.539275 0.000000 0.878351 85722
car -1 -1 nan nan nan nan nan 1.358838 1.282959 3.345974 23.188879 2.963364 -0.663205 0.000000 0.894339 85723
car -1 -1 nan nan nan nan nan 0.355541 0.266722 2.069633 -39.388641 1.809966 -1.882389 0.000000 0.621091 85724
car -1 -1 nan nan nan nan nan 1.362132 3.110826 2.978312 17.011031 -9.301658 -0.746502 0.000000 0.920681 85726
car -1 -1 nan nan nan nan nan 0.540574 2.034674 1.250946 -47.855900 0.220139 -2.188145 0.000000 0.740813 85728
car -1 -1 nan nan nan nan nan 1.432824 2.265799 3.936617 16.793147 3.298677 -0.754361 0.000000 0.912008 85732
motorcycle -1 -1 nan nan nan nan nan 0.410075 0.398955 0.578718 20.334943 -9.011895 -0.975893 0.000000 0.705860 85730
