car -1 -1 nan nan nan nan nan 1.258092 1.770449 3.222332 -31.590780 2.819592 -1.795665 0.000000 0.902804 86192
car -1 -1 nan nan nan nan nan 0.861981 1.046731 1.001728 49.620829 -5.114222 -0.066850 0.000000 0.777578 86193
other-vehicle -1 -1 nan nan nan nan nan 0.991123 1.412551 2.889256 22.748203 3.735362 -0.796666 0.000000 0.868794 86197
car -1 -1 nan nan nan nan nan 1.419140 1.721425 4.008707 -8.372766 3.077127 -1.198634 0.000000 0.959579 86198
car -1 -1 nan nan nan nan nan 1.353026 1.302328 2.612724 -47.045788 -1.000961 -1.997147 0.000000 0.592688 86199
car -1 -1 nan nan nan nan nan 1.551338 1.857155 4.510068 6.004149 3.399112 -0.883995 0.000000 0.948715 86200
car -1 -1 nan nan nan nan nan 0.218802 0.249882 0.846134 2.893981 30.315523 -0.321738 0.000000 0.594396 86201
car -1 -1 nan nan nan nan nan 1.318139 2.516276 1.427704 -3.168106 -8.318915 -1.068158 0.000000 0.762944 86202
car -1 -1 nan nan nan nan nan 1.376079 1.614405 3.940900 -14.832441 2.802535 -1.291509 0.000000 0.952020 86206
car -1 -1 nan nan nan nan nan 0.419912 0.758125 0.851467 7.083553 30.949211 -2.347438 0.000000 0.608131 86207
car -1 -1 nan nan nan nan nan 2.180732 1.690493 3.036479 -2.692318 -10.723897 -0.570132 0.000000 0.908649 86208
