car -1 -1 nan nan nan nan nan 1.301767 2.862066 4.114061 -0.583148 -15.595098 -1.341205 0.000000 0.951679 87259
car -1 -1 nan nan nan nan nan 0.761816 1.128765 0.930164 -43.707960 -8.401429 -2.153078 0.000000 0.720303 87262
car -1 -1 nan nan nan nan nan 0.828863 0.917923 1.203176 30.505431 -36.921040 -1.245861 0.000000 0.793911 87263
truck -1 -1 nan nan nan nan nan 1.638767 1.844687 1.445862 -32.224415 -32.642217 0.899320 0.000000 0.843407 87265
car -1 -1 nan nan nan nan nan 0.306662 0.455109 0.563354 38.246536 -15.964182 -2.512919 0.000000 0.717040 87266
car -1 -1 nan nan nan nan nan 0.524875 0.748955 0.822939 29.972299 6.018620 -1.618958 0.000000 0.556177 87271
car -1 -1 nan nan nan nan nan 1.500387 2.247681 3.955572 -27.659345 -9.353510 -1.692050 0.000000 0.863221 87273
other-vehicle -1 -1 nan nan nan nan nan 0.377369 0.529987 0.997362 13.834211 -22.999432 -1.495494 0.000000 0.802965 87274
car -1 -1 nan nan nan nan nan 1.447601 3.006449 1.698223 19.569426 -22.823094 -1.301866 0.000000 0.892559 87275
other-vehicle -1 -1 nan nan nan nan nan 0.818433 2.231719 2.440563 -28.773855 -7.268098 -1.837268 0.000000 0.791456 87278
car -1 -1 nan nan nan nan nan 0.856974 0.830286 0.641473 6.850546 25.776645 -2.548431 0.000000 0.689350 87280
motorcycle -1 -1 nan nan nan nan nan 1.191115 2.063934 0.921161 -15.213421 -21.516935 -1.567490 0.000000 0.518322 87270
person -1 -1 nan nan nan nan nan 1.151834 0.352757 0.387430 18.045896 -20.147787 -1.094344 0.000000 0.641414 87268
person -1 -1 nan nan nan nan nan 1.249051 0.395608 0.487408 20.238913 -10.809251 -1.019105 0.000000 0.921136 87272
