car -1 -1 nan nan nan nan nan 1.455052 1.722379 4.170154 11.176181 3.035361 -0.836767 0.000000 0.909102 85814
car -1 -1 nan nan nan nan nan 1.183064 1.096798 2.661364 -29.346112 37.280668 -1.649854 0.000000 0.764479 85816
car -1 -1 nan nan nan nan nan 0.589983 0.939859 1.482914 49.193727 3.312525 -0.769328 0.000000 0.826023 85818
car -1 -1 nan nan nan nan nan 1.238805 1.520539 2.527401 -34.605898 2.307835 -1.519426 0.000000 0.934110 85820
car -1 -1 nan nan nan nan nan 1.266075 1.794681 3.830721 32.551475 3.403890 -0.684536 0.000000 0.908365 85821
car -1 -1 nan nan nan nan nan 1.454892 1.785984 3.751047 -5.043939 3.064922 -1.123742 0.000000 0.944648 85822
car -1 -1 nan nan nan nan nan 1.316054 4.454165 2.920316 11.493850 -9.829528 -0.839046 0.000000 0.943130 85826
car -1 -1 nan nan nan nan nan 1.264077 1.367653 3.648262 17.648401 2.977210 -0.802898 0.000000 0.885553 85829
bicycle -1 -1 nan nan nan nan nan 0.717106 1.139900 0.975611 11.413041 -14.782128 -1.186335 0.000000 0.818070 85819
motorcycle -1 -1 nan nan nan nan nan 1.289155 1.369002 1.471954 -43.007366 -2.861962 -1.539122 0.000000 0.918856 85824
