car -1 -1 nan nan nan nan nan 1.470655 1.531883 3.381746 -25.921948 2.443815 -1.296164 0.000000 0.872708 85644
car -1 -1 nan nan nan nan nan 0.962766 1.181084 2.421921 41.060570 3.087730 -0.611029 0.000000 0.759654 85645
car -1 -1 nan nan nan nan nan 0.360292 1.235844 0.675568 7.836175 -16.761690 -1.253906 0.000000 0.564424 85647
car -1 -1 nan nan nan nan nan 0.513606 0.769921 1.245090 -47.518278 -0.180674 -2.111442 0.000000 0.754105 85648
car -1 -1 nan nan nan nan nan 1.290733 2.274064 3.747398 20.177706 3.280068 -0.728148 0.000000 0.905278 85649
other-vehicle -1 -1 nan nan nan nan nan 0.937507 0.927135 0.604918 21.573159 -15.949747 0.470835 0.000000 0.077510 85651
car -1 -1 nan nan nan nan nan 1.029433 1.317079 2.681229 -36.242970 2.323648 -1.435444 0.000000 0.852960 85652
car -1 -1 nan nan nan nan nan 1.239779 1.231048 3.134766 26.641417 2.937627 -0.629571 0.000000 0.878812 85655
other-vehicle -1 -1 nan nan nan nan nan 0.269838 0.824036 0.455786 19.604436 -9.477135 -0.616284 0.000000 0.476824 85656
car -1 -1 nan nan nan nan nan 1.419118 1.604206 3.855893 3.852971 2.979026 -0.949202 0.000000 0.932342 85657
car -1 -1 nan nan nan nan nan 0.537943 0.891662 0.577850 -45.206364 2.459825 -1.186133 0.000000 0.474231 85659
car -1 -1 nan nan nan nan nan 1.436240 1.783763 2.710907 -46.283314 -2.099321 -1.763718 0.000000 0.823088 85660
car -1 -1 nan nan nan nan nan 1.025434 1.577973 1.756557 -34.040987 -2.650549 -1.452579 0.000000 0.913426 85663
