other-vehicle -1 -1 nan nan nan nan nan 1.070786 1.807236 2.775759 -3.209749 3.396953 -1.280520 0.000000 0.898433 86618
car -1 -1 nan nan nan nan nan 0.670562 1.434921 1.002922 32.574097 33.300819 -2.955900 0.000000 0.638473 86620
car -1 -1 nan nan nan nan nan 1.198863 3.006379 3.645029 22.832397 -9.782778 -0.314401 0.000000 0.912535 86623
car -1 -1 nan nan nan nan nan 1.432929 1.732371 4.182402 -19.518807 5.536098 -1.358029 0.000000 0.943933 86624
car -1 -1 nan nan nan nan nan 1.219096 1.440549 3.352699 -34.076611 7.580693 -1.533706 0.000000 0.884270 86626
car -1 -1 nan nan nan nan nan 0.966899 0.233462 0.799229 -39.465055 7.900126 -1.840988 0.000000 0.589398 86631
car -1 -1 nan nan nan nan nan 0.731259 1.455396 0.840542 -40.198988 5.424048 -1.980709 0.000000 0.734345 86632
motorcycle -1 -1 nan nan nan nan nan 1.283971 1.938737 0.782308 7.824527 -12.393686 -0.390850 0.000000 0.462180 86625
bicyclist -1 -1 nan nan nan nan nan 1.294249 1.349897 0.856861 42.103151 -12.709927 0.225764 0.000000 0.922334 86627
person -1 -1 nan nan nan nan nan 0.565066 0.439258 0.443695 44.702621 -8.240084 -0.148716 0.000000 0.912065 86619
