other-vehicle -1 -1 nan nan nan nan nan 1.125254 2.237109 3.248615 -4.067010 3.597735 -1.331785 0.000000 0.868995 86633
car -1 -1 nan nan nan nan nan 0.337007 0.340038 0.869322 -20.514602 42.420214 -3.981457 0.000000 0.725976 86635
car -1 -1 nan nan nan nan nan 1.224969 2.899978 3.852333 21.656597 -10.413701 -0.328272 0.000000 0.922584 86637
car -1 -1 nan nan nan nan nan 1.425082 1.705534 4.092680 -20.130137 6.037800 -1.373508 0.000000 0.919096 86641
car -1 -1 nan nan nan nan nan 1.250051 1.405408 2.002716 -34.046978 8.558099 -1.549482 0.000000 0.859112 86645
car -1 -1 nan nan nan nan nan 0.723139 1.604642 0.985046 -39.833508 6.448438 -1.932402 0.000000 0.853717 86650
bicycle -1 -1 nan nan nan nan nan 0.268990 0.219147 0.275877 5.103678 -10.147330 -0.700688 0.000000 0.657820 86640
bicyclist -1 -1 nan nan nan nan nan 0.993991 1.207282 0.541431 40.711424 -13.391544 0.362102 0.000000 0.896271 86647
motorcycle -1 -1 nan nan nan nan nan 1.320005 2.063345 0.749031 6.579143 -12.687241 -0.410186 0.000000 0.772609 86648
person -1 -1 nan nan nan nan nan 0.999997 0.355255 0.425319 0.944704 32.476131 -2.902847 0.000000 0.649154 86638
person -1 -1 nan nan nan nan nan 1.075001 0.317697 0.602737 43.465961 -9.493388 -0.191456 0.000000 0.850354 86639
