car -1 -1 nan nan nan nan nan 0.372212 1.759145 0.882072 26.117966 14.078149 -0.590191 0.000000 0.339622 87176
car -1 -1 nan nan nan nan nan 1.208138 1.183189 1.528772 26.880506 -41.202049 -1.663614 0.000000 0.809594 87177
car -1 -1 nan nan nan nan nan 1.324327 2.462267 4.219443 -1.006959 -15.605283 -1.438945 0.000000 0.933448 87183
other-vehicle -1 -1 nan nan nan nan nan 1.077333 2.221190 2.427763 -27.644490 -3.394647 -1.876180 0.000000 0.841917 87185
car -1 -1 nan nan nan nan nan 1.341315 1.809248 3.309776 -29.422979 -5.909580 -1.673274 0.000000 0.885950 87190
car -1 -1 nan nan nan nan nan 1.322756 3.411180 1.703009 18.019820 -25.926885 -1.422789 0.000000 0.898713 87192
truck -1 -1 nan nan nan nan nan 0.285865 0.636927 0.560291 -32.998396 -26.661956 -0.545791 0.000000 0.668927 87194
other-vehicle -1 -1 nan nan nan nan nan 0.495180 0.409048 0.224125 -35.075079 -27.214190 1.464660 0.000000 0.544006 87197
motorcycle -1 -1 nan nan nan nan nan 1.324266 2.111490 0.550816 -16.155149 -19.283185 -1.688448 0.000000 0.920473 87175
motorcycle -1 -1 nan nan nan nan nan 0.405017 0.471071 0.595890 16.372658 -27.613469 -1.005931 0.000000 0.614664 87186
motorcycle -1 -1 nan nan nan nan nan 0.918972 0.683689 0.512908 15.403157 -26.444647 -1.225240 0.000000 0.715827 87196
person -1 -1 nan nan nan nan nan 1.336972 0.357758 0.377096 20.341937 -13.825246 -1.095633 0.000000 0.927648 87179
person -1 -1 nan nan nan nan nan 0.858990 0.359612 0.411766 16.852179 -22.729471 -1.301728 0.000000 0.474729 87189
