car -1 -1 nan nan nan nan nan 1.116602 2.989385 2.932781 45.525057 -5.323907 0.119521 0.000000 0.848580 86271
car -1 -1 nan nan nan nan nan 1.498752 1.783576 4.511007 1.159461 3.306564 -0.940601 0.000000 0.968715 86272
car -1 -1 nan nan nan nan nan 1.963768 2.121039 3.683171 -8.082174 -10.796093 -0.793330 0.000000 0.932091 86274
other-vehicle -1 -1 nan nan nan nan nan 1.135931 1.429642 3.821910 17.289050 3.579128 -0.869238 0.000000 0.902573 86275
car -1 -1 nan nan nan nan nan 0.581566 1.334754 1.278584 -45.668749 -0.420964 -2.621387 0.000000 0.792745 86276
car -1 -1 nan nan nan nan nan 1.463734 1.914155 3.869141 -13.338207 3.259691 -1.343764 0.000000 0.963752 86277
car -1 -1 nan nan nan nan nan 1.278066 1.557152 3.368202 -36.346016 2.860097 -2.035956 0.000000 0.911636 86278
car -1 -1 nan nan nan nan nan 1.387885 1.425735 4.483580 -20.091023 2.875846 -1.459051 0.000000 0.907083 86279
car -1 -1 nan nan nan nan nan 1.395792 2.902548 3.544068 -9.244789 -8.913492 -1.134639 0.000000 0.916050 86282
car -1 -1 nan nan nan nan nan 0.205702 0.500706 0.517128 -26.815781 13.986581 -0.340082 0.000000 0.657667 86285
person -1 -1 nan nan nan nan nan 0.934695 0.275964 0.291029 -30.590774 -4.609580 -1.628384 0.000000 0.861254 86270
person -1 -1 nan nan nan nan nan 0.602079 0.315783 0.274792 -33.038752 -7.247691 -1.597171 0.000000 0.838459 86281
