car -1 -1 nan nan nan nan nan 1.292427 1.595752 4.286288 -1.093403 -15.274996 -1.307486 0.000000 0.938847 87067
car -1 -1 nan nan nan nan nan 0.704110 0.719326 0.440792 -38.598795 6.181432 -1.401772 0.000000 0.593482 87070
car -1 -1 nan nan nan nan nan 1.008596 1.215866 1.278808 -7.440528 -40.222652 -1.603038 0.000000 0.750562 87073
other-vehicle -1 -1 nan nan nan nan nan 1.011206 3.048737 2.651768 -24.352818 1.436819 -1.615245 0.000000 0.867584 87077
car -1 -1 nan nan nan nan nan 1.341524 3.697517 1.420352 15.638257 -29.846874 -1.302225 0.000000 0.920189 87078
car -1 -1 nan nan nan nan nan 0.243892 0.500556 0.485422 30.203015 13.085355 -1.555594 0.000000 0.482427 87079
car -1 -1 nan nan nan nan nan 0.963096 1.225609 1.233013 31.493734 7.167539 -0.536136 0.000000 0.801865 87082
car -1 -1 nan nan nan nan nan 1.514642 2.457967 3.889698 -32.246134 0.970199 -1.420943 0.000000 0.808719 87087
other-vehicle -1 -1 nan nan nan nan nan 0.659450 0.544655 0.550879 -13.397921 -31.637392 -0.985832 0.000000 0.420106 87092
motorcycle -1 -1 nan nan nan nan nan 1.240732 2.164934 0.591619 -16.599212 -15.924178 -1.389364 0.000000 0.689259 87076
person -1 -1 nan nan nan nan nan 1.309913 0.391552 0.410248 20.292059 -18.150414 -1.150276 0.000000 0.915297 87074
