truck -1 -1 nan nan nan nan nan 0.442804 1.774056 1.172478 38.564369 -13.725929 1.375123 0.000000 0.836757 88330
car -1 -1 nan nan nan nan nan 1.167615 0.323849 0.923097 -11.365695 -37.826036 -2.604429 0.000000 0.586210 88332
car -1 -1 nan nan nan nan nan 1.442725 1.895128 4.213679 6.390933 -3.640932 -1.106731 0.000000 0.939563 88333
car -1 -1 nan nan nan nan nan 1.571339 3.986419 1.892660 -3.788099 15.633021 -0.518607 0.000000 0.943620 88337
other-vehicle -1 -1 nan nan nan nan nan 0.939356 1.881527 2.319338 21.068948 -28.977921 -2.238384 0.000000 0.907451 88343
car -1 -1 nan nan nan nan nan 1.421922 1.561629 3.325752 32.887207 -7.215704 -0.554099 0.000000 0.901776 88344
car -1 -1 nan nan nan nan nan 0.601044 0.314587 0.480938 48.201029 -8.800477 -0.776311 0.000000 0.664751 88346
car -1 -1 nan nan nan nan nan 0.833824 1.370419 1.132551 -27.239490 0.495209 -2.959836 0.000000 0.870356 88351
car -1 -1 nan nan nan nan nan 1.526746 3.698065 2.943691 -7.110193 -10.005928 -1.692135 0.000000 0.919498 88353
motorcycle -1 -1 nan nan nan nan nan 1.110128 1.808340 1.128479 20.854923 -9.786931 -0.955447 0.000000 0.932406 88338
person -1 -1 nan nan nan nan nan 1.340799 0.512454 0.437562 -12.266156 6.726481 -1.135314 0.000000 0.940256 88341
person -1 -1 nan nan nan nan nan 1.309053 0.349234 0.418894 -4.137886 11.925581 -0.538210 0.000000 0.126980 88349
person -1 -1 nan nan nan nan nan 0.693038 0.248210 0.387909 37.447460 -7.256583 -0.672747 0.000000 0.729481 88354
