car -1 -1 nan nan nan nan nan 1.373204 3.028270 2.714997 6.073431 -11.318303 -1.276002 0.000000 0.901115 87831
car -1 -1 nan nan nan nan nan 1.480028 2.760260 2.449783 32.305950 16.055171 0.013931 0.000000 0.677472 87833
other-vehicle -1 -1 nan nan nan nan nan 0.762382 0.585777 0.612341 -17.644443 -17.900896 -1.591350 0.000000 0.793919 87836
car -1 -1 nan nan nan nan nan 1.454071 3.104915 3.272737 16.324203 7.660170 -0.547324 0.000000 0.922217 87840
car -1 -1 nan nan nan nan nan 1.550794 4.029259 2.154436 -8.711844 -14.337805 -1.614465 0.000000 0.917427 87842
car -1 -1 nan nan nan nan nan 1.152503 1.303200 1.632683 17.891750 -34.660244 -1.423729 0.000000 0.796010 87847
car -1 -1 nan nan nan nan nan 1.527634 1.649982 0.878952 16.291973 -35.177420 -1.387577 0.000000 0.729234 87849
motorcycle -1 -1 nan nan nan nan nan 1.248872 0.474192 2.069829 9.582532 -27.198773 -1.532249 0.000000 0.285241 87839
motorcycle -1 -1 nan nan nan nan nan 0.776456 1.810535 0.849694 -5.872039 -38.218988 -2.554300 0.000000 0.365593 87843
bicycle -1 -1 nan nan nan nan nan 0.249166 0.321751 0.268111 15.584867 -33.665094 -1.792588 0.000000 0.719925 87844
person -1 -1 nan nan nan nan nan 1.302111 0.649661 0.385947 4.398207 9.509971 -0.775276 0.000000 0.915761 87837
person -1 -1 nan nan nan nan nan 1.232991 0.461751 0.313472 13.310554 5.738321 -0.611869 0.000000 0.109192 87845
