car -1 -1 nan nan nan nan nan 1.507590 3.627928 3.102808 -5.617448 -11.860446 -1.539554 0.000000 0.909862 88163
other-vehicle -1 -1 nan nan nan nan nan 0.953663 1.942108 2.085998 15.621853 -34.096745 -2.387245 0.000000 0.818371 88165
car -1 -1 nan nan nan nan nan 1.444724 2.323602 4.227312 8.390874 -5.676014 -1.201895 0.000000 0.937909 88168
other-vehicle -1 -1 nan nan nan nan nan 0.909291 1.107668 1.348609 -6.533563 -26.257785 -1.832806 0.000000 0.774366 88169
car -1 -1 nan nan nan nan nan 1.482849 1.507721 1.366879 31.931322 -16.038473 -1.296775 0.000000 0.795038 88171
car -1 -1 nan nan nan nan nan 1.458566 3.288527 2.601249 10.746065 32.379270 0.228602 0.000000 0.750174 88172
car -1 -1 nan nan nan nan nan 1.478241 3.383245 2.709856 3.814387 15.233453 -0.558626 0.000000 0.938338 88179
car -1 -1 nan nan nan nan nan 1.005367 1.060759 0.966143 -16.969062 30.505548 -1.902840 0.000000 0.606865 88188
motorcycle -1 -1 nan nan nan nan nan 1.094989 1.425694 1.627834 20.680712 -15.685062 -1.179346 0.000000 0.918043 88157
bicyclist -1 -1 nan nan nan nan nan 1.359220 0.637933 0.702957 -43.249794 16.166364 -2.051875 0.000000 0.295144 88158
person -1 -1 nan nan nan nan nan 1.323256 0.427106 0.549927 -6.882985 9.055547 -0.904320 0.000000 0.944556 88161
person -1 -1 nan nan nan nan nan 1.265990 0.417092 0.373389 2.413082 12.034148 -0.601194 0.000000 0.318727 88177
