car -1 -1 nan nan nan nan nan 1.335130 1.617484 4.227735 3.447089 -3.068118 -1.142081 0.000000 0.965541 88457
car -1 -1 nan nan nan nan nan 1.423815 2.936559 1.709602 -8.742868 14.763217 -0.220803 0.000000 0.946881 88461
car -1 -1 nan nan nan nan nan 1.588206 1.636474 3.677664 30.231091 -4.035303 -0.826336 0.000000 0.923501 88462
car -1 -1 nan nan nan nan nan 1.570511 4.029634 2.643903 -10.398703 -8.046383 -1.634260 0.000000 0.915083 88463
other-vehicle -1 -1 nan nan nan nan nan 0.424614 1.026344 0.639437 18.685538 -10.856109 -1.602776 0.000000 0.054821 88464
car -1 -1 nan nan nan nan nan 0.901598 1.260565 1.168156 -30.033171 -2.006677 -2.866737 0.000000 0.797930 88466
other-vehicle -1 -1 nan nan nan nan nan 0.937810 1.611256 2.765417 20.713910 -26.794514 -2.683396 0.000000 0.841136 88468
car -1 -1 nan nan nan nan nan 0.943080 1.408588 1.819546 33.122972 -35.751791 -2.703344 0.000000 0.930220 88471
car -1 -1 nan nan nan nan nan 1.085385 0.924429 0.431229 45.014877 1.637063 -0.191739 0.000000 0.811007 88480
motorcycle -1 -1 nan nan nan nan nan 0.767293 0.627247 0.958599 28.351351 -35.179369 -2.721192 0.000000 0.853835 88460
bicyclist -1 -1 nan nan nan nan nan 0.514881 0.424652 0.532021 45.489494 -3.918179 -1.007924 0.000000 0.867817 88472
motorcycle -1 -1 nan nan nan nan nan 1.195062 2.099457 0.995340 18.355786 -7.748900 -1.158293 0.000000 0.930605 88473
motorcycle -1 -1 nan nan nan nan nan 0.779845 0.552212 0.978603 25.337746 -33.857271 -1.521279 0.000000 0.826980 88476
motorcycle -1 -1 nan nan nan nan nan 0.842965 0.269387 0.889400 34.890509 -3.442913 -0.943703 0.000000 0.824635 88479
person -1 -1 nan nan nan nan nan 1.338092 0.453737 0.355335 -16.247795 5.300846 -1.007825 0.000000 0.934560 88465
person -1 -1 nan nan nan nan nan 0.703027 0.437545 0.408095 -8.690485 11.304753 -0.156951 0.000000 0.842495 88475
