car -1 -1 nan nan nan nan nan 1.357189 2.648469 3.886960 -0.287128 -15.464181 -1.361545 0.000000 0.947466 87306
car -1 -1 nan nan nan nan nan 0.805673 1.591880 1.155434 -43.925655 -12.295742 -2.240595 0.000000 0.834450 87308
car -1 -1 nan nan nan nan nan 0.817027 0.796021 1.122162 32.669235 -33.846066 -1.183855 0.000000 0.785479 87310
car -1 -1 nan nan nan nan nan 1.223050 2.445597 1.397308 30.599119 11.290859 -1.848306 0.000000 0.817131 87312
car -1 -1 nan nan nan nan nan 1.426263 1.907101 3.939735 -25.981480 -11.525374 -1.628908 0.000000 0.901067 87314
car -1 -1 nan nan nan nan nan 1.432980 3.154860 1.934519 20.530763 -20.878692 -1.249706 0.000000 0.831330 87316
car -1 -1 nan nan nan nan nan 0.298900 0.617551 0.266743 38.251268 -12.730168 -2.430271 0.000000 0.692220 87317
other-vehicle -1 -1 nan nan nan nan nan 0.845308 1.981583 2.558760 -29.193263 -10.031184 -1.921471 0.000000 0.877414 87319
person -1 -1 nan nan nan nan nan 1.331008 0.384584 0.496756 19.947679 -8.829606 -1.023693 0.000000 0.942272 87313
person -1 -1 nan nan nan nan nan 0.798030 0.236286 0.326315 18.637475 -18.388325 -1.197471 0.000000 0.694884 87318
