car -1 -1 nan nan nan nan nan 1.647449 1.945921 3.699528 10.444751 -2.907968 -1.059444 0.000000 0.928769 89245
car -1 -1 nan nan nan nan nan 0.578943 1.191089 1.541698 48.513037 -2.807686 0.648203 0.000000 0.702390 89247
car -1 -1 nan nan nan nan nan 1.380749 1.660113 3.790356 31.409620 -2.672147 -0.385627 0.000000 0.873710 89248
car -1 -1 nan nan nan nan nan 1.564661 1.898638 3.949818 -5.777763 -3.053368 -1.163186 0.000000 0.895759 89249
truck -1 -1 nan nan nan nan nan 1.237780 0.565024 1.250393 39.879141 2.541672 0.953279 0.000000 0.451006 89250
car -1 -1 nan nan nan nan nan 1.246017 1.648522 4.012903 -32.427371 -3.103244 -2.048111 0.000000 0.899305 89251
car -1 -1 nan nan nan nan nan 0.308800 2.603175 1.382412 42.914732 -3.527729 0.492885 0.000000 0.448231 89253
car -1 -1 nan nan nan nan nan 1.420789 1.473081 3.803445 15.809257 -2.571584 -0.972674 0.000000 0.911564 89254
car -1 -1 nan nan nan nan nan 1.220702 1.613096 3.678228 26.134936 -2.611628 -0.757667 0.000000 0.845849 89256
car -1 -1 nan nan nan nan nan 1.492128 1.912737 4.042573 -0.075641 -2.956795 -0.752705 0.000000 0.971753 89264
motorcyclist -1 -1 nan nan nan nan nan 0.465929 0.406027 1.242069 37.182344 -2.027115 -0.542046 0.000000 0.775414 89255
bicycle -1 -1 nan nan nan nan nan 0.615884 0.246000 0.671478 35.884808 2.703162 0.014360 0.000000 0.824469 89258
motorcycle -1 -1 nan nan nan nan nan 0.474921 0.295007 0.227715 38.058170 2.748663 -0.089081 0.000000 0.689459 89261
person -1 -1 nan nan nan nan nan 0.803012 0.316017 0.476799 32.318893 -4.847263 -0.248217 0.000000 0.852992 89259
