car -1 -1 nan nan nan nan nan 1.311182 3.383191 3.468400 0.612427 -15.445823 -1.385007 0.000000 0.946643 87389
car -1 -1 nan nan nan nan nan 0.875890 1.440838 0.796112 -42.516846 -22.894691 -1.760795 0.000000 0.842000 87391
car -1 -1 nan nan nan nan nan 0.533837 1.276941 0.853756 37.031343 -24.968877 -0.692685 0.000000 0.665043 87392
car -1 -1 nan nan nan nan nan 0.744238 0.702747 0.691895 -13.356534 -36.806753 -2.124865 0.000000 0.707175 87393
car -1 -1 nan nan nan nan nan 1.457421 2.373291 2.617998 -21.228042 -14.983051 -1.557238 0.000000 0.809462 87395
car -1 -1 nan nan nan nan nan 0.497220 1.493732 2.541315 9.600537 18.682510 -1.482347 0.000000 0.481884 87396
other-vehicle -1 -1 nan nan nan nan nan 0.521329 0.495564 0.599442 -15.583704 -23.833832 -0.957019 0.000000 0.368809 87397
car -1 -1 nan nan nan nan nan 1.473056 2.843558 3.189083 22.361134 -15.392500 -1.212716 0.000000 0.930686 87398
car -1 -1 nan nan nan nan nan 0.224108 0.527538 0.503487 37.364182 -3.508874 -2.472695 0.000000 0.533734 87400
other-vehicle -1 -1 nan nan nan nan nan 1.088991 1.782934 2.846739 -28.838496 -17.236659 -1.959621 0.000000 0.876343 87403
motorcycle -1 -1 nan nan nan nan nan 1.257761 1.679243 1.200749 -11.248109 -25.939967 -1.651413 0.000000 0.049958 87405
person -1 -1 nan nan nan nan nan 1.263996 0.415499 0.450251 18.366611 -3.821088 -1.020507 0.000000 0.920797 87401
person -1 -1 nan nan nan nan nan 0.299039 0.470681 0.457489 19.567192 -13.463386 -0.699338 0.000000 0.113283 87404
