car -1 -1 nan nan nan nan nan 1.652580 1.790207 3.888160 4.608516 -2.916181 -0.991797 0.000000 0.959649 89053
car -1 -1 nan nan nan nan nan 1.220748 1.450143 3.452869 26.447489 -2.381968 -0.321830 0.000000 0.847268 89056
car -1 -1 nan nan nan nan nan 1.102651 1.090396 3.169910 36.998358 -2.151151 0.214308 0.000000 0.758409 89059
car -1 -1 nan nan nan nan nan 1.306192 1.937073 3.887115 -21.679388 -3.177459 -2.254436 0.000000 0.923765 89060
other-vehicle -1 -1 nan nan nan nan nan 0.606613 0.273709 0.402205 7.883838 -12.041694 -1.276812 0.000000 0.722736 89061
car -1 -1 nan nan nan nan nan 1.678699 1.820707 3.803304 10.440973 -2.822942 -0.718044 0.000000 0.941768 89064
car -1 -1 nan nan nan nan nan 1.482406 1.768873 3.666449 21.314610 -2.653204 -0.472567 0.000000 0.928814 89066
car -1 -1 nan nan nan nan nan 0.571904 0.391717 0.573032 46.440676 2.877258 1.207424 0.000000 0.677060 89067
motorcycle -1 -1 nan nan nan nan nan 1.376384 2.137291 1.109681 -6.976918 -7.051741 -1.750623 0.000000 0.966897 89058
person -1 -1 nan nan nan nan nan 0.616015 0.327764 0.366667 31.566854 3.221920 -0.149525 0.000000 0.828733 89063
