car -1 -1 nan nan nan nan nan 1.497121 3.937307 2.725194 -8.525848 -9.179775 -1.644135 0.000000 0.909997 88393
car -1 -1 nan nan nan nan nan 1.273865 2.954370 2.043592 -6.234847 14.976400 -0.248655 0.000000 0.883085 88398
car -1 -1 nan nan nan nan nan 0.847162 1.609301 1.239275 -28.245593 -0.870580 -2.784706 0.000000 0.711680 88401
car -1 -1 nan nan nan nan nan 1.941700 1.964908 4.141932 5.011571 -3.377929 -0.986658 0.000000 0.957079 88402
truck -1 -1 nan nan nan nan nan 0.695065 0.275805 0.835320 36.448536 -4.809123 -1.098391 0.000000 0.427672 88403
other-vehicle -1 -1 nan nan nan nan nan 0.920148 1.894487 2.576788 21.299344 -27.584601 -2.969879 0.000000 0.901016 88404
car -1 -1 nan nan nan nan nan 1.507414 1.735126 3.337381 31.686305 -5.163633 -0.981506 0.000000 0.921858 88409
car -1 -1 nan nan nan nan nan 0.312217 0.337012 1.103573 47.327082 -5.603071 -1.178233 0.000000 0.735191 88410
car -1 -1 nan nan nan nan nan 0.604389 1.175789 1.034111 33.131355 -36.907875 -3.131917 0.000000 0.891703 88413
motorcycle -1 -1 nan nan nan nan nan 1.301272 1.981865 1.141891 19.831926 -8.448787 -1.268479 0.000000 0.959335 88397
motorcycle -1 -1 nan nan nan nan nan 0.346845 0.212538 1.283857 0.176546 -27.363223 -2.664295 0.000000 0.827606 88400
person -1 -1 nan nan nan nan nan 1.298743 0.476700 0.309074 -14.284402 5.827845 -0.886721 0.000000 0.949817 88405
person -1 -1 nan nan nan nan nan 1.278407 0.495831 0.413852 -6.499159 11.552331 -0.273266 0.000000 0.538306 88411
