car -1 -1 nan nan nan nan nan 1.566149 3.673717 3.027706 -6.163028 -10.814281 -1.791427 0.000000 0.890482 88257
car -1 -1 nan nan nan nan nan 0.209486 1.427927 0.420103 -23.105451 26.696870 -1.889243 0.000000 0.784441 88262
car -1 -1 nan nan nan nan nan 1.456121 1.895017 4.246479 7.473902 -4.295473 -1.177700 0.000000 0.960673 88265
car -1 -1 nan nan nan nan nan 1.634234 1.558412 3.154884 33.388447 -10.511829 -0.890344 0.000000 0.863598 88266
other-vehicle -1 -1 nan nan nan nan nan 0.896024 1.599655 2.412737 19.395761 -31.022533 -2.722911 0.000000 0.886857 88267
car -1 -1 nan nan nan nan nan 0.914392 0.636343 0.769749 -17.545433 25.038974 -1.241955 0.000000 0.732407 88272
car -1 -1 nan nan nan nan nan 1.177847 1.132408 1.262152 2.889621 32.773273 0.760851 0.000000 0.820864 88273
car -1 -1 nan nan nan nan nan 1.557902 3.735967 2.163363 -0.630369 15.842985 -0.316316 0.000000 0.927311 88275
motorcycle -1 -1 nan nan nan nan nan 1.047631 1.686792 1.431005 21.245107 -12.013148 -1.100311 0.000000 0.924605 88263
bicycle -1 -1 nan nan nan nan nan 0.562735 0.519257 0.634325 25.589791 -40.709332 -2.495696 0.000000 0.863395 88278
person -1 -1 nan nan nan nan nan 1.240884 0.402358 0.413972 -1.443168 12.094459 -0.370795 0.000000 0.155477 88264
person -1 -1 nan nan nan nan nan 1.372362 0.438967 0.457625 -10.068722 7.740720 -0.972942 0.000000 0.946335 88269
