car -1 -1 nan nan nan nan nan 1.506824 3.290198 1.771309 -4.703765 15.378037 -0.352979 0.000000 0.910053 88357
other-vehicle -1 -1 nan nan nan nan nan 0.942646 1.281155 1.301504 32.531304 -38.368322 -2.742529 0.000000 0.911082 88358
car -1 -1 nan nan nan nan nan 1.530182 3.807167 2.874918 -7.527635 -9.770325 -1.728874 0.000000 0.899182 88361
other-vehicle -1 -1 nan nan nan nan nan 0.928233 2.322491 2.625322 21.306764 -28.343483 -2.612391 0.000000 0.833887 88362
car -1 -1 nan nan nan nan nan 1.460579 1.858694 4.131598 5.963807 -3.513476 -1.150092 0.000000 0.939339 88364
car -1 -1 nan nan nan nan nan 1.377833 1.610244 3.593477 32.680945 -6.392781 -0.734426 0.000000 0.840183 88365
car -1 -1 nan nan nan nan nan 0.588089 0.378422 0.362843 47.914392 -7.509961 -0.766114 0.000000 0.606393 88367
motorcycle -1 -1 nan nan nan nan nan 1.126778 1.890803 1.202946 20.628202 -9.252943 -1.069349 0.000000 0.945805 88360
person -1 -1 nan nan nan nan nan 1.312351 0.445163 0.449091 -12.927298 6.390257 -1.063393 0.000000 0.953769 88366
person -1 -1 nan nan nan nan nan 1.232782 0.409939 0.401855 -4.962170 11.765382 -0.477091 0.000000 0.333903 88369
