car -1 -1 nan nan nan nan nan 1.378358 2.970821 2.832849 7.008348 -10.064589 -1.324416 0.000000 0.939634 87892
other-vehicle -1 -1 nan nan nan nan nan 1.046217 1.704521 0.880291 38.175646 24.244123 0.382673 0.000000 0.859292 87894
car -1 -1 nan nan nan nan nan 1.083854 1.422207 1.001781 27.953335 -40.844954 -2.233301 0.000000 0.705193 87896
other-vehicle -1 -1 nan nan nan nan nan 1.255900 1.279057 1.363223 -15.522164 -20.412504 -1.820142 0.000000 0.783889 87898
car -1 -1 nan nan nan nan nan 1.504639 2.909804 3.136114 13.800361 10.217277 -0.566704 0.000000 0.919100 87899
car -1 -1 nan nan nan nan nan 0.835637 0.461826 0.617067 12.871235 -46.913355 -0.012341 0.000000 0.767146 87901
car -1 -1 nan nan nan nan nan 1.645314 2.961138 2.595713 22.133836 -31.771502 -1.591954 0.000000 0.889173 87905
car -1 -1 nan nan nan nan nan 0.582407 1.271276 1.389385 27.562424 20.792050 0.453610 0.000000 0.612087 87906
car -1 -1 nan nan nan nan nan 1.465732 4.054002 2.442628 -7.494932 -13.731014 -1.593575 0.000000 0.913954 87907
car -1 -1 nan nan nan nan nan 0.754621 1.416206 2.176504 -0.693621 -38.359032 -2.736105 0.000000 0.779851 87908
car -1 -1 nan nan nan nan nan 1.011078 0.899559 0.853940 0.093764 40.250221 -2.720936 0.000000 0.653127 87912
motorcycle -1 -1 nan nan nan nan nan 1.218471 0.826555 2.023679 13.210506 -25.090320 -1.631119 0.000000 0.480422 87900
person -1 -1 nan nan nan nan nan 1.261824 0.563723 0.388663 1.676819 10.089477 -0.734965 0.000000 0.940461 87903
person -1 -1 nan nan nan nan nan 1.240987 0.439163 0.242507 11.100893 8.040758 -0.601819 0.000000 0.110221 87910
