car -1 -1 nan nan nan nan nan 1.250695 1.807818 4.414990 -4.514174 -3.179112 -1.331419 0.000000 0.955836 88689
car -1 -1 nan nan nan nan nan 0.822936 1.615872 2.109390 -42.573746 14.032590 -0.832824 0.000000 0.819912 88691
car -1 -1 nan nan nan nan nan 1.014267 1.301212 1.086210 19.831693 -34.027456 -4.625473 0.000000 0.727645 88692
car -1 -1 nan nan nan nan nan 1.775218 1.743576 3.682064 22.071953 -2.913443 -1.385331 0.000000 0.928394 88693
car -1 -1 nan nan nan nan nan 0.924323 2.100811 2.859282 13.594485 -26.318722 -4.267060 0.000000 0.880625 88696
car -1 -1 nan nan nan nan nan 1.619195 4.223635 2.399765 -18.992235 -1.308743 -1.209710 0.000000 0.791261 88697
car -1 -1 nan nan nan nan nan 1.481839 1.638449 3.641308 27.842550 -2.649830 -1.247614 0.000000 0.932481 88699
car -1 -1 nan nan nan nan nan 1.109792 1.261383 3.262165 38.676702 -2.275246 -1.566663 0.000000 0.799539 88701
bicyclist -1 -1 nan nan nan nan nan 1.030881 0.583172 0.639004 42.677294 -1.838107 -1.431008 0.000000 0.846096 88690
motorcycle -1 -1 nan nan nan nan nan 1.329667 2.125122 1.332942 10.504691 -7.080158 -1.662441 0.000000 0.966862 88695
person -1 -1 nan nan nan nan nan 1.202842 0.454262 0.564281 -24.870920 4.385430 -0.750353 0.000000 0.925694 88694
person -1 -1 nan nan nan nan nan 0.964287 0.257549 0.673082 18.162435 -32.995996 -3.496932 0.000000 0.424439 88704
