car -1 -1 nan nan nan nan nan 0.543994 2.370881 0.635868 48.734941 -5.798650 0.087736 0.000000 0.890384 87634
car -1 -1 nan nan nan nan nan 0.303004 0.463840 0.535151 -27.700271 -40.472513 -1.823850 0.000000 0.573129 87638
car -1 -1 nan nan nan nan nan 1.342749 4.115042 1.946835 2.943945 -14.373919 -1.199086 0.000000 0.936166 87640
car -1 -1 nan nan nan nan nan 1.546522 4.297541 1.979219 -12.984118 -16.073712 -1.496915 0.000000 0.913014 87641
car -1 -1 nan nan nan nan nan 1.478901 1.701392 3.418152 20.978386 -1.769416 -0.811857 0.000000 0.914365 87644
car -1 -1 nan nan nan nan nan 1.431781 1.258022 1.583731 2.961501 -40.150537 -1.562344 0.000000 0.833552 87645
car -1 -1 nan nan nan nan nan 1.361941 1.714401 3.271576 39.472351 -1.483734 -0.353262 0.000000 0.721831 87646
car -1 -1 nan nan nan nan nan 0.516313 0.510948 1.224167 21.834013 37.379379 -1.440448 0.000000 0.497472 87649
car -1 -1 nan nan nan nan nan 0.782140 1.843904 1.589561 -20.018801 -31.886462 -2.042467 0.000000 0.869158 87650
motorcycle -1 -1 nan nan nan nan nan 1.282872 0.949530 2.004973 -1.001009 -29.543532 -1.369572 0.000000 0.901218 87632
person -1 -1 nan nan nan nan nan 1.305970 0.525262 0.411031 11.143332 5.532559 -0.841328 0.000000 0.924236 87636
