car -1 -1 nan nan nan nan nan 1.599115 1.779242 3.864337 -2.893422 -2.925380 -1.146070 0.000000 0.954678 89186
car -1 -1 nan nan nan nan nan 1.394513 1.487279 3.992773 18.445369 -2.602941 -0.866341 0.000000 0.917603 89189
car -1 -1 nan nan nan nan nan 1.357016 1.932115 3.823351 -29.560174 -3.187025 -1.939079 0.000000 0.841908 89190
car -1 -1 nan nan nan nan nan 1.255629 1.596323 3.296833 34.246069 -2.794543 -0.319843 0.000000 0.674785 89191
truck -1 -1 nan nan nan nan nan 0.725860 0.328086 0.733959 42.621000 -4.932011 0.498808 0.000000 0.585847 89192
truck -1 -1 nan nan nan nan nan 1.802505 0.680112 0.992210 42.808460 2.429498 0.772414 0.000000 0.397035 89193
car -1 -1 nan nan nan nan nan 1.653482 1.773203 3.703302 13.392076 -2.848894 -0.956584 0.000000 0.933152 89194
car -1 -1 nan nan nan nan nan 1.671037 1.844153 3.871544 2.718648 -2.912966 -0.953784 0.000000 0.914992 89195
car -1 -1 nan nan nan nan nan 1.377641 1.450291 3.306812 29.165854 -2.611493 -0.706924 0.000000 0.878311 89196
car -1 -1 nan nan nan nan nan 0.741864 0.401083 1.098572 40.144760 -2.086914 -0.479812 0.000000 0.566138 89197
