car -1 -1 nan nan nan nan nan 1.130367 1.125794 2.816282 -22.888253 -2.642200 -1.490959 0.000000 0.924867 90701
car -1 -1 nan nan nan nan nan 1.572242 1.788394 4.227410 14.365486 -2.651478 -1.122296 0.000000 0.946380 90703
car -1 -1 nan nan nan nan nan 0.487930 0.743508 1.051643 -44.822872 -2.779290 -1.888206 0.000000 0.562585 90704
car -1 -1 nan nan nan nan nan 1.541235 1.820251 4.417839 -6.913560 -2.856060 -1.180735 0.000000 0.942897 90706
car -1 -1 nan nan nan nan nan 0.441345 0.451917 0.358715 22.272882 -13.889667 -1.491380 0.000000 0.447756 90707
car -1 -1 nan nan nan nan nan 1.362860 1.627778 3.488108 3.483787 -2.747680 -1.148783 0.000000 0.962746 90712
car -1 -1 nan nan nan nan nan 1.276387 1.369114 4.035620 20.277352 -2.574815 -0.943445 0.000000 0.928157 90714
car -1 -1 nan nan nan nan nan 1.721696 1.787552 3.898686 -12.833193 -3.312147 -1.234582 0.000000 0.952423 90715
car -1 -1 nan nan nan nan nan 0.914206 1.248090 1.997231 36.365715 -2.423229 -0.747696 0.000000 0.785095 90716
car -1 -1 nan nan nan nan nan 1.263513 1.705346 3.617523 -1.530402 -2.886150 -1.112488 0.000000 0.955527 90718
car -1 -1 nan nan nan nan nan 1.425206 1.194188 3.681393 -18.325869 -2.737070 -1.515396 0.000000 0.934619 90719
car -1 -1 nan nan nan nan nan 1.253586 1.502116 2.377441 26.855007 -2.808309 -0.783789 0.000000 0.761043 90720
car -1 -1 nan nan nan nan nan 1.575381 1.495833 3.345070 -30.255928 -3.079091 -1.458408 0.000000 0.875312 90721
car -1 -1 nan nan nan nan nan 0.656054 0.274016 1.214378 33.221039 -1.899191 -0.973761 0.000000 0.666704 90722
car -1 -1 nan nan nan nan nan 1.096618 1.501121 2.630894 43.173784 -2.441707 -0.671504 0.000000 0.683087 90724
car -1 -1 nan nan nan nan nan 0.617105 0.261064 0.304131 -34.285824 -2.372000 -2.127901 0.000000 0.574952 90728
motorcycle -1 -1 nan nan nan nan nan 0.778156 0.472031 1.420424 30.453565 -2.190234 -1.141549 0.000000 0.906884 90708
person -1 -1 nan nan nan nan nan 0.718003 0.348072 0.290983 22.385316 6.198657 -0.340126 0.000000 0.873426 90710
