car -1 -1 nan nan nan nan nan 1.743417 1.882201 4.207902 -5.482335 -3.225849 -1.088150 0.000000 0.962624 90487
car -1 -1 nan nan nan nan nan 1.472137 1.814674 4.070486 21.423257 -2.641016 -0.968842 0.000000 0.954141 90490
car -1 -1 nan nan nan nan nan 1.608350 1.601121 3.936575 -23.368573 -3.013700 -1.411795 0.000000 0.927718 90491
truck -1 -1 nan nan nan nan nan 1.909609 6.251651 1.809464 44.920288 -11.087828 0.806904 0.000000 0.842802 90492
car -1 -1 nan nan nan nan nan 1.154887 2.691882 0.828278 10.540507 -10.006195 -1.326620 0.000000 0.806767 90494
car -1 -1 nan nan nan nan nan 1.614014 1.911321 3.573886 5.264616 -2.935012 -1.156205 0.000000 0.901431 90496
car -1 -1 nan nan nan nan nan 0.554190 0.224942 2.011986 43.357388 -2.145983 -0.405091 0.000000 0.782488 90497
car -1 -1 nan nan nan nan nan 1.381890 1.487641 3.760242 -16.319458 -2.714187 -1.500562 0.000000 0.936981 90498
car -1 -1 nan nan nan nan nan 1.048306 1.327672 4.557163 -38.426920 -2.833428 -1.683551 0.000000 0.899532 90499
car -1 -1 nan nan nan nan nan 1.365547 1.660968 3.443099 10.486101 -2.772253 -1.046254 0.000000 0.923066 90501
car -1 -1 nan nan nan nan nan 1.085224 1.655312 4.133670 -0.064749 -2.835865 -0.800633 0.000000 0.960989 90502
car -1 -1 nan nan nan nan nan 1.262406 0.456882 3.579655 27.254183 -2.176030 -0.802022 0.000000 0.883784 90503
car -1 -1 nan nan nan nan nan 1.368149 1.664276 3.796612 -11.174937 -2.826893 -1.356547 0.000000 0.947509 90504
car -1 -1 nan nan nan nan nan 1.326110 0.675989 3.169947 -28.439765 -2.475116 -1.659066 0.000000 0.916163 90506
truck -1 -1 nan nan nan nan nan 0.520575 1.033745 0.319431 44.093588 5.492660 0.393752 0.000000 0.496572 90507
car -1 -1 nan nan nan nan nan 1.028855 1.350679 0.361534 33.159771 -2.842853 -0.566631 0.000000 0.690623 90508
bicyclist -1 -1 nan nan nan nan nan 0.678309 0.354914 1.296909 37.535025 -2.256975 -0.911980 0.000000 0.773143 90505
