car -1 -1 nan nan nan nan nan 1.563975 1.573674 3.496335 -5.555162 -3.123330 -1.182325 0.000000 0.928497 91995
truck -1 -1 nan nan nan nan nan 1.147965 1.071012 0.425774 36.666553 5.503645 0.896316 0.000000 0.760504 91996
car -1 -1 nan nan nan nan nan 1.311617 1.369088 2.530499 -28.703312 -2.606091 -1.803502 0.000000 0.736833 91999
other-vehicle -1 -1 nan nan nan nan nan 0.613924 0.288104 0.607785 14.253494 -7.735885 -1.093476 0.000000 0.810723 92000
car -1 -1 nan nan nan nan nan 1.163174 0.472024 3.880102 25.281678 -2.327134 -0.718646 0.000000 0.840672 92001
car -1 -1 nan nan nan nan nan 1.327096 1.569228 3.986713 -18.073996 -2.740153 -1.528970 0.000000 0.936422 92003
car -1 -1 nan nan nan nan nan 0.495400 0.307645 0.255909 -38.566481 -2.249988 -2.276310 0.000000 0.497250 92005
car -1 -1 nan nan nan nan nan 1.508895 1.941518 4.493931 4.193437 -2.926472 -1.136751 0.000000 0.898003 92006
car -1 -1 nan nan nan nan nan 0.871212 0.606913 0.990816 -5.393336 -23.733090 -2.618958 0.000000 0.766304 92007
car -1 -1 nan nan nan nan nan 1.478270 1.847434 3.694427 10.052732 -2.963048 -0.908841 0.000000 0.945768 92009
car -1 -1 nan nan nan nan nan 1.679189 1.757129 4.016668 19.913087 -2.923706 -0.571570 0.000000 0.925440 92010
car -1 -1 nan nan nan nan nan 1.382837 1.827811 4.220577 -12.238551 -2.991479 -1.412791 0.000000 0.948681 92011
car -1 -1 nan nan nan nan nan 1.153729 1.778429 4.491262 -1.123310 -2.975942 -1.066197 0.000000 0.972790 92012
car -1 -1 nan nan nan nan nan 1.488321 1.402124 3.124519 14.896334 -2.799295 -0.849933 0.000000 0.925731 92013
car -1 -1 nan nan nan nan nan 0.805141 0.238715 1.042461 -32.918055 -2.310975 -2.135294 0.000000 0.468299 92014
car -1 -1 nan nan nan nan nan 0.363218 0.958605 1.623226 -46.114771 -3.077283 -1.480609 0.000000 0.504801 92015
other-vehicle -1 -1 nan nan nan nan nan 2.343001 2.611065 5.138969 31.742558 -2.918606 0.200107 0.000000 0.745878 92018
bicycle -1 -1 nan nan nan nan nan 0.915813 1.368208 0.627879 2.435479 -10.686919 -1.687288 0.000000 0.776653 92002
