car -1 -1 nan nan nan nan nan 1.574190 1.407550 3.848638 -14.794406 -2.979142 -1.254978 0.000000 0.932138 89420
truck -1 -1 nan nan nan nan nan 0.661822 1.644466 1.811600 39.438660 -2.975852 0.474000 0.000000 0.550235 89421
car -1 -1 nan nan nan nan nan 0.763724 1.393917 2.487579 -40.238914 -3.297069 -2.143820 0.000000 0.538670 89423
car -1 -1 nan nan nan nan nan 1.509030 1.934552 3.633307 17.181344 -2.814785 -0.895499 0.000000 0.900069 89424
car -1 -1 nan nan nan nan nan 1.222028 0.592160 3.776390 29.165510 -2.021578 -0.451922 0.000000 0.850543 89427
car -1 -1 nan nan nan nan nan 1.790904 1.750655 4.850924 -9.210538 -3.046530 -1.140343 0.000000 0.957338 89428
car -1 -1 nan nan nan nan nan 1.824337 1.677262 3.826192 6.695213 -2.686075 -0.893657 0.000000 0.944361 89429
car -1 -1 nan nan nan nan nan 1.640749 1.647440 3.828442 22.376352 -2.703244 -0.544338 0.000000 0.896834 89430
car -1 -1 nan nan nan nan nan 0.211218 1.404820 0.594574 -36.933842 -0.900081 -2.347826 0.000000 0.366925 89433
car -1 -1 nan nan nan nan nan 1.413557 1.731107 3.769201 1.536306 -2.861869 -0.889011 0.000000 0.919836 89434
car -1 -1 nan nan nan nan nan 0.571001 1.157323 0.876625 33.358994 -2.530221 0.025783 0.000000 0.669791 89435
