car -1 -1 nan nan nan nan nan 1.875896 1.980844 3.863682 1.570193 -2.993535 -0.741508 0.000000 0.908705 90287
car -1 -1 nan nan nan nan nan 1.331628 0.795952 3.399220 -21.130432 -2.521635 -1.372400 0.000000 0.901982 90290
car -1 -1 nan nan nan nan nan 1.319892 1.343216 3.394884 17.760768 -2.518117 -0.996748 0.000000 0.936999 90291
car -1 -1 nan nan nan nan nan 1.330813 1.603254 4.064941 28.730278 -2.451975 -0.859494 0.000000 0.931984 90293
car -1 -1 nan nan nan nan nan 1.387394 1.713389 3.729075 -9.046358 -2.794423 -1.235835 0.000000 0.936867 90295
car -1 -1 nan nan nan nan nan 1.635488 1.415606 4.618460 -31.202340 -2.913701 -1.355432 0.000000 0.891467 90296
car -1 -1 nan nan nan nan nan 0.884804 0.610062 3.204037 34.535826 -2.086375 -0.706568 0.000000 0.858528 90299
car -1 -1 nan nan nan nan nan 1.443926 1.559361 3.442334 12.561597 -2.724356 -0.998419 0.000000 0.927473 90300
car -1 -1 nan nan nan nan nan 1.757208 1.878327 4.110491 -16.093633 -3.083219 -1.157032 0.000000 0.954187 90301
car -1 -1 nan nan nan nan nan 1.298232 1.682711 3.867492 -3.890654 -2.799094 -1.096175 0.000000 0.959294 90302
car -1 -1 nan nan nan nan nan 1.685002 1.915517 4.017925 6.844213 -2.727663 -1.016550 0.000000 0.947392 90303
car -1 -1 nan nan nan nan nan 1.590510 0.874162 1.876041 -44.148825 2.701421 -1.028692 0.000000 0.837392 90306
car -1 -1 nan nan nan nan nan 0.504208 1.216177 0.289097 39.668852 7.075051 -0.101973 0.000000 0.788180 90307
car -1 -1 nan nan nan nan nan 0.893920 0.244166 1.069172 -46.010714 -2.774799 -1.324411 0.000000 0.592646 90310
bicycle -1 -1 nan nan nan nan nan 0.436540 0.402948 1.225338 -32.335764 -14.093824 -0.398253 0.000000 0.780740 90292
motorcycle -1 -1 nan nan nan nan nan 0.725889 0.316610 0.606548 -39.662806 2.473395 -1.266775 0.000000 0.801714 90298
