car -1 -1 nan nan nan nan nan 1.312221 1.681245 3.809313 -0.363409 -2.853322 -0.878674 0.000000 0.969069 89456
car -1 -1 nan nan nan nan nan 0.622417 1.350289 2.257107 -42.058432 -3.380815 -2.104726 0.000000 0.844061 89457
car -1 -1 nan nan nan nan nan 1.142143 1.751154 3.166767 38.096956 -2.839804 0.221285 0.000000 0.874746 89458
car -1 -1 nan nan nan nan nan 1.617213 1.717027 3.841219 20.356160 -2.641607 -0.534948 0.000000 0.908117 89459
car -1 -1 nan nan nan nan nan 1.523059 1.301628 3.589939 -16.845816 -2.985047 -1.266870 0.000000 0.940363 89460
car -1 -1 nan nan nan nan nan 1.099873 1.299100 1.032726 31.497328 -2.385726 -0.239935 0.000000 0.746943 89462
car -1 -1 nan nan nan nan nan 1.821010 1.821300 4.744679 -11.188388 -3.102804 -1.187511 0.000000 0.948251 89463
car -1 -1 nan nan nan nan nan 1.809797 1.753880 3.934077 4.714189 -2.656448 -0.904803 0.000000 0.968071 89464
car -1 -1 nan nan nan nan nan 1.483120 1.737994 3.579769 15.137365 -2.700074 -0.907505 0.000000 0.953740 89465
car -1 -1 nan nan nan nan nan 1.278642 1.168073 3.461489 27.107245 -2.154170 -0.472441 0.000000 0.895072 89466
