car -1 -1 nan nan nan nan nan 1.126513 1.703788 4.451624 -0.079182 -2.854193 -1.026751 0.000000 0.974740 91247
other-vehicle -1 -1 nan nan nan nan nan 2.036078 2.418377 1.529026 48.609270 -2.606367 0.549291 0.000000 0.835906 91248
car -1 -1 nan nan nan nan nan 0.567684 0.972694 0.542600 5.718722 -44.691181 -1.843046 0.000000 0.606588 91250
car -1 -1 nan nan nan nan nan 0.714716 0.728619 0.329184 10.523264 20.202570 0.061482 0.000000 0.470710 91252
car -1 -1 nan nan nan nan nan 1.477938 1.452857 3.626055 -21.641677 -2.833134 -1.535831 0.000000 0.913060 91253
car -1 -1 nan nan nan nan nan 1.531044 1.492447 3.143327 12.485922 -2.994744 -0.935024 0.000000 0.936725 91256
car -1 -1 nan nan nan nan nan 1.329046 1.569273 1.350872 37.050356 -2.774890 -0.340164 0.000000 0.793873 91257
car -1 -1 nan nan nan nan nan 0.951342 0.661030 3.786140 -32.867920 -2.646067 -1.944563 0.000000 0.849936 91259
car -1 -1 nan nan nan nan nan 1.463998 1.676291 3.750980 -10.831764 -2.928431 -1.453433 0.000000 0.939132 91261
car -1 -1 nan nan nan nan nan 1.325059 1.637341 3.118834 28.461654 -2.666911 -0.677125 0.000000 0.881845 91263
car -1 -1 nan nan nan nan nan 1.277050 1.492387 3.774387 22.328808 -2.674466 -0.873113 0.000000 0.924483 91265
car -1 -1 nan nan nan nan nan 1.496509 2.071835 4.214032 5.545096 -3.025489 -1.151573 0.000000 0.945031 91266
car -1 -1 nan nan nan nan nan 1.603240 1.641958 2.252462 -27.700866 -3.393571 -1.522185 0.000000 0.818597 91267
car -1 -1 nan nan nan nan nan 1.450530 1.587407 3.384637 -16.137926 -3.008012 -1.502332 0.000000 0.906619 91268
car -1 -1 nan nan nan nan nan 1.286078 0.760173 2.439465 33.317602 -2.292327 -0.691647 0.000000 0.887187 91269
car -1 -1 nan nan nan nan nan 1.270035 1.380365 4.019163 17.097833 -2.562497 -0.957568 0.000000 0.960561 91270
car -1 -1 nan nan nan nan nan 1.204102 1.162211 0.600533 39.097069 -2.542340 -0.455642 0.000000 0.849188 91272
person -1 -1 nan nan nan nan nan 0.454889 0.215199 0.282204 18.789314 -16.788137 -0.831072 0.000000 0.802754 91264
