car -1 -1 nan nan nan nan nan 1.590924 1.764284 3.920272 8.942010 -2.696685 -0.942655 0.000000 0.943124 89560
car -1 -1 nan nan nan nan nan 0.586577 0.912300 0.598164 -48.308187 -3.914922 -2.590458 0.000000 0.664794 89561
car -1 -1 nan nan nan nan nan 0.472519 0.303009 0.797937 4.144987 -39.442871 -1.651615 0.000000 0.685604 89562
car -1 -1 nan nan nan nan nan 1.792164 1.837183 4.017756 -16.891457 -3.187718 -1.295358 0.000000 0.922747 89564
car -1 -1 nan nan nan nan nan 1.350929 1.333432 3.050802 26.367770 -2.308168 -0.387338 0.000000 0.845944 89565
car -1 -1 nan nan nan nan nan 1.834977 1.878878 4.038289 -6.208683 -2.972556 -1.023102 0.000000 0.930756 89566
truck -1 -1 nan nan nan nan nan 1.195996 1.608475 3.174772 31.997762 -2.774778 0.098218 0.000000 0.827280 89567
car -1 -1 nan nan nan nan nan 1.404123 0.858571 3.307137 -22.855444 -2.875349 -1.421916 0.000000 0.933030 89568
car -1 -1 nan nan nan nan nan 1.738989 1.832583 4.065581 14.207592 -2.691849 -0.616426 0.000000 0.952756 89569
car -1 -1 nan nan nan nan nan 1.426356 1.507549 4.143203 -1.243960 -2.753841 -1.068160 0.000000 0.968652 89570
car -1 -1 nan nan nan nan nan 1.372995 0.925429 3.745693 21.078243 -2.083071 -0.512336 0.000000 0.924046 89571
bicyclist -1 -1 nan nan nan nan nan 0.874005 0.403163 1.148121 36.329424 -1.748974 0.136222 0.000000 0.787905 89572
