car -1 -1 nan nan nan nan nan 1.401916 1.632422 3.655904 -7.982929 -2.920545 -1.381674 0.000000 0.944896 91138
car -1 -1 nan nan nan nan nan 0.703292 0.868263 0.891182 18.314302 -32.525467 -2.471782 0.000000 0.894005 91141
other-vehicle -1 -1 nan nan nan nan nan 1.179368 0.883691 1.740974 -29.394968 -2.637129 -1.814574 0.000000 0.856493 91144
car -1 -1 nan nan nan nan nan 1.363508 1.725635 4.147110 8.427167 -2.829487 -1.064521 0.000000 0.963047 91145
other-vehicle -1 -1 nan nan nan nan nan 0.467426 0.355989 0.526427 -0.264241 6.904336 -0.795999 0.000000 0.337813 91147
car -1 -1 nan nan nan nan nan 1.147619 0.863226 2.646317 36.175751 -2.415049 -0.425276 0.000000 0.762797 91149
car -1 -1 nan nan nan nan nan 1.563493 1.667774 3.822693 -18.819304 -2.881961 -1.499815 0.000000 0.942788 91151
car -1 -1 nan nan nan nan nan 1.545980 1.482443 3.057411 15.316153 -2.983834 -0.878340 0.000000 0.916582 91156
car -1 -1 nan nan nan nan nan 1.285448 1.543396 3.075083 31.244243 -2.699131 -0.676381 0.000000 0.879546 91158
car -1 -1 nan nan nan nan nan 1.345912 1.644974 3.621367 -13.252562 -2.951342 -1.417756 0.000000 0.951303 91160
car -1 -1 nan nan nan nan nan 1.742074 1.684577 2.775772 -25.022041 -3.334648 -1.570643 0.000000 0.911854 91161
car -1 -1 nan nan nan nan nan 1.242724 1.197361 3.969374 19.897855 -2.495144 -0.920811 0.000000 0.935437 91164
truck -1 -1 nan nan nan nan nan 1.142410 0.933211 1.714287 46.996372 3.136206 0.931045 0.000000 0.653050 91165
car -1 -1 nan nan nan nan nan 1.361439 1.815867 4.348951 2.679834 -2.752733 -1.105666 0.000000 0.968087 91166
car -1 -1 nan nan nan nan nan 1.348531 1.641443 3.788143 25.173782 -2.683156 -0.804667 0.000000 0.941865 91167
car -1 -1 nan nan nan nan nan 0.966584 0.524545 1.803123 -41.622375 -2.688338 -1.994264 0.000000 0.728740 91171
car -1 -1 nan nan nan nan nan 1.008462 1.503370 1.013901 41.458183 3.494290 0.123037 0.000000 0.457973 91173
bicycle -1 -1 nan nan nan nan nan 0.426152 0.530035 0.493193 22.677804 -26.958411 -2.219056 0.000000 0.777396 91163
