car -1 -1 nan nan nan nan nan 1.782813 1.879515 4.208755 -4.509367 -3.205659 -1.098360 0.000000 0.963342 90458
car -1 -1 nan nan nan nan nan 0.307818 0.828352 0.745583 -49.664776 2.751949 -1.168640 0.000000 0.793835 90460
car -1 -1 nan nan nan nan nan 1.442702 1.753680 4.165810 22.407537 -2.613448 -0.822346 0.000000 0.921667 90461
car -1 -1 nan nan nan nan nan 1.380526 0.612085 3.223843 -27.442089 -2.460180 -1.774701 0.000000 0.886660 90462
car -1 -1 nan nan nan nan nan 0.839437 2.756401 1.846031 34.946877 -3.554695 -0.265345 0.000000 0.612915 90466
car -1 -1 nan nan nan nan nan 1.367100 1.654814 3.453306 11.519371 -2.725154 -0.976575 0.000000 0.902335 90467
car -1 -1 nan nan nan nan nan 1.348149 1.629339 3.747654 -15.289339 -2.805516 -1.497850 0.000000 0.936127 90468
truck -1 -1 nan nan nan nan nan 0.260237 1.048074 0.554253 -37.246700 2.914869 -0.400207 0.000000 0.372154 90469
car -1 -1 nan nan nan nan nan 0.286170 0.525580 0.433762 -49.156734 -5.471971 -1.315462 0.000000 0.614323 90470
car -1 -1 nan nan nan nan nan 1.165173 0.481947 3.733431 28.504123 -2.122539 -0.597584 0.000000 0.860331 90474
car -1 -1 nan nan nan nan nan 1.408360 2.111370 3.830042 -10.222558 -3.036274 -1.379605 0.000000 0.907702 90476
car -1 -1 nan nan nan nan nan 1.297333 0.928909 4.316284 -37.239948 -2.658203 -1.763988 0.000000 0.927564 90477
car -1 -1 nan nan nan nan nan 1.649018 1.625480 3.905979 -22.345005 -3.033435 -1.404580 0.000000 0.936501 90478
car -1 -1 nan nan nan nan nan 1.587162 1.732362 3.563447 6.264041 -2.794940 -1.124761 0.000000 0.961222 90479
car -1 -1 nan nan nan nan nan 0.536083 0.388632 0.471142 -45.715933 2.471670 -1.753723 0.000000 0.601225 90480
car -1 -1 nan nan nan nan nan 1.343716 1.636895 4.114131 0.893832 -2.819164 -0.926447 0.000000 0.936789 90482
motorcycle -1 -1 nan nan nan nan nan 0.707054 0.379919 1.165997 38.555124 -2.191477 -0.682560 0.000000 0.759360 90481
