car -1 -1 nan nan nan nan nan 1.514177 1.502200 3.548147 -9.897367 -3.119486 -1.301632 0.000000 0.952469 92139
car -1 -1 nan nan nan nan nan 0.704735 0.531044 0.832289 -8.074379 -38.777740 -1.874347 0.000000 0.844083 92141
car -1 -1 nan nan nan nan nan 1.690192 1.857374 4.331421 15.559952 -3.033089 -0.659727 0.000000 0.891239 92143
other-vehicle -1 -1 nan nan nan nan nan 0.793284 1.884268 0.498459 32.262402 5.779711 0.933156 0.000000 0.874288 92146
car -1 -1 nan nan nan nan nan 1.340281 1.454774 3.938320 -22.174139 -2.712224 -1.647996 0.000000 0.936709 92147
other-vehicle -1 -1 nan nan nan nan nan 2.191955 2.515308 5.471004 27.549984 -2.943903 0.138999 0.000000 0.890708 92148
car -1 -1 nan nan nan nan nan 1.417116 1.792367 4.719910 -0.127791 -2.917065 -0.836493 0.000000 0.965608 92149
car -1 -1 nan nan nan nan nan 1.247421 1.572848 4.267742 -16.684362 -2.897852 -1.531218 0.000000 0.957097 92151
car -1 -1 nan nan nan nan nan 1.427779 0.891129 2.235092 -33.120163 -2.554458 -2.032632 0.000000 0.780895 92152
car -1 -1 nan nan nan nan nan 1.469146 1.585486 3.171602 10.458850 -2.924344 -0.918058 0.000000 0.948988 92153
car -1 -1 nan nan nan nan nan 1.327058 0.751127 3.898581 20.891601 -2.529922 -0.740399 0.000000 0.889195 92154
car -1 -1 nan nan nan nan nan 1.297988 1.972825 4.383528 -5.216969 -2.999849 -1.290491 0.000000 0.933143 92155
car -1 -1 nan nan nan nan nan 1.713004 1.884244 3.798388 5.588458 -3.012981 -1.063479 0.000000 0.939039 92156
car -1 -1 nan nan nan nan nan 0.662445 0.320070 0.271011 -36.583267 -2.230322 -2.412541 0.000000 0.359047 92157
person -1 -1 nan nan nan nan nan 0.933807 0.345731 0.524657 -12.138181 15.249808 -0.754160 0.000000 0.873923 92145
