car -1 -1 nan nan nan nan nan 1.351897 1.784813 4.481817 -2.795525 -2.863360 -1.179224 0.000000 0.971832 91332
other-vehicle -1 -1 nan nan nan nan nan 2.240003 2.580472 2.521717 46.318609 -2.601420 0.142383 0.000000 0.906437 91333
car -1 -1 nan nan nan nan nan 0.747556 1.253937 0.592510 14.469263 -41.368694 -2.928897 0.000000 0.671798 91335
car -1 -1 nan nan nan nan nan 0.282856 0.363319 0.661967 9.143404 20.931919 0.393080 0.000000 0.450491 91336
car -1 -1 nan nan nan nan nan 1.254984 1.545366 4.383404 19.402233 -2.664029 -0.995274 0.000000 0.947760 91337
car -1 -1 nan nan nan nan nan 0.543479 0.300217 0.458508 3.674891 -26.699982 -2.569136 0.000000 0.554262 91339
car -1 -1 nan nan nan nan nan 0.825394 0.586932 2.248978 -34.510807 -2.669340 -1.852060 0.000000 0.856239 91341
car -1 -1 nan nan nan nan nan 1.469049 1.713320 3.710182 35.365158 -2.707910 -0.581132 0.000000 0.925529 91342
car -1 -1 nan nan nan nan nan 1.462222 1.726889 3.829504 -13.625886 -3.042567 -1.452748 0.000000 0.926595 91343
car -1 -1 nan nan nan nan nan 1.660564 1.574216 3.177104 9.646586 -3.013505 -1.072527 0.000000 0.914872 91344
car -1 -1 nan nan nan nan nan 1.334496 1.526156 3.456778 -24.445466 -2.933167 -1.455821 0.000000 0.945299 91345
car -1 -1 nan nan nan nan nan 1.392813 1.702650 4.138721 2.853962 -2.828378 -1.130141 0.000000 0.969624 91346
car -1 -1 nan nan nan nan nan 1.296021 1.697387 3.478546 25.514404 -2.657933 -0.954696 0.000000 0.936082 91348
car -1 -1 nan nan nan nan nan 1.349949 1.586458 3.909871 14.229780 -2.666530 -1.083900 0.000000 0.946197 91350
car -1 -1 nan nan nan nan nan 1.364272 1.474178 3.368729 -19.027473 -2.982467 -1.482649 0.000000 0.904106 91351
car -1 -1 nan nan nan nan nan 1.251047 1.050230 2.648333 30.454574 -2.428390 -0.836154 0.000000 0.870027 91352
car -1 -1 nan nan nan nan nan 1.565760 1.627104 2.261253 -30.629158 -3.418304 -1.430649 0.000000 0.863382 91353
