car -1 -1 nan nan nan nan nan 1.785714 1.932848 4.068241 -17.991575 -3.251806 -1.211831 0.000000 0.903175 89573
other-vehicle -1 -1 nan nan nan nan nan 0.924101 0.543968 0.618584 3.015523 -39.086475 -2.004538 0.000000 0.847887 89575
car -1 -1 nan nan nan nan nan 1.782207 1.824077 3.983542 13.262580 -2.691106 -0.640499 0.000000 0.941284 89576
car -1 -1 nan nan nan nan nan 1.519130 2.824087 3.287054 30.987840 -3.340104 -0.081230 0.000000 0.858528 89577
car -1 -1 nan nan nan nan nan 1.477389 2.497960 4.035854 -2.065062 -3.183313 -1.101395 0.000000 0.968411 89578
car -1 -1 nan nan nan nan nan 1.265395 1.317045 3.776423 20.094592 -2.288578 -0.579128 0.000000 0.937548 89581
car -1 -1 nan nan nan nan nan 1.531407 1.108743 3.427605 -23.994871 -2.917267 -1.245327 0.000000 0.942662 89582
car -1 -1 nan nan nan nan nan 1.617166 1.814111 3.761443 8.118813 -2.721143 -0.998589 0.000000 0.965553 89583
car -1 -1 nan nan nan nan nan 1.393357 1.845021 3.845471 -7.269281 -2.962547 -1.208130 0.000000 0.950700 89584
car -1 -1 nan nan nan nan nan 1.175609 1.436045 2.989702 25.257829 -2.375077 -0.417112 0.000000 0.908431 89585
bicyclist -1 -1 nan nan nan nan nan 0.603092 0.251007 0.354031 35.042387 -1.818555 0.016629 0.000000 0.778537 89587
