car -1 -1 nan nan nan nan nan 1.105465 1.656809 4.038495 0.038830 -2.831059 -1.003793 0.000000 0.972800 90041
truck -1 -1 nan nan nan nan nan 0.518079 1.439650 0.321243 46.368389 5.785609 0.098844 0.000000 0.724491 90043
car -1 -1 nan nan nan nan nan 1.292536 0.769842 2.985529 22.036843 -2.332417 -0.885082 0.000000 0.950439 90045
car -1 -1 nan nan nan nan nan 1.229863 1.369561 2.503904 -27.288560 -2.880663 -1.444067 0.000000 0.876556 90046
car -1 -1 nan nan nan nan nan 1.390719 1.558655 3.921002 -11.641617 -2.796717 -1.350327 0.000000 0.946477 90047
car -1 -1 nan nan nan nan nan 1.143735 1.360685 1.499615 36.983603 -2.447897 -0.663591 0.000000 0.820851 90048
car -1 -1 nan nan nan nan nan 1.737594 2.197457 4.059396 10.875976 -3.302173 -0.868677 0.000000 0.894028 90049
car -1 -1 nan nan nan nan nan 1.472992 2.108923 3.819977 -22.190014 -2.799763 -1.423406 0.000000 0.924721 90053
car -1 -1 nan nan nan nan nan 1.978030 1.786593 4.160704 -6.633771 -2.909178 -1.057813 0.000000 0.929186 90054
car -1 -1 nan nan nan nan nan 1.577831 1.421704 3.927286 16.290936 -2.527370 -0.806481 0.000000 0.913467 90055
car -1 -1 nan nan nan nan nan 1.546514 1.809541 3.561703 5.022736 -2.807160 -1.139733 0.000000 0.963653 90056
car -1 -1 nan nan nan nan nan 1.251711 0.930795 2.778046 27.129326 -2.391908 -0.794432 0.000000 0.875829 90058
motorcycle -1 -1 nan nan nan nan nan 0.897616 0.743963 1.342251 -37.232592 -2.697692 -1.395690 0.000000 0.817218 90050
person -1 -1 nan nan nan nan nan 0.398004 0.426632 0.648804 -29.985323 3.384121 -0.291323 0.000000 0.864506 90051
