car -1 -1 nan nan nan nan nan 1.456914 1.711268 3.788021 -7.103133 -2.883790 -1.323894 0.000000 0.923698 90374
car -1 -1 nan nan nan nan nan 0.943744 0.433623 1.133125 -49.280632 -2.888838 -1.704195 0.000000 0.707657 90376
car -1 -1 nan nan nan nan nan 1.222648 1.681161 4.130623 25.622175 -2.490821 -0.754864 0.000000 0.915536 90377
car -1 -1 nan nan nan nan nan 1.343168 0.969001 3.349905 -24.404870 -2.356526 -1.647457 0.000000 0.905817 90378
car -1 -1 nan nan nan nan nan 1.447850 1.726287 3.585721 9.397283 -2.768373 -0.985870 0.000000 0.938249 90379
car -1 -1 nan nan nan nan nan 1.379589 1.334706 4.027218 -34.124731 -2.960522 -1.759077 0.000000 0.904135 90383
car -1 -1 nan nan nan nan nan 1.233680 0.832044 3.664455 31.619200 -2.106251 -0.656428 0.000000 0.873246 90384
car -1 -1 nan nan nan nan nan 1.399869 1.519085 3.287923 14.604320 -2.605838 -0.951255 0.000000 0.926829 90387
car -1 -1 nan nan nan nan nan 1.385512 1.537171 3.753998 -12.192456 -2.787337 -1.432171 0.000000 0.933820 90388
car -1 -1 nan nan nan nan nan 0.289526 0.757508 0.459656 -46.511677 2.595944 -1.253502 0.000000 0.768419 90389
car -1 -1 nan nan nan nan nan 1.713686 1.708391 3.866846 -19.232591 -3.056318 -1.365739 0.000000 0.929029 90390
car -1 -1 nan nan nan nan nan 1.543362 1.921401 3.977998 3.786861 -2.729180 -0.982629 0.000000 0.876094 90392
car -1 -1 nan nan nan nan nan 0.724878 1.250130 0.366310 37.310593 -2.700309 -0.215108 0.000000 0.702314 90394
car -1 -1 nan nan nan nan nan 1.711968 2.117668 4.223488 -1.559386 -3.091777 -0.992555 0.000000 0.970895 90396
truck -1 -1 nan nan nan nan nan 1.183254 0.885140 1.840805 48.975018 5.553041 0.955229 0.000000 0.701579 90398
bicycle -1 -1 nan nan nan nan nan 0.277789 0.648075 0.346249 39.302320 -5.398639 -0.490694 0.000000 0.792138 90380
motorcycle -1 -1 nan nan nan nan nan 0.500049 0.240017 0.237553 41.370195 -2.051251 -0.624558 0.000000 0.723936 90393
