car -1 -1 nan nan nan nan nan 1.158441 1.695773 4.251181 -0.699528 -2.861233 -1.035464 0.000000 0.966360 91465
truck -1 -1 nan nan nan nan nan 1.184726 2.242630 0.702469 48.565937 6.337774 1.289407 0.000000 0.819419 91466
car -1 -1 nan nan nan nan nan 0.545938 0.362278 1.319065 -1.766407 -46.305532 -3.266924 0.000000 0.734649 91467
car -1 -1 nan nan nan nan nan 0.664635 0.553037 1.782887 -38.422308 -2.879103 -2.144013 0.000000 0.680339 91468
car -1 -1 nan nan nan nan nan 1.379041 1.594859 3.552133 -17.252388 -3.063197 -1.613005 0.000000 0.946968 91472
other-vehicle -1 -1 nan nan nan nan nan 2.346015 2.579751 2.514763 42.490925 -2.491212 0.506164 0.000000 0.806029 91475
car -1 -1 nan nan nan nan nan 1.356027 1.770774 4.013368 10.451417 -2.744095 -0.994711 0.000000 0.922139 91476
car -1 -1 nan nan nan nan nan 1.382997 1.568023 3.547838 -28.124888 -3.113125 -1.634394 0.000000 0.810702 91477
car -1 -1 nan nan nan nan nan 0.810926 0.616972 0.752432 -0.384726 -26.791104 -2.195058 0.000000 0.595963 91479
car -1 -1 nan nan nan nan nan 1.394987 1.884670 4.632686 -6.347188 -2.884056 -1.274960 0.000000 0.957688 91483
car -1 -1 nan nan nan nan nan 1.093050 0.474146 0.930542 36.308353 -1.993572 -0.397251 0.000000 0.824637 91484
car -1 -1 nan nan nan nan nan 1.347063 1.646641 4.186520 15.848871 -2.655963 -0.871218 0.000000 0.934157 91485
car -1 -1 nan nan nan nan nan 1.394222 1.451055 3.001677 -22.621043 -3.105616 -1.676731 0.000000 0.922433 91486
car -1 -1 nan nan nan nan nan 1.652048 1.694742 3.245639 6.001269 -3.050625 -1.016727 0.000000 0.906794 91487
car -1 -1 nan nan nan nan nan 1.499038 1.664584 3.421326 21.918480 -2.619846 -0.714215 0.000000 0.928692 91488
car -1 -1 nan nan nan nan nan 1.462034 1.722543 3.914701 31.506902 -2.564761 -0.427747 0.000000 0.859944 91489
car -1 -1 nan nan nan nan nan 0.581156 1.632321 1.869026 -34.171841 -3.608287 -1.217942 0.000000 0.741279 91490
car -1 -1 nan nan nan nan nan 0.375165 0.304562 1.098975 -1.203857 -29.110552 -2.683418 0.000000 0.750714 91494
car -1 -1 nan nan nan nan nan 1.253088 1.082351 2.758268 26.576316 -2.290710 -0.624216 0.000000 0.926600 91499
bicycle -1 -1 nan nan nan nan nan 0.374333 0.735535 1.359824 -9.045492 -28.723255 -0.965921 0.000000 0.708926 91471
bicycle -1 -1 nan nan nan nan nan 0.376908 0.983784 0.735296 -9.509465 -32.288607 -0.701799 0.000000 0.660445 91491
person -1 -1 nan nan nan nan nan 0.257955 0.308069 0.270697 12.272471 -16.856606 -0.466582 0.000000 0.804378 91481
