car -1 -1 nan nan nan nan nan 1.312491 1.594894 4.097586 -1.927462 -2.793686 -1.135718 0.000000 0.975195 90090
car -1 -1 nan nan nan nan nan 0.715085 1.124658 0.972313 -39.148151 -2.829266 -1.500651 0.000000 0.884678 90092
car -1 -1 nan nan nan nan nan 1.323217 1.159971 2.863020 25.051442 -2.532740 -0.796470 0.000000 0.900884 90093
car -1 -1 nan nan nan nan nan 1.361421 1.704194 0.665699 -19.466022 -12.625723 -1.715075 0.000000 0.922120 90094
other-vehicle -1 -1 nan nan nan nan nan 0.640070 0.361864 0.680553 0.885650 9.703934 -0.556892 0.000000 0.291266 90095
car -1 -1 nan nan nan nan nan 1.384125 1.154549 3.604115 -13.781092 -2.598860 -1.383078 0.000000 0.939970 90096
car -1 -1 nan nan nan nan nan 1.274359 1.730332 3.910391 -24.311015 -2.848947 -1.463390 0.000000 0.945357 90097
car -1 -1 nan nan nan nan nan 1.768983 1.819123 3.897719 8.818941 -3.144540 -0.846776 0.000000 0.895545 90098
car -1 -1 nan nan nan nan nan 1.081009 1.387893 2.880142 35.559452 -2.580700 -0.611463 0.000000 0.820232 90099
car -1 -1 nan nan nan nan nan 1.756818 1.763179 4.266034 -8.831672 -2.900295 -1.138940 0.000000 0.957251 90105
car -1 -1 nan nan nan nan nan 1.597140 1.558046 4.142066 14.195246 -2.631814 -0.783619 0.000000 0.929094 90106
car -1 -1 nan nan nan nan nan 1.400407 1.612509 3.474850 2.964516 -2.708190 -1.073382 0.000000 0.941635 90107
car -1 -1 nan nan nan nan nan 1.338134 0.967038 3.208490 19.952970 -2.455280 -0.860029 0.000000 0.956087 90108
car -1 -1 nan nan nan nan nan 1.318548 0.946318 3.794617 -29.190878 -2.652836 -1.524029 0.000000 0.874686 90110
person -1 -1 nan nan nan nan nan 1.144115 0.965890 1.163525 47.739496 3.272626 0.113384 0.000000 0.827424 90091
