car -1 -1 nan nan nan nan nan 1.591170 1.754601 3.807448 3.494204 -2.814686 -1.000571 0.000000 0.964916 89383
car -1 -1 nan nan nan nan nan 1.038549 1.446294 3.732414 -39.114376 -2.990443 -1.682331 0.000000 0.891683 89384
car -1 -1 nan nan nan nan nan 1.178857 2.536850 0.369095 25.412775 -11.521321 -1.282498 0.000000 0.750846 89386
car -1 -1 nan nan nan nan nan 1.574081 1.435818 3.818717 -12.776080 -2.927358 -1.152882 0.000000 0.928591 89389
car -1 -1 nan nan nan nan nan 1.315737 1.763640 3.622231 19.174084 -2.780567 -0.926568 0.000000 0.897501 89390
car -1 -1 nan nan nan nan nan 1.770870 1.866279 4.749216 -7.232160 -3.047643 -1.113790 0.000000 0.931434 89392
car -1 -1 nan nan nan nan nan 1.485172 1.812471 3.941141 8.722604 -2.717838 -1.042483 0.000000 0.953359 89395
car -1 -1 nan nan nan nan nan 1.277202 0.609215 3.463110 31.193788 -2.084321 -0.673411 0.000000 0.889040 89396
car -1 -1 nan nan nan nan nan 0.463074 1.487581 1.929245 41.363491 -3.017698 0.109673 0.000000 0.746366 89397
truck -1 -1 nan nan nan nan nan 1.166275 0.751311 1.220165 32.628977 2.342401 0.736960 0.000000 0.356521 89398
truck -1 -1 nan nan nan nan nan 1.925159 2.396887 4.696716 30.408859 3.700422 0.354347 0.000000 0.865291 89399
car -1 -1 nan nan nan nan nan 0.684325 0.751285 2.333477 36.102377 -2.335422 -0.190802 0.000000 0.696518 89402
car -1 -1 nan nan nan nan nan 1.683501 1.595566 3.819309 24.417429 -2.808579 -0.669238 0.000000 0.898399 89403
