car -1 -1 nan nan nan nan nan 1.265278 1.862913 4.348157 -4.067988 -2.935752 -1.188210 0.000000 0.943280 89524
car -1 -1 nan nan nan nan nan 1.124030 0.312003 1.247562 38.034880 -1.838999 0.228408 0.000000 0.864286 89526
car -1 -1 nan nan nan nan nan 1.453416 0.980366 3.262955 -20.786213 -2.874638 -1.491222 0.000000 0.940869 89528
other-vehicle -1 -1 nan nan nan nan nan 1.071377 1.003716 2.098273 1.240521 19.332880 0.318793 0.000000 0.738283 89529
car -1 -1 nan nan nan nan nan 1.537826 1.772179 3.737327 11.114781 -2.721197 -0.901308 0.000000 0.944771 89530
car -1 -1 nan nan nan nan nan 1.221210 1.186035 3.675005 23.154033 -2.242048 -0.438986 0.000000 0.917278 89531
car -1 -1 nan nan nan nan nan 1.689421 1.854084 3.930108 -14.870395 -3.164846 -1.288123 0.000000 0.928518 89533
car -1 -1 nan nan nan nan nan 1.751050 1.768114 4.012814 16.256865 -2.690128 -0.500990 0.000000 0.909682 89535
car -1 -1 nan nan nan nan nan 1.136257 1.271024 3.007919 28.397863 -2.318529 -0.274493 0.000000 0.735214 89536
car -1 -1 nan nan nan nan nan 1.508066 1.687021 3.178917 34.061123 -2.830513 0.211461 0.000000 0.846937 89537
car -1 -1 nan nan nan nan nan 1.390736 1.506884 3.917630 0.843591 -2.753476 -0.773964 0.000000 0.958671 89538
