car -1 -1 nan nan nan nan nan 1.475974 2.198689 4.489699 5.139050 -3.092192 -1.065934 0.000000 0.962870 91963
truck -1 -1 nan nan nan nan nan 0.497033 0.257007 0.685310 39.319675 2.695614 1.053439 0.000000 0.407082 91966
car -1 -1 nan nan nan nan nan 1.364472 1.660472 4.252910 -17.145125 -2.787652 -1.562177 0.000000 0.909235 91967
car -1 -1 nan nan nan nan nan 0.233923 0.488880 0.357761 -1.466324 -41.625082 -1.503756 0.000000 0.569637 91968
car -1 -1 nan nan nan nan nan 0.329276 0.714838 0.250656 -11.070347 -26.958713 -2.287415 0.000000 0.539302 91969
car -1 -1 nan nan nan nan nan 1.649958 1.720185 4.199972 20.970960 -2.962320 -0.554661 0.000000 0.902771 91970
car -1 -1 nan nan nan nan nan 0.386893 0.207691 0.415218 -32.427065 -2.324521 -2.206895 0.000000 0.309307 91971
other-vehicle -1 -1 nan nan nan nan nan 2.186990 2.644140 5.158262 32.812238 -2.926169 0.312970 0.000000 0.879548 91972
car -1 -1 nan nan nan nan nan 1.594936 1.534265 3.546347 -4.543953 -3.120385 -1.180313 0.000000 0.942714 91974
car -1 -1 nan nan nan nan nan 0.443321 1.160177 0.338715 -9.579684 -17.527900 -0.982303 0.000000 0.692811 91975
car -1 -1 nan nan nan nan nan 1.521930 1.814550 3.581307 10.926009 -2.947690 -0.892471 0.000000 0.929339 91978
car -1 -1 nan nan nan nan nan 1.416935 1.854681 4.383420 -11.373206 -3.022826 -1.421329 0.000000 0.929433 91979
car -1 -1 nan nan nan nan nan 1.225887 0.678062 3.679581 26.277479 -2.362194 -0.608679 0.000000 0.783307 91981
car -1 -1 nan nan nan nan nan 1.071756 1.816287 4.446957 -0.236590 -2.937034 -1.000081 0.000000 0.958016 91983
car -1 -1 nan nan nan nan nan 1.487921 1.384224 3.040643 15.739135 -2.805422 -0.856607 0.000000 0.942865 91984
car -1 -1 nan nan nan nan nan 0.316692 1.107682 1.332588 -45.044205 -3.234470 -1.366179 0.000000 0.744697 91985
truck -1 -1 nan nan nan nan nan 0.929807 2.742110 0.988811 37.835794 6.149273 1.055634 0.000000 0.846076 91987
car -1 -1 nan nan nan nan nan 0.526762 0.288538 1.194378 -37.272493 -2.317340 -2.318916 0.000000 0.791646 91988
car -1 -1 nan nan nan nan nan 0.224621 0.886726 0.604218 -34.230316 -2.927477 -1.403574 0.000000 0.677482 91991
car -1 -1 nan nan nan nan nan 1.321769 1.318151 3.505377 -27.987922 -2.818426 -1.867636 0.000000 0.902519 91992
bicycle -1 -1 nan nan nan nan nan 0.900029 1.020083 0.520857 3.343975 -10.359629 -1.569166 0.000000 0.799828 91977
