car -1 -1 nan nan nan nan nan 1.334114 1.878569 4.360255 -5.126942 -2.961790 -1.240884 0.000000 0.956593 91691
truck -1 -1 nan nan nan nan nan 0.566636 0.915745 1.060328 0.186125 -46.594362 -0.681703 0.000000 0.206068 91693
car -1 -1 nan nan nan nan nan 0.470178 0.463714 1.415977 -43.276394 -2.623856 -1.794123 0.000000 0.601152 91694
car -1 -1 nan nan nan nan nan 1.363223 1.245307 2.984735 22.080201 -2.523664 -0.928185 0.000000 0.919825 91695
car -1 -1 nan nan nan nan nan 1.464252 1.623754 3.330164 -21.723250 -3.018357 -1.559997 0.000000 0.867975 91698
car -1 -1 nan nan nan nan nan 0.549467 1.326325 0.592525 -12.458526 14.071388 -0.037991 0.000000 0.450620 91699
other-vehicle -1 -1 nan nan nan nan nan 2.442514 2.583447 2.447060 37.685440 -2.655944 0.247286 0.000000 0.869916 91702
car -1 -1 nan nan nan nan nan 0.860935 0.369913 1.866016 -32.365541 -2.702046 -1.567366 0.000000 0.719041 91703
car -1 -1 nan nan nan nan nan 1.396651 1.926335 4.173842 5.879244 -2.847602 -1.127724 0.000000 0.963435 91705
car -1 -1 nan nan nan nan nan 1.129441 0.449722 1.005823 31.412389 -2.099828 -0.808047 0.000000 0.493573 91706
other-vehicle -1 -1 nan nan nan nan nan 1.523215 2.114042 2.200516 -6.240515 22.260812 0.081410 0.000000 0.849524 91707
car -1 -1 nan nan nan nan nan 1.418609 1.732243 4.171201 11.317525 -2.765426 -1.072496 0.000000 0.965152 91708
car -1 -1 nan nan nan nan nan 1.367954 1.690031 4.333849 -10.931875 -2.813131 -1.306029 0.000000 0.941507 91709
other-vehicle -1 -1 nan nan nan nan nan 1.380791 1.014458 0.608608 44.059008 6.459709 1.045794 0.000000 0.790234 91710
car -1 -1 nan nan nan nan nan 1.255404 1.176060 3.236238 -27.314210 -2.891140 -1.530744 0.000000 0.822881 91711
car -1 -1 nan nan nan nan nan 0.703852 1.325897 1.606129 -38.733828 -3.276533 -0.966915 0.000000 0.844108 91713
car -1 -1 nan nan nan nan nan 1.435365 1.704038 3.858017 27.156206 -2.708025 -0.715976 0.000000 0.802423 91714
car -1 -1 nan nan nan nan nan 1.492350 1.684141 3.460688 17.315774 -2.723147 -0.976547 0.000000 0.928492 91715
car -1 -1 nan nan nan nan nan 1.338519 1.787898 3.307322 1.564544 -2.946012 -0.968004 0.000000 0.936175 91718
car -1 -1 nan nan nan nan nan 0.772751 0.601556 0.656649 -32.315661 -2.966602 -0.883788 0.000000 0.586789 91729
truck -1 -1 nan nan nan nan nan 1.233742 2.220675 2.267742 40.409372 -2.618438 0.945667 0.000000 0.834038 91730
bicycle -1 -1 nan nan nan nan nan 0.457015 0.814827 0.284838 10.764981 -11.059277 -1.625484 0.000000 0.827816 91701
