other-vehicle -1 -1 nan nan nan nan nan 2.781932 3.618302 6.113485 -28.208898 -3.692824 -0.545262 0.000000 0.188842 94109
other-vehicle -1 -1 nan nan nan nan nan 0.767292 0.592077 1.703068 -15.204515 -21.223516 -2.212554 0.000000 0.755545 94110
car -1 -1 nan nan nan nan nan 0.508226 0.247940 0.522976 40.522745 -12.452449 -1.400341 0.000000 0.609717 94111
car -1 -1 nan nan nan nan nan 1.120541 0.444816 1.435850 31.460553 -1.510785 -1.022131 0.000000 0.714973 94113
car -1 -1 nan nan nan nan nan 1.460084 1.768962 3.839150 17.750888 -2.358688 -1.168615 0.000000 0.884397 94116
car -1 -1 nan nan nan nan nan 1.341834 1.664787 3.635901 8.401228 -2.602999 -1.279700 0.000000 0.923346 94117
car -1 -1 nan nan nan nan nan 1.917400 2.094014 4.519968 26.275754 -2.432323 -0.663454 0.000000 0.900553 94120
car -1 -1 nan nan nan nan nan 1.303457 1.572160 3.081182 -21.476659 -3.023934 -1.403624 0.000000 0.925445 94121
car -1 -1 nan nan nan nan nan 1.461203 1.836765 4.434973 -8.099846 -2.858551 -1.253738 0.000000 0.966001 94125
car -1 -1 nan nan nan nan nan 1.170009 0.268282 2.554947 -46.177990 2.017307 -0.823301 0.000000 0.812484 94126
car -1 -1 nan nan nan nan nan 1.255823 1.763393 3.812679 -16.306284 -3.012875 -1.360027 0.000000 0.922273 94127
car -1 -1 nan nan nan nan nan 1.024233 0.996570 0.219028 41.563570 -1.758707 -0.888287 0.000000 0.834617 94129
motorcycle -1 -1 nan nan nan nan nan 1.210083 0.835664 0.916525 -12.398955 -2.904256 -1.203251 0.000000 0.850961 94112
bicycle -1 -1 nan nan nan nan nan 0.738516 0.524164 0.479080 -14.659538 -26.975907 -1.042352 0.000000 0.879654 94123
