car -1 -1 nan nan nan nan nan 1.428067 1.815166 4.936348 -3.682397 -2.955036 -1.191232 0.000000 0.973184 92233
car -1 -1 nan nan nan nan nan 0.774918 0.324068 0.921211 43.169319 -2.443575 -1.093789 0.000000 0.625158 92234
car -1 -1 nan nan nan nan nan 1.380785 0.906253 3.932706 17.360977 -2.595776 -1.033722 0.000000 0.948580 92237
car -1 -1 nan nan nan nan nan 1.379125 1.471596 3.992136 -20.004895 -2.892283 -1.388295 0.000000 0.904670 92239
other-vehicle -1 -1 nan nan nan nan nan 0.680522 1.147235 0.230091 28.633909 5.848899 0.318718 0.000000 0.476177 92240
other-vehicle -1 -1 nan nan nan nan nan 0.205826 0.845124 0.418750 6.041997 -8.921633 -1.246450 0.000000 0.606984 92241
car -1 -1 nan nan nan nan nan 1.562907 1.594341 3.450535 -13.479981 -3.198567 -1.228890 0.000000 0.932846 92244
car -1 -1 nan nan nan nan nan 1.520798 1.716631 3.250410 6.841947 -3.018273 -1.084455 0.000000 0.928183 92246
car -1 -1 nan nan nan nan nan 1.304678 1.515354 3.730671 -25.975002 -2.805239 -1.431894 0.000000 0.914211 92247
car -1 -1 nan nan nan nan nan 1.700811 1.910679 4.295164 12.033110 -3.050028 -0.870648 0.000000 0.914890 92248
other-vehicle -1 -1 nan nan nan nan nan 2.575022 2.611625 5.708860 24.039412 -3.002266 -0.173528 0.000000 0.849124 92250
car -1 -1 nan nan nan nan nan 1.346589 1.796648 3.849859 -8.608334 -2.975280 -1.275314 0.000000 0.931707 92252
car -1 -1 nan nan nan nan nan 1.459786 3.075809 0.981283 -27.514112 -27.310030 -1.937155 0.000000 0.888251 92254
other-vehicle -1 -1 nan nan nan nan nan 0.385206 0.550590 1.339371 -35.400398 -2.497697 -1.746094 0.000000 0.853025 92257
car -1 -1 nan nan nan nan nan 1.466772 1.698783 3.765535 2.249494 -2.930142 -1.050223 0.000000 0.945464 92258
bicycle -1 -1 nan nan nan nan nan 0.908142 0.235658 1.245682 -36.789150 2.710029 -1.264728 0.000000 0.916608 92236
person -1 -1 nan nan nan nan nan 0.759187 0.603365 0.463640 -28.491458 -30.626552 -2.476202 0.000000 0.709568 92235
