car -1 -1 nan nan nan nan nan 1.221909 1.627479 3.940953 -1.392076 -2.872882 -1.227552 0.000000 0.963226 93532
car -1 -1 nan nan nan nan nan 0.565922 0.251003 0.732866 17.029134 -42.739195 -2.149749 0.000000 0.651554 93535
car -1 -1 nan nan nan nan nan 1.619616 0.657946 4.066917 -25.455057 -2.870198 -1.783785 0.000000 0.944301 93536
car -1 -1 nan nan nan nan nan 1.231288 1.537256 3.505728 23.632375 -2.565913 -0.598569 0.000000 0.924248 93537
other-vehicle -1 -1 nan nan nan nan nan 2.980914 2.451845 6.137308 -13.473714 -3.132523 -0.739668 0.000000 0.885642 93539
car -1 -1 nan nan nan nan nan 1.127359 1.608240 3.207502 32.809258 -2.240323 -0.259422 0.000000 0.903620 93541
car -1 -1 nan nan nan nan nan 1.357852 2.247316 0.849628 38.079889 4.333100 0.830524 0.000000 0.771942 93543
car -1 -1 nan nan nan nan nan 1.485699 2.278825 4.262078 6.597365 -3.110951 -1.024153 0.000000 0.978078 93544
car -1 -1 nan nan nan nan nan 1.308237 0.623307 0.202156 -42.651997 -3.269285 -2.411635 0.000000 0.485299 93545
car -1 -1 nan nan nan nan nan 1.096725 0.531168 2.218216 -30.473972 -2.975910 -1.966218 0.000000 0.826133 93546
car -1 -1 nan nan nan nan nan 1.338411 1.691536 3.664532 -6.200925 -3.091436 -1.352466 0.000000 0.946058 93548
car -1 -1 nan nan nan nan nan 1.706545 3.440477 4.229656 40.469873 -3.090421 0.499237 0.000000 0.718259 93549
car -1 -1 nan nan nan nan nan 1.371940 1.037742 2.144779 -34.943548 -3.264081 -2.140300 0.000000 0.812421 93551
car -1 -1 nan nan nan nan nan 0.309291 0.211029 0.258274 39.968771 3.487976 0.975311 0.000000 0.468218 93553
motorcycle -1 -1 nan nan nan nan nan 1.403315 1.615734 1.867406 2.425644 -3.269084 -1.138332 0.000000 0.952178 93552
person -1 -1 nan nan nan nan nan 0.250853 0.356030 0.315109 23.543375 -36.510736 -1.882470 0.000000 0.311255 93542
