car -1 -1 nan nan nan nan nan 1.367704 2.006246 3.497762 2.864301 -3.125835 -1.108109 0.000000 0.970231 93146
car -1 -1 nan nan nan nan nan 1.144090 2.014196 1.559998 49.466183 -2.570258 0.382112 0.000000 0.784588 93148
car -1 -1 nan nan nan nan nan 1.478492 0.812576 3.035658 -21.417802 -2.885320 -1.645615 0.000000 0.921632 93150
car -1 -1 nan nan nan nan nan 1.360098 1.895286 4.098911 15.891647 -2.914925 -0.871665 0.000000 0.966888 93154
other-vehicle -1 -1 nan nan nan nan nan 0.354297 0.646912 0.356703 0.891668 -21.051823 -0.783996 0.000000 0.760656 93155
car -1 -1 nan nan nan nan nan 1.316290 1.158483 3.805943 -11.019424 -2.901970 -1.397697 0.000000 0.932688 93157
car -1 -1 nan nan nan nan nan 1.086099 1.694181 3.569477 42.504072 -2.332248 -0.400869 0.000000 0.660404 93159
car -1 -1 nan nan nan nan nan 1.187935 1.548174 2.827299 32.537869 -2.655308 -0.646787 0.000000 0.843706 93160
car -1 -1 nan nan nan nan nan 1.105028 2.157198 1.219757 47.707764 4.076898 0.382462 0.000000 0.756104 93161
other-vehicle -1 -1 nan nan nan nan nan 2.418001 2.535041 6.152008 -4.223855 -3.022187 -0.737108 0.000000 0.911800 93162
car -1 -1 nan nan nan nan nan 1.789453 1.874327 4.361527 -16.202844 -3.332469 -1.374053 0.000000 0.933262 93163
car -1 -1 nan nan nan nan nan 1.291064 1.989436 4.037758 7.742040 -3.080221 -1.086834 0.000000 0.952196 93164
car -1 -1 nan nan nan nan nan 1.371434 1.243593 3.409105 -26.017991 -3.147513 -1.676155 0.000000 0.925640 93165
car -1 -1 nan nan nan nan nan 1.390967 0.999672 3.687037 -32.023925 -3.159995 -1.952195 0.000000 0.905367 93167
car -1 -1 nan nan nan nan nan 0.506207 0.277349 0.905800 -46.850597 -3.077872 -2.441129 0.000000 0.516464 93174
car -1 -1 nan nan nan nan nan 0.541012 0.252019 0.709583 48.399607 -4.837485 0.090800 0.000000 0.711653 93175
motorcycle -1 -1 nan nan nan nan nan 1.190096 1.118185 1.861870 11.748573 -3.036497 -1.019520 0.000000 0.904763 93166
