car -1 -1 nan nan nan nan nan 1.308210 1.697192 4.019474 4.348541 -2.874388 -1.159123 0.000000 0.936969 93283
car -1 -1 nan nan nan nan nan 0.841066 1.693175 2.526936 48.985033 4.242981 -0.053374 0.000000 0.666854 93284
car -1 -1 nan nan nan nan nan 0.535989 0.358888 1.711910 -39.602961 -2.876487 -2.021357 0.000000 0.628930 93286
car -1 -1 nan nan nan nan nan 0.414960 0.515091 0.720087 29.670852 -16.461592 -0.889650 0.000000 0.767419 93288
car -1 -1 nan nan nan nan nan 1.691493 1.461494 4.220308 -19.500066 -3.182391 -1.266623 0.000000 0.958690 93290
other-vehicle -1 -1 nan nan nan nan nan 2.516734 2.538507 6.361710 -7.588586 -3.098382 -0.667039 0.000000 0.832530 93292
car -1 -1 nan nan nan nan nan 1.331264 0.751752 3.288588 -29.472756 -2.998010 -1.584761 0.000000 0.931829 93293
car -1 -1 nan nan nan nan nan 1.388939 1.889484 4.103486 12.404888 -2.913149 -1.029009 0.000000 0.961321 93295
car -1 -1 nan nan nan nan nan 1.023000 1.523217 2.626377 29.189562 -2.571877 -1.075339 0.000000 0.794313 93296
car -1 -1 nan nan nan nan nan 1.658885 3.153378 2.283634 46.310606 -3.049869 -0.160990 0.000000 0.864446 93297
car -1 -1 nan nan nan nan nan 1.315476 0.475416 2.890162 -14.556701 -2.644776 -1.323349 0.000000 0.857658 93300
car -1 -1 nan nan nan nan nan 1.000433 0.405613 3.150146 -35.083084 -2.943312 -1.644409 0.000000 0.907649 93301
car -1 -1 nan nan nan nan nan 1.076414 1.741359 3.475124 -0.458476 -2.981310 -0.998908 0.000000 0.969636 93302
car -1 -1 nan nan nan nan nan 1.467201 0.800514 3.162243 -24.935497 -2.958674 -1.491948 0.000000 0.914511 93303
car -1 -1 nan nan nan nan nan 0.329204 0.910053 0.927544 30.059141 -38.494139 -2.379050 0.000000 0.698526 93309
car -1 -1 nan nan nan nan nan 0.522636 1.327149 2.637459 46.691826 -2.156748 0.087879 0.000000 0.704425 93312
truck -1 -1 nan nan nan nan nan 0.758211 0.667068 0.676754 44.097952 3.567915 -0.031836 0.000000 0.588836 93313
car -1 -1 nan nan nan nan nan 1.143090 0.263008 0.686005 46.939346 3.570915 -0.216347 0.000000 0.354278 93315
car -1 -1 nan nan nan nan nan 1.033864 1.446179 3.542480 38.997967 -2.161270 -0.841498 0.000000 0.881981 93316
car -1 -1 nan nan nan nan nan 0.267233 0.868713 1.160975 -8.818090 -44.838120 -1.382095 0.000000 0.760662 93317
motorcycle -1 -1 nan nan nan nan nan 1.370002 1.159369 2.020760 8.251425 -3.029341 -1.128464 0.000000 0.946797 93304
person -1 -1 nan nan nan nan nan 1.343976 0.681076 0.325954 43.539984 -3.157854 0.532139 0.000000 0.833708 93306
