other-vehicle -1 -1 nan nan nan nan nan 1.940938 2.051822 6.040460 0.063898 -2.908798 -0.646699 0.000000 0.856714 93019
car -1 -1 nan nan nan nan nan 1.113882 1.335160 1.080040 45.482208 -2.428790 -0.712923 0.000000 0.787002 93020
car -1 -1 nan nan nan nan nan 0.271132 0.228992 0.369316 -42.860783 -3.024328 -1.986884 0.000000 0.737754 93021
car -1 -1 nan nan nan nan nan 1.473791 1.322728 3.318993 -21.601130 -3.079459 -1.469179 0.000000 0.942292 93022
car -1 -1 nan nan nan nan nan 1.392605 1.748289 4.134466 20.292590 -2.912446 -1.008704 0.000000 0.944451 93023
other-vehicle -1 -1 nan nan nan nan nan 0.499336 1.046095 0.613640 39.126892 -21.414428 -0.996264 0.000000 0.747265 93024
car -1 -1 nan nan nan nan nan 0.717296 0.348563 1.911823 -31.817793 -2.630505 -1.727359 0.000000 0.681772 93025
car -1 -1 nan nan nan nan nan 1.764366 1.896585 4.858502 -11.820404 -3.231067 -1.170299 0.000000 0.970776 93026
car -1 -1 nan nan nan nan nan 0.914846 1.524191 0.953754 36.307878 -2.721342 -1.195421 0.000000 0.866126 93028
car -1 -1 nan nan nan nan nan 0.687479 1.171222 0.538273 -36.924082 -7.018334 -1.245751 0.000000 0.653745 93031
car -1 -1 nan nan nan nan nan 0.749560 0.693055 0.387377 -19.649144 -8.462035 -1.360158 0.000000 0.850812 93032
car -1 -1 nan nan nan nan nan 1.457704 2.414220 2.419785 -38.116684 -3.119325 -1.393948 0.000000 0.802988 93034
car -1 -1 nan nan nan nan nan 1.284687 1.019784 3.864431 -27.474269 -3.013348 -1.613708 0.000000 0.935286 93035
car -1 -1 nan nan nan nan nan 1.509991 0.877846 3.267400 -17.094373 -2.846192 -1.411089 0.000000 0.890758 93036
car -1 -1 nan nan nan nan nan 1.541621 1.786434 3.350789 7.083671 -3.008723 -1.186773 0.000000 0.954908 93040
car -1 -1 nan nan nan nan nan 1.277651 1.614388 3.788363 12.017595 -2.885574 -1.108953 0.000000 0.956288 93041
car -1 -1 nan nan nan nan nan 1.370077 1.885727 4.325264 -6.469347 -3.176998 -1.251974 0.000000 0.945286 93042
motorcycle -1 -1 nan nan nan nan nan 1.160473 0.707126 1.008631 16.660108 -2.870980 -1.031983 0.000000 0.872728 93038
