car -1 -1 nan nan nan nan nan 1.019691 1.794718 3.830801 -1.398496 -2.897661 -1.131814 0.000000 0.953375 94396
car -1 -1 nan nan nan nan nan 1.133417 0.493154 1.313824 37.848185 -2.369343 -0.902341 0.000000 0.631274 94398
truck -1 -1 nan nan nan nan nan 2.518582 3.649393 3.836109 -37.126978 -3.205063 -0.464017 0.000000 0.899885 94399
car -1 -1 nan nan nan nan nan 0.446841 1.299507 0.628483 -19.556746 -16.849867 -1.087952 0.000000 0.646826 94400
other-vehicle -1 -1 nan nan nan nan nan 1.495978 0.322034 2.152229 21.021749 -14.011891 -0.599748 0.000000 0.499995 94401
car -1 -1 nan nan nan nan nan 1.549444 1.801381 4.133936 -18.145419 -2.827668 -1.441150 0.000000 0.915383 94402
car -1 -1 nan nan nan nan nan 0.250891 0.872402 0.407474 -8.699214 -37.203856 -2.007628 0.000000 0.646063 94403
car -1 -1 nan nan nan nan nan 2.147232 2.145630 4.837586 16.127872 -2.927390 -0.643782 0.000000 0.843214 94404
car -1 -1 nan nan nan nan nan 1.504907 1.805285 3.991220 7.649011 -2.750135 -1.136021 0.000000 0.968406 94407
car -1 -1 nan nan nan nan nan 0.375007 1.055266 0.710775 27.074080 -15.917523 -1.579137 0.000000 0.780187 94409
car -1 -1 nan nan nan nan nan 1.265354 0.645193 3.267811 22.270197 -2.229227 -1.012934 0.000000 0.910753 94411
car -1 -1 nan nan nan nan nan 0.528537 0.852631 1.780189 -9.277358 -43.168137 -1.987370 0.000000 0.494659 94412
car -1 -1 nan nan nan nan nan 1.365278 1.489483 3.486574 32.878352 -2.747455 -0.924603 0.000000 0.900179 94413
car -1 -1 nan nan nan nan nan 0.522357 0.243507 0.234421 -14.941776 -14.505675 -1.657988 0.000000 0.769467 94414
car -1 -1 nan nan nan nan nan 1.474375 3.288315 3.002787 -30.858653 -1.653743 -1.168905 0.000000 0.877026 94415
car -1 -1 nan nan nan nan nan 1.197920 1.062002 3.318716 -25.921863 -2.433938 -1.446645 0.000000 0.914880 94416
car -1 -1 nan nan nan nan nan 0.477967 0.472706 0.394578 -10.475132 -36.653826 -2.116197 0.000000 0.498584 94417
