car -1 -1 nan nan nan nan nan 1.524881 1.886530 4.066884 10.475569 -2.786964 -1.168448 0.000000 0.926266 94309
car -1 -1 nan nan nan nan nan 0.697914 0.369962 0.408443 40.232210 -2.468925 -0.986488 0.000000 0.726506 94312
other-vehicle -1 -1 nan nan nan nan nan 2.451542 2.274197 1.759434 -34.132418 -2.557160 -0.325253 0.000000 0.706732 94315
car -1 -1 nan nan nan nan nan 1.115636 0.528772 2.530786 -0.393386 -29.898324 -1.269422 0.000000 0.746136 94316
car -1 -1 nan nan nan nan nan 2.020172 2.120569 4.745203 18.965062 -3.000134 -0.735113 0.000000 0.842997 94319
car -1 -1 nan nan nan nan nan 1.246048 1.518879 0.720764 34.311813 -2.925369 -1.132127 0.000000 0.815784 94320
car -1 -1 nan nan nan nan nan 1.498002 1.846812 4.322850 -15.458410 -2.738460 -1.211776 0.000000 0.938940 94323
car -1 -1 nan nan nan nan nan 0.448336 1.743181 0.855667 -37.000637 0.917466 -1.555639 0.000000 0.644946 94324
car -1 -1 nan nan nan nan nan 1.219388 1.399290 3.445557 -28.435587 -2.508014 -1.240898 0.000000 0.909228 94325
car -1 -1 nan nan nan nan nan 1.327845 1.479564 3.539255 -23.699115 -2.411701 -1.296433 0.000000 0.936917 94326
car -1 -1 nan nan nan nan nan 1.085450 1.530048 3.739123 1.368368 -2.765976 -1.129174 0.000000 0.929949 94328
car -1 -1 nan nan nan nan nan 1.162059 0.553905 2.071146 24.512038 -2.241818 -1.156068 0.000000 0.888057 94329
