car -1 -1 nan nan nan nan nan 1.409113 1.689726 3.307606 -35.587725 -3.071108 -2.106107 0.000000 0.808911 94905
car -1 -1 nan nan nan nan nan 1.278752 1.033051 3.257330 20.326503 -2.364509 -0.709718 0.000000 0.920562 94909
car -1 -1 nan nan nan nan nan 1.228140 1.672821 3.604988 -19.246349 -3.034972 -1.759554 0.000000 0.936641 94910
car -1 -1 nan nan nan nan nan 1.441967 1.715750 4.204836 -10.037040 -2.794459 -1.394629 0.000000 0.928509 94913
car -1 -1 nan nan nan nan nan 1.697715 1.738955 3.815641 14.633645 -2.740425 -0.834208 0.000000 0.927614 94915
car -1 -1 nan nan nan nan nan 2.199779 2.073369 5.079584 -1.692654 -3.013725 -0.782016 0.000000 0.880654 94916
car -1 -1 nan nan nan nan nan 1.474435 1.810667 3.955403 4.186514 -2.725063 -1.080294 0.000000 0.970278 94917
car -1 -1 nan nan nan nan nan 0.546211 0.726124 0.917004 -5.997543 -29.476303 -0.869254 0.000000 0.513810 94918
car -1 -1 nan nan nan nan nan 0.587730 0.791644 1.112625 -42.834095 -2.356333 -2.658324 0.000000 0.685832 94921
bicyclist -1 -1 nan nan nan nan nan 0.433831 0.548020 0.334366 38.828430 -5.367079 0.109726 0.000000 0.870216 94906
