car -1 -1 nan nan nan nan nan 1.263013 1.744583 3.528156 -22.626865 -2.268422 -1.546889 0.000000 0.915495 94285
car -1 -1 nan nan nan nan nan 1.537596 1.804114 3.869909 11.326646 -2.777282 -1.035832 0.000000 0.932400 94287
car -1 -1 nan nan nan nan nan 1.203336 0.543844 2.092758 25.384974 -2.251307 -0.757754 0.000000 0.842480 94290
car -1 -1 nan nan nan nan nan 1.395948 1.761342 4.293370 -14.551553 -2.688507 -1.339274 0.000000 0.957294 94294
car -1 -1 nan nan nan nan nan 1.086328 0.763787 0.985802 35.476746 -2.518300 -0.618293 0.000000 0.771573 94295
car -1 -1 nan nan nan nan nan 2.016438 2.130291 4.667727 19.942986 -2.958530 -0.478343 0.000000 0.839416 94296
car -1 -1 nan nan nan nan nan 1.265599 1.403601 2.914917 -27.892080 -2.521922 -1.457251 0.000000 0.888487 94297
car -1 -1 nan nan nan nan nan 1.171102 1.563277 3.852447 2.252508 -2.736844 -1.162668 0.000000 0.903536 94298
other-vehicle -1 -1 nan nan nan nan nan 2.604249 2.456032 5.143843 -34.097192 -2.490686 -0.701933 0.000000 0.449376 94301
car -1 -1 nan nan nan nan nan 0.996471 0.454880 0.377453 41.120035 -2.415856 -0.615097 0.000000 0.826671 94304
car -1 -1 nan nan nan nan nan 0.464596 1.523632 0.408798 33.471050 -14.935025 -1.181318 0.000000 0.714991 94305
motorcycle -1 -1 nan nan nan nan nan 0.334262 0.536040 0.266245 -19.067071 -2.797220 -0.905060 0.000000 0.710564 94300
