car -1 -1 nan nan nan nan nan 1.361836 1.701802 3.730228 -5.449041 -3.076117 -1.319568 0.000000 0.938780 93499
car -1 -1 nan nan nan nan nan 1.299496 1.577040 3.146519 24.375950 -2.592530 -0.791947 0.000000 0.914772 93504
car -1 -1 nan nan nan nan nan 1.686420 0.727521 4.311104 -24.710264 -2.849153 -1.653649 0.000000 0.945772 93506
car -1 -1 nan nan nan nan nan 1.203853 2.069030 0.366909 38.672369 4.414495 0.505804 0.000000 0.435121 93507
car -1 -1 nan nan nan nan nan 1.433269 1.997557 4.173569 7.400266 -2.963975 -1.037907 0.000000 0.972257 93508
car -1 -1 nan nan nan nan nan 1.158818 0.938100 3.284622 -34.609344 -3.177300 -1.969123 0.000000 0.933609 93509
car -1 -1 nan nan nan nan nan 1.220295 1.265024 3.649685 33.908426 -2.068501 -0.457095 0.000000 0.897841 93511
other-vehicle -1 -1 nan nan nan nan nan 2.793807 2.513257 6.293337 -12.670576 -3.131852 -0.666897 0.000000 0.906738 93512
car -1 -1 nan nan nan nan nan 1.883500 2.057002 4.118919 42.191612 -2.379481 0.216488 0.000000 0.779424 93513
car -1 -1 nan nan nan nan nan 0.973810 0.316283 2.133364 -20.116548 -2.600861 -1.874584 0.000000 0.441495 93516
car -1 -1 nan nan nan nan nan 1.173077 0.582371 2.514656 -29.804033 -2.976669 -1.793471 0.000000 0.902425 93517
car -1 -1 nan nan nan nan nan 0.771647 0.283377 0.674419 -38.963076 -2.942508 -2.412154 0.000000 0.698100 93519
truck -1 -1 nan nan nan nan nan 1.185392 0.557998 0.428211 38.343637 -3.112023 0.915063 0.000000 0.806408 93521
other-vehicle -1 -1 nan nan nan nan nan 0.240922 0.294029 0.526125 24.023799 -35.219978 -1.861399 0.000000 0.732698 93522
car -1 -1 nan nan nan nan nan 0.249460 2.806587 0.432835 -41.804380 -1.539062 -2.600393 0.000000 0.533897 93523
other-vehicle -1 -1 nan nan nan nan nan 0.364929 0.368302 0.337892 -13.182076 -5.554271 -1.287018 0.000000 0.230555 93525
car -1 -1 nan nan nan nan nan 0.289611 0.437820 1.075676 -41.089710 -3.338223 -1.806659 0.000000 0.685934 93526
car -1 -1 nan nan nan nan nan 1.005251 1.509367 3.990553 -0.572473 -2.937591 -1.087032 0.000000 0.955143 93528
motorcycle -1 -1 nan nan nan nan nan 1.428829 1.265457 2.122287 3.216658 -3.074410 -1.170280 0.000000 0.947752 93524
