car -1 -1 nan nan nan nan nan 2.136892 2.323602 5.188986 3.444625 -3.006132 -0.727782 0.000000 0.925788 94780
truck -1 -1 nan nan nan nan nan 2.669871 3.655892 2.154724 -49.054493 -3.766718 -0.734115 0.000000 0.810179 94781
car -1 -1 nan nan nan nan nan 0.305214 0.261959 0.293854 43.794315 3.766398 -0.558136 0.000000 0.508438 94782
car -1 -1 nan nan nan nan nan 0.288617 1.195389 0.637299 5.621355 -43.239765 -1.374726 0.000000 0.693015 94783
car -1 -1 nan nan nan nan nan 0.785282 0.857158 0.262907 -27.906676 -13.790465 -2.034789 0.000000 0.623203 94784
car -1 -1 nan nan nan nan nan 1.299320 0.941864 3.019154 25.641344 -2.291619 -0.976294 0.000000 0.939683 94785
car -1 -1 nan nan nan nan nan 1.323440 1.697548 3.837596 -13.906538 -2.982535 -1.511919 0.000000 0.939073 94787
car -1 -1 nan nan nan nan nan 1.377550 1.717210 3.525400 -30.842406 -3.053620 -1.586965 0.000000 0.819955 94789
car -1 -1 nan nan nan nan nan 1.368384 1.721702 4.320154 -4.708140 -2.736954 -1.225650 0.000000 0.948480 94790
other-vehicle -1 -1 nan nan nan nan nan 0.935515 0.398535 1.014261 -0.732082 -9.521369 -1.564535 0.000000 0.790392 94791
car -1 -1 nan nan nan nan nan 0.708050 1.499096 2.267662 -38.073128 -2.215759 -1.924556 0.000000 0.780595 94792
car -1 -1 nan nan nan nan nan 1.346317 1.602836 3.997695 9.615647 -2.569871 -1.102242 0.000000 0.958764 94793
car -1 -1 nan nan nan nan nan 1.595619 1.723588 3.890493 19.873631 -2.703471 -0.994234 0.000000 0.910863 94794
car -1 -1 nan nan nan nan nan 0.679001 1.103520 1.570744 -33.052328 -16.400312 -1.461339 0.000000 0.699684 94795
bicycle -1 -1 nan nan nan nan nan 0.880948 1.509154 0.746428 -1.546500 9.358186 -0.827132 0.000000 0.905810 94788
bicycle -1 -1 nan nan nan nan nan 0.287173 0.335736 0.217339 1.592002 9.269391 -0.246935 0.000000 0.345745 94799
person -1 -1 nan nan nan nan nan 0.841683 0.267604 0.281311 -34.970772 7.021901 0.800350 0.000000 0.497266 94786
