car -1 -1 nan nan nan nan nan 1.460170 1.741387 3.875219 13.251159 -2.695143 -0.932096 0.000000 0.930060 94236
car -1 -1 nan nan nan nan nan 0.898139 1.158997 2.129697 -4.134489 -36.875061 -1.641237 0.000000 0.707884 94238
car -1 -1 nan nan nan nan nan 1.086420 0.874947 1.023138 -16.981584 -2.694269 -1.354985 0.000000 0.818303 94239
other-vehicle -1 -1 nan nan nan nan nan 2.894157 3.481608 6.581562 -32.929827 -3.118221 -0.767903 0.000000 0.872450 94242
car -1 -1 nan nan nan nan nan 1.150721 0.450668 3.217714 27.855798 -2.119927 -0.587644 0.000000 0.866486 94243
car -1 -1 nan nan nan nan nan 1.304389 1.902948 3.867274 4.003273 -2.846249 -1.190892 0.000000 0.943684 94244
car -1 -1 nan nan nan nan nan 1.194018 1.563519 2.883156 -25.933277 -2.522495 -1.606304 0.000000 0.943395 94245
car -1 -1 nan nan nan nan nan 2.074420 2.065376 4.633228 21.731358 -2.880265 -0.279514 0.000000 0.822569 94246
car -1 -1 nan nan nan nan nan 1.084333 1.266102 0.759640 37.207605 -2.705594 -0.221027 0.000000 0.684256 94247
car -1 -1 nan nan nan nan nan 1.473849 1.795178 4.347537 -12.582021 -2.698315 -1.451833 0.000000 0.940173 94248
car -1 -1 nan nan nan nan nan 1.220566 1.367089 3.173050 -20.684942 -2.535996 -1.630656 0.000000 0.891362 94250
other-vehicle -1 -1 nan nan nan nan nan 0.932389 0.631398 2.008726 -30.815597 -5.039337 -1.310190 0.000000 0.375230 94252
