car -1 -1 nan nan nan nan nan 1.509716 1.847051 3.457690 4.497735 -3.047428 -1.134601 0.000000 0.955564 93093
car -1 -1 nan nan nan nan nan 1.484080 1.253445 3.479355 -24.291443 -3.076410 -1.782190 0.000000 0.941484 93096
car -1 -1 nan nan nan nan nan 1.309884 1.535939 3.930975 -9.076990 -3.066358 -1.384374 0.000000 0.927997 93099
car -1 -1 nan nan nan nan nan 1.319961 1.888505 4.111424 17.629039 -2.938718 -0.805331 0.000000 0.968776 93101
car -1 -1 nan nan nan nan nan 0.770615 0.263209 1.450233 -34.660271 -2.682140 -2.187138 0.000000 0.401739 93102
car -1 -1 nan nan nan nan nan 1.045989 1.522304 1.363144 33.784512 -2.636521 -0.589569 0.000000 0.760357 93103
car -1 -1 nan nan nan nan nan 0.742929 1.411266 0.868366 42.836767 -2.436957 -0.029845 0.000000 0.716325 93105
car -1 -1 nan nan nan nan nan 0.822558 0.502551 2.418221 -45.522980 -2.982745 -2.545683 0.000000 0.733538 93107
car -1 -1 nan nan nan nan nan 1.705563 1.889400 4.871557 -14.363372 -3.280707 -1.361002 0.000000 0.960473 93109
car -1 -1 nan nan nan nan nan 1.311943 1.632657 3.813159 9.400641 -2.932964 -1.002143 0.000000 0.937900 93110
car -1 -1 nan nan nan nan nan 1.230903 1.011432 3.505304 -30.131761 -3.072700 -1.947652 0.000000 0.930802 93111
car -1 -1 nan nan nan nan nan 1.485098 0.871808 3.189844 -19.683919 -2.894416 -1.687830 0.000000 0.918690 93112
other-vehicle -1 -1 nan nan nan nan nan 2.310879 2.403727 5.996156 -2.477216 -2.993118 -0.737375 0.000000 0.849536 93116
motorcycle -1 -1 nan nan nan nan nan 1.246934 0.842232 0.950914 13.908118 -2.902772 -0.878844 0.000000 0.916234 93113
person -1 -1 nan nan nan nan nan 0.235950 0.641118 0.232769 48.715525 -3.306107 1.434429 0.000000 0.760717 93117
