car -1 -1 nan nan nan nan nan 1.368245 1.707822 3.638642 -3.767883 -3.087723 -1.239545 0.000000 0.948891 93432
car -1 -1 nan nan nan nan nan 0.740674 0.340339 1.122292 -43.521172 -3.036322 -1.937626 0.000000 0.696656 93435
car -1 -1 nan nan nan nan nan 1.088137 1.568081 3.293650 26.065595 -2.566106 -1.163191 0.000000 0.904223 93436
car -1 -1 nan nan nan nan nan 1.680951 1.044022 4.261263 -23.023074 -3.031734 -1.306113 0.000000 0.912122 93437
car -1 -1 nan nan nan nan nan 1.586707 1.859553 4.297398 9.018835 -2.881045 -1.214247 0.000000 0.966454 93439
car -1 -1 nan nan nan nan nan 1.012142 1.615053 3.416206 35.446960 -2.246559 -1.020276 0.000000 0.939979 93441
car -1 -1 nan nan nan nan nan 1.309456 1.065465 3.313728 -32.894566 -3.260934 -1.568002 0.000000 0.885167 93442
other-vehicle -1 -1 nan nan nan nan nan 2.798107 2.468752 6.096004 -11.040281 -3.116761 -0.731348 0.000000 0.893548 93443
car -1 -1 nan nan nan nan nan 0.965649 1.577762 3.922865 1.039798 -2.852693 -1.049289 0.000000 0.941339 93446
car -1 -1 nan nan nan nan nan 1.060991 0.742191 3.921932 -38.697645 -3.216085 -1.644525 0.000000 0.872639 93447
car -1 -1 nan nan nan nan nan 0.877366 0.251143 2.090223 -18.451371 -2.575750 -1.582978 0.000000 0.794172 93448
car -1 -1 nan nan nan nan nan 1.280788 0.607086 2.967489 -28.343055 -2.936689 -1.582513 0.000000 0.943843 93450
car -1 -1 nan nan nan nan nan 0.906914 0.546068 1.318630 25.156864 -29.643001 -1.735315 0.000000 0.878945 93454
car -1 -1 nan nan nan nan nan 1.551117 3.272053 4.291157 44.044203 -2.974046 -0.427822 0.000000 0.813499 93459
bicycle -1 -1 nan nan nan nan nan 0.223998 0.652035 0.230679 26.966360 -27.636852 -1.613494 0.000000 0.732389 93440
motorcycle -1 -1 nan nan nan nan nan 1.238993 1.430489 2.069328 4.856722 -3.160934 -1.317317 0.000000 0.927431 93452
bicycle -1 -1 nan nan nan nan nan 0.228023 0.533051 0.559698 25.956996 -35.160442 -2.377640 0.000000 0.746087 93453
person -1 -1 nan nan nan nan nan 1.241020 0.251014 0.322243 40.598370 3.415570 -0.478971 0.000000 0.784855 93451
person -1 -1 nan nan nan nan nan 0.931988 0.565014 0.328541 40.062395 -3.145574 0.356225 0.000000 0.696850 93455
