car -1 -1 nan nan nan nan nan 1.511032 1.608945 4.073390 -8.532653 -3.031659 -1.232168 0.000000 0.938879 92687
car -1 -1 nan nan nan nan nan 1.109472 0.639206 0.685207 -43.130976 -13.439171 -1.053722 0.000000 0.814814 92690
car -1 -1 nan nan nan nan nan 1.183310 1.131209 3.561552 20.939273 -2.678075 -1.176072 0.000000 0.930128 92691
car -1 -1 nan nan nan nan nan 1.352066 1.414486 2.393822 -29.251024 -3.348396 -1.297538 0.000000 0.937862 92693
car -1 -1 nan nan nan nan nan 0.316039 0.254013 0.823860 18.683004 -18.523106 -0.783112 0.000000 0.636474 92694
other-vehicle -1 -1 nan nan nan nan nan 2.424021 2.524222 6.458288 8.778320 -2.962497 -0.600934 0.000000 0.865715 92695
car -1 -1 nan nan nan nan nan 0.948720 1.355711 1.544754 -40.466328 -3.067432 -1.430884 0.000000 0.745650 92696
other-vehicle -1 -1 nan nan nan nan nan 0.395777 0.365950 0.454378 -9.786357 -13.727791 -1.691021 0.000000 0.495064 92697
car -1 -1 nan nan nan nan nan 1.373601 1.375953 4.519249 -18.979605 -2.999501 -1.332511 0.000000 0.952882 92698
car -1 -1 nan nan nan nan nan 1.209153 1.597315 3.696009 29.035274 -2.894117 -1.130856 0.000000 0.910273 92701
car -1 -1 nan nan nan nan nan 0.363917 0.454979 0.200710 14.834426 -26.043058 -1.811416 0.000000 0.566801 92702
car -1 -1 nan nan nan nan nan 0.940295 0.490470 2.109951 -34.363256 -2.719018 -1.482242 0.000000 0.774137 92705
car -1 -1 nan nan nan nan nan 1.208552 1.050619 3.756363 -24.123674 -2.860109 -1.397583 0.000000 0.928886 92706
car -1 -1 nan nan nan nan nan 1.375595 1.851861 4.385428 2.081112 -2.973308 -1.155148 0.000000 0.934230 92707
car -1 -1 nan nan nan nan nan 1.508221 1.611517 3.781748 -12.907705 -3.084007 -1.260805 0.000000 0.927572 92708
car -1 -1 nan nan nan nan nan 1.335207 0.469057 2.900702 16.147015 -2.411016 -1.163059 0.000000 0.886770 92709
car -1 -1 nan nan nan nan nan 1.808505 2.008860 4.860085 -3.094579 -3.085624 -1.039552 0.000000 0.961386 92710
car -1 -1 nan nan nan nan nan 1.080036 1.217253 1.369785 45.432894 -2.755093 -1.300124 0.000000 0.753202 92712
truck -1 -1 nan nan nan nan nan 0.524115 1.059225 0.261189 47.452707 6.012691 1.560588 0.000000 0.685634 92716
car -1 -1 nan nan nan nan nan 0.216461 0.508552 0.983125 -10.091167 -3.705418 -0.981751 0.000000 0.205040 92719
motorcycle -1 -1 nan nan nan nan nan 1.051151 0.426044 1.086308 12.341816 -11.266145 -1.784463 0.000000 0.841136 92700
