car -1 -1 nan nan nan nan nan 2.132534 0.687982 4.961048 2.578548 -2.176062 -0.727238 0.000000 0.906640 94804
truck -1 -1 nan nan nan nan nan 2.141575 2.287761 1.026752 -49.836592 -3.198671 -1.147498 0.000000 0.426761 94805
car -1 -1 nan nan nan nan nan 0.949501 0.670684 0.923248 -34.216305 -16.286936 -1.453658 0.000000 0.747001 94808
car -1 -1 nan nan nan nan nan 1.421617 0.743064 3.228037 24.782044 -2.215523 -0.853679 0.000000 0.930701 94809
car -1 -1 nan nan nan nan nan 1.261632 1.725800 3.713611 -14.870989 -3.015314 -1.570152 0.000000 0.916557 94810
car -1 -1 nan nan nan nan nan 1.436223 1.732082 4.340671 -5.638230 -2.784145 -1.272441 0.000000 0.946766 94814
car -1 -1 nan nan nan nan nan 1.249503 1.636105 4.022762 -31.589647 -3.110712 -1.802731 0.000000 0.895680 94816
car -1 -1 nan nan nan nan nan 1.376702 1.619099 4.011162 8.571428 -2.618412 -1.063203 0.000000 0.953282 94818
car -1 -1 nan nan nan nan nan 0.701644 0.616375 2.219913 -38.802660 -2.658128 -2.078072 0.000000 0.775895 94822
car -1 -1 nan nan nan nan nan 1.643876 1.675925 3.735395 19.113231 -2.727989 -0.875818 0.000000 0.937213 94823
car -1 -1 nan nan nan nan nan 0.344313 0.262062 0.517162 -49.698969 -5.432171 -1.468768 0.000000 0.440633 94827
