car -1 -1 nan nan nan nan nan 1.249098 1.734381 4.034403 -6.678931 -2.888372 -1.402956 0.000000 0.922844 94548
truck -1 -1 nan nan nan nan nan 2.525977 2.436591 5.056263 -43.510733 -2.862806 -0.897539 0.000000 0.928861 94550
other-vehicle -1 -1 nan nan nan nan nan 0.617027 0.753856 0.962318 14.843737 -14.251109 -1.009428 0.000000 0.612280 94551
car -1 -1 nan nan nan nan nan 2.351944 2.120177 5.507293 10.878186 -2.937573 -0.721233 0.000000 0.906196 94554
car -1 -1 nan nan nan nan nan 1.070921 1.252759 3.597952 -31.511090 -2.704618 -1.769042 0.000000 0.933365 94555
car -1 -1 nan nan nan nan nan 1.448026 1.464745 3.544367 27.180278 -2.680047 -0.881898 0.000000 0.902695 94556
car -1 -1 nan nan nan nan nan 1.427312 1.618649 4.131945 2.290041 -2.643968 -1.113853 0.000000 0.973732 94557
car -1 -1 nan nan nan nan nan 1.453305 1.699555 3.721802 -23.554741 -2.880859 -1.636409 0.000000 0.946555 94558
car -1 -1 nan nan nan nan nan 1.336032 0.831835 3.917612 16.671580 -2.289456 -0.994730 0.000000 0.950624 94560
car -1 -1 nan nan nan nan nan 1.168002 0.629914 1.008928 31.994697 -2.231647 -0.827959 0.000000 0.767348 94563
car -1 -1 nan nan nan nan nan 1.054013 1.419021 2.931751 -36.474642 -2.840782 -1.766057 0.000000 0.723176 94564
motorcycle -1 -1 nan nan nan nan nan 0.768368 0.468060 1.283844 -24.983057 7.717693 -0.119056 0.000000 0.728739 94552
bicycle -1 -1 nan nan nan nan nan 0.337949 0.416013 0.758204 -29.791797 8.957345 -0.634005 0.000000 0.781298 94567
