car -1 -1 nan nan nan nan nan 1.521921 1.563273 3.725306 7.240086 4.109064 -1.109393 0.000000 0.918787 96930
car -1 -1 nan nan nan nan nan 0.262082 0.400070 1.239063 41.716986 16.837835 -0.281743 0.000000 0.334415 96933
car -1 -1 nan nan nan nan nan 1.399731 4.092582 1.838024 -14.193339 14.155669 -1.880862 0.000000 0.935279 96935
car -1 -1 nan nan nan nan nan 0.359593 1.573652 1.056742 -3.156899 -14.557930 -0.344613 0.000000 0.807443 96936
car -1 -1 nan nan nan nan nan 1.493013 1.631250 4.022659 26.668745 9.444757 -0.758772 0.000000 0.904080 96937
car -1 -1 nan nan nan nan nan 0.925906 2.540255 1.615345 36.266119 5.523164 -0.311975 0.000000 0.840514 96939
car -1 -1 nan nan nan nan nan 1.252813 1.986379 4.221725 -1.536670 2.993655 -1.091606 0.000000 0.954737 96940
car -1 -1 nan nan nan nan nan 0.735537 1.776785 1.736807 -18.677787 28.973630 -2.343198 0.000000 0.876980 96941
car -1 -1 nan nan nan nan nan 1.237041 0.690049 1.681576 32.346121 10.788859 -0.883519 0.000000 0.683849 96944
car -1 -1 nan nan nan nan nan 1.626657 4.017185 2.135385 -15.905281 19.673180 -2.064170 0.000000 0.900395 96945
car -1 -1 nan nan nan nan nan 0.604670 2.588195 0.946213 21.406946 12.861568 -0.614937 0.000000 0.811553 96946
car -1 -1 nan nan nan nan nan 0.580949 1.335705 0.678169 -45.312408 -2.719600 -1.246922 0.000000 0.802909 96948
car -1 -1 nan nan nan nan nan 0.775103 0.502393 1.419365 42.175560 13.548145 -0.810964 0.000000 0.566380 96950
car -1 -1 nan nan nan nan nan 0.796044 1.539700 3.054256 -45.415079 -13.673933 -1.722885 0.000000 0.710327 96951
other-vehicle -1 -1 nan nan nan nan nan 0.691850 1.498676 0.412102 -20.464819 28.043667 -1.852556 0.000000 0.688749 96952
car -1 -1 nan nan nan nan nan 1.092383 2.356972 1.964903 -20.450112 34.988029 -1.936490 0.000000 0.836253 96953
person -1 -1 nan nan nan nan nan 1.633092 0.879895 0.519432 -14.515652 7.095272 -1.413429 0.000000 0.937349 96943
