car -1 -1 nan nan nan nan nan 0.988688 1.821546 4.192704 0.334402 2.910866 -0.924874 0.000000 0.960632 96773
car -1 -1 nan nan nan nan nan 0.593577 1.044257 0.831181 -45.188532 -11.100204 -2.399076 0.000000 0.513427 96774
car -1 -1 nan nan nan nan nan 0.305937 0.331173 0.932030 41.099628 24.775965 -0.323120 0.000000 0.560960 96775
car -1 -1 nan nan nan nan nan 1.596551 3.669422 2.365610 -17.522136 15.847925 -1.953939 0.000000 0.911203 96778
car -1 -1 nan nan nan nan nan 0.658955 2.298396 2.014506 3.906199 -13.995750 -0.575763 0.000000 0.913949 96779
car -1 -1 nan nan nan nan nan 0.466267 0.547216 1.091045 -35.530039 -26.073606 -1.757492 0.000000 0.519465 96780
car -1 -1 nan nan nan nan nan 0.956487 1.643726 2.282047 23.845304 18.497606 -0.691118 0.000000 0.910339 96784
car -1 -1 nan nan nan nan nan 1.319249 3.763893 1.973249 -22.602046 24.808428 -2.408756 0.000000 0.924438 96785
car -1 -1 nan nan nan nan nan 1.460592 1.927431 3.705348 8.494461 6.124243 -1.037958 0.000000 0.932867 96786
car -1 -1 nan nan nan nan nan 1.116889 0.531874 0.252859 31.356696 19.017955 -0.644645 0.000000 0.752073 96788
car -1 -1 nan nan nan nan nan 1.451855 3.969471 2.087113 -14.438544 10.706903 -1.811821 0.000000 0.939984 96789
car -1 -1 nan nan nan nan nan 1.463058 1.690307 4.032669 26.027233 15.991030 -0.758125 0.000000 0.734730 96794
car -1 -1 nan nan nan nan nan 1.065071 1.759283 2.061481 -37.462164 -24.132306 -1.798606 0.000000 0.899235 96795
other-vehicle -1 -1 nan nan nan nan nan 0.487913 0.531366 0.266304 36.864487 16.040078 -0.600702 0.000000 0.767204 96796
car -1 -1 nan nan nan nan nan 1.194448 1.381660 0.749214 25.929306 18.641403 -0.640146 0.000000 0.881701 96797
car -1 -1 nan nan nan nan nan 1.856044 4.277733 3.356590 -26.150242 30.555630 -2.268643 0.000000 0.918245 96799
car -1 -1 nan nan nan nan nan 0.870013 1.414825 0.457029 -29.154395 36.661476 -3.179209 0.000000 0.758530 96800
bicycle -1 -1 nan nan nan nan nan 0.691280 0.456299 1.188478 15.838830 24.936880 -1.295359 0.000000 0.750794 96777
person -1 -1 nan nan nan nan nan 1.631727 0.628096 0.630445 -12.795062 3.037804 -1.363300 0.000000 0.935965 96783
