car -1 -1 nan nan nan nan nan 1.408333 3.429085 3.413013 -10.676160 3.542508 -1.135069 0.000000 0.944075 97283
other-vehicle -1 -1 nan nan nan nan nan 0.470485 1.187571 1.425529 -36.618324 17.074424 -0.828083 0.000000 0.771626 97285
car -1 -1 nan nan nan nan nan 1.682412 2.232432 4.058679 17.856475 3.319641 -0.872500 0.000000 0.921318 97286
car -1 -1 nan nan nan nan nan 1.211803 1.182252 3.284084 34.540739 3.264649 -0.873244 0.000000 0.949359 97288
car -1 -1 nan nan nan nan nan 0.256839 0.499106 1.094433 47.476732 15.530512 -0.978324 0.000000 0.781155 97290
other-vehicle -1 -1 nan nan nan nan nan 0.997593 1.781103 2.950823 -8.466438 15.240672 -1.261872 0.000000 0.887576 97291
car -1 -1 nan nan nan nan nan 1.414812 0.686151 3.994085 24.675565 2.706527 -0.845611 0.000000 0.940850 97294
car -1 -1 nan nan nan nan nan 1.016761 0.594129 2.413696 40.034081 3.043610 -0.851750 0.000000 0.877543 97295
car -1 -1 nan nan nan nan nan 0.799711 0.900193 0.364574 43.930746 3.318670 -0.544306 0.000000 0.681110 97296
car -1 -1 nan nan nan nan nan 1.368338 1.798861 3.871019 -1.936852 2.865768 -0.981892 0.000000 0.949433 97297
bicycle -1 -1 nan nan nan nan nan 0.985827 1.862916 1.875546 12.930152 15.731519 -1.070450 0.000000 0.911811 97289
person -1 -1 nan nan nan nan nan 0.463121 0.467096 0.448322 41.804598 -2.368975 -0.899572 0.000000 0.858908 97293
person -1 -1 nan nan nan nan nan 0.562025 0.269104 0.846346 -28.282809 -2.372970 -0.848694 0.000000 0.370099 97298
