car -1 -1 nan nan nan nan nan 1.505504 1.709724 3.823201 3.465305 2.911337 -1.060740 0.000000 0.931565 97125
car -1 -1 nan nan nan nan nan 0.651016 0.953240 0.251724 49.755676 4.465138 -0.513616 0.000000 0.653479 97127
car -1 -1 nan nan nan nan nan 1.378464 2.949361 1.446641 -15.376871 16.941581 -1.612757 0.000000 0.828369 97129
car -1 -1 nan nan nan nan nan 1.528947 1.683310 4.201799 23.433961 3.614734 -0.871403 0.000000 0.946125 97130
other-vehicle -1 -1 nan nan nan nan nan 0.463097 0.361606 0.418604 -1.740156 14.674497 -1.272966 0.000000 0.637276 97134
car -1 -1 nan nan nan nan nan 1.222144 2.291423 1.873457 32.021897 -2.969446 -0.453701 0.000000 0.721565 97135
car -1 -1 nan nan nan nan nan 1.432438 2.946589 3.419638 -5.009755 3.253550 -1.139219 0.000000 0.907800 97136
car -1 -1 nan nan nan nan nan 1.412027 0.727857 3.746323 30.313675 3.360346 -0.916034 0.000000 0.938636 97137
car -1 -1 nan nan nan nan nan 1.202009 0.472639 3.430325 40.294134 3.754207 -0.946082 0.000000 0.891025 97138
car -1 -1 nan nan nan nan nan 0.818008 0.410790 0.374897 44.801119 3.898780 -0.832106 0.000000 0.654237 97143
car -1 -1 nan nan nan nan nan 0.772098 0.870528 0.920927 31.738938 6.723361 -0.432762 0.000000 0.668452 97149
bicycle -1 -1 nan nan nan nan nan 0.975915 1.660460 1.844368 18.367304 16.088260 -1.217986 0.000000 0.920217 97132
bicyclist -1 -1 nan nan nan nan nan 0.265929 0.684133 0.205662 36.335993 8.828985 -0.449546 0.000000 0.693143 97133
person -1 -1 nan nan nan nan nan 0.950886 0.528190 0.353905 -22.671144 -2.842335 -0.756318 0.000000 0.887551 97128
