car -1 -1 nan nan nan nan nan 1.612121 1.861394 4.127256 -3.824905 -2.874825 -1.164556 0.000000 0.935388 95383
car -1 -1 nan nan nan nan nan 1.399049 1.960612 1.713934 14.839910 6.226006 -0.448802 0.000000 0.876630 95388
car -1 -1 nan nan nan nan nan 2.093102 2.329421 5.041109 -20.786183 -3.887858 -1.209231 0.000000 0.931824 95389
car -1 -1 nan nan nan nan nan 1.273847 0.962145 3.686882 -29.010904 -3.523580 -1.848488 0.000000 0.944232 95394
car -1 -1 nan nan nan nan nan 1.339156 1.814366 3.924248 -14.199875 -3.367264 -1.471258 0.000000 0.918707 95395
truck -1 -1 nan nan nan nan nan 1.418758 0.396602 1.001469 -39.259485 2.772557 0.216923 0.000000 0.150773 95397
car -1 -1 nan nan nan nan nan 1.026827 1.427917 3.820637 1.627365 -2.425245 -0.940293 0.000000 0.910176 95398
truck -1 -1 nan nan nan nan nan 3.423916 1.824353 3.472256 -36.404993 2.246947 -0.110266 0.000000 0.414111 95402
car -1 -1 nan nan nan nan nan 0.663250 0.267920 1.240429 -37.426905 -4.018794 -2.195669 0.000000 0.753398 95403
person -1 -1 nan nan nan nan nan 1.600941 0.616858 0.781368 16.584072 -4.859158 -1.035633 0.000000 0.956387 95391
person -1 -1 nan nan nan nan nan 0.380395 0.703636 0.210299 -31.261392 4.508091 0.575977 0.000000 0.714609 95392
