car -1 -1 nan nan nan nan nan 1.489659 1.603021 3.686841 2.753121 2.800350 -1.045452 0.000000 0.930349 97152
car -1 -1 nan nan nan nan nan 0.893657 1.870092 0.825286 -16.270253 16.614240 -1.397034 0.000000 0.843983 97156
car -1 -1 nan nan nan nan nan 1.633764 1.878892 4.120956 22.707872 3.304014 -0.912506 0.000000 0.928273 97157
car -1 -1 nan nan nan nan nan 0.516229 1.189674 0.962784 -45.331360 13.524024 -1.019877 0.000000 0.763955 97160
car -1 -1 nan nan nan nan nan 1.176044 0.576662 3.077301 39.545506 3.269508 -0.923729 0.000000 0.854355 97161
car -1 -1 nan nan nan nan nan 1.808401 2.984694 3.482348 -5.753138 3.325004 -0.903310 0.000000 0.940114 97163
car -1 -1 nan nan nan nan nan 0.819040 0.310257 0.793949 44.351591 3.266000 -0.822239 0.000000 0.701149 97169
car -1 -1 nan nan nan nan nan 1.378094 0.702332 3.860727 29.638257 2.953230 -0.886708 0.000000 0.904131 97174
motorcycle -1 -1 nan nan nan nan nan 0.280886 0.314776 0.685181 -48.659512 4.115668 -1.815817 0.000000 0.738005 97153
bicycle -1 -1 nan nan nan nan nan 0.727883 0.607635 0.363652 -2.325020 14.970045 -1.360939 0.000000 0.725438 97159
bicyclist -1 -1 nan nan nan nan nan 0.821627 1.851012 0.941254 -46.106560 -3.803167 -0.852450 0.000000 0.775277 97162
motorcycle -1 -1 nan nan nan nan nan 0.836931 0.594885 0.778742 -0.353565 7.116119 -1.146208 0.000000 0.812266 97168
person -1 -1 nan nan nan nan nan 1.732900 0.539561 0.334660 -23.416553 -2.538379 -0.690407 0.000000 0.912540 97155
person -1 -1 nan nan nan nan nan 1.161049 0.450903 0.607866 -17.774920 11.950383 -1.036380 0.000000 0.818664 97165
