car -1 -1 nan nan nan nan nan 1.514996 3.701033 1.642057 8.062827 12.921631 -0.860151 0.000000 0.937459 96245
car -1 -1 nan nan nan nan nan 0.531996 0.644794 0.899998 -18.958710 -37.946882 -1.896392 0.000000 0.720097 96246
car -1 -1 nan nan nan nan nan 1.553433 2.347935 3.384217 -17.477695 4.566045 -1.292654 0.000000 0.925522 96249
car -1 -1 nan nan nan nan nan 1.456844 3.391136 1.730794 16.076461 31.121086 -0.385307 0.000000 0.905745 96251
other-vehicle -1 -1 nan nan nan nan nan 1.111328 2.735597 1.505688 -4.528569 12.151598 -0.948578 0.000000 0.877972 96255
car -1 -1 nan nan nan nan nan 0.881068 2.335480 1.648809 -9.746199 -39.463516 -2.284928 0.000000 0.769360 96257
car -1 -1 nan nan nan nan nan 1.424747 2.743956 3.898510 4.141270 4.655005 -1.026137 0.000000 0.919413 96258
car -1 -1 nan nan nan nan nan 1.292676 2.132220 2.843107 -27.016223 8.783676 -1.549426 0.000000 0.921618 96259
car -1 -1 nan nan nan nan nan 0.984334 0.755963 1.690098 -39.863573 14.353266 -1.681356 0.000000 0.798352 96260
car -1 -1 nan nan nan nan nan 1.417105 2.903489 3.306663 -12.140803 2.078364 -1.323545 0.000000 0.924614 96261
other-vehicle -1 -1 nan nan nan nan nan 0.843629 2.234921 2.742025 -14.795899 -32.867094 -1.973785 0.000000 0.830585 96262
car -1 -1 nan nan nan nan nan 1.291409 1.256115 1.746574 -35.161045 25.820808 0.238701 0.000000 0.768399 96264
car -1 -1 nan nan nan nan nan 1.986143 3.185631 5.119568 -33.446877 10.757506 -1.087326 0.000000 0.904010 96268
person -1 -1 nan nan nan nan nan 1.642758 0.663591 0.691529 -4.319271 -3.843050 -1.176410 0.000000 0.933953 96252
person -1 -1 nan nan nan nan nan 1.204046 0.452964 0.355438 -37.923248 11.932231 -0.470382 0.000000 0.412284 96265
