car -1 -1 nan nan nan nan nan 0.855054 0.237793 1.588551 0.901687 49.612366 -0.187658 0.000000 0.727284 95737
car -1 -1 nan nan nan nan nan 1.622367 1.857494 3.680460 -11.281997 -3.026812 -1.069363 0.000000 0.940137 95739
car -1 -1 nan nan nan nan nan 1.410040 4.084826 1.889298 7.129873 7.890569 -0.970671 0.000000 0.939195 95740
car -1 -1 nan nan nan nan nan 1.749928 2.283935 4.862829 -28.272479 -4.609049 -0.837071 0.000000 0.878993 95743
car -1 -1 nan nan nan nan nan 0.620474 0.265812 1.066980 6.446630 35.512377 -0.061086 0.000000 0.592588 95744
car -1 -1 nan nan nan nan nan 0.297578 0.450047 0.830101 16.478037 -38.684397 -1.370102 0.000000 0.685385 95750
car -1 -1 nan nan nan nan nan 1.296726 1.340978 3.664148 -21.561482 -3.673455 -1.268055 0.000000 0.895028 95751
car -1 -1 nan nan nan nan nan 0.805087 0.233846 1.643574 -35.460974 -4.441430 -1.545653 0.000000 0.831456 95752
car -1 -1 nan nan nan nan nan 1.443346 1.940972 4.022156 -5.394034 -2.491907 -1.144148 0.000000 0.924083 95753
car -1 -1 nan nan nan nan nan 0.960933 1.359344 1.121649 19.431306 -36.698608 -1.931994 0.000000 0.736122 95755
other-vehicle -1 -1 nan nan nan nan nan 0.566998 1.089987 1.193977 -41.874512 -0.008562 -1.048738 0.000000 0.474776 95763
bicycle -1 -1 nan nan nan nan nan 0.820705 1.601786 0.305812 -1.278659 -17.363801 -1.507245 0.000000 0.688059 95741
person -1 -1 nan nan nan nan nan 1.247418 0.429756 0.906642 7.616353 -40.833649 -1.845262 0.000000 0.854360 95738
person -1 -1 nan nan nan nan nan 1.622424 0.545826 0.888216 6.987856 -4.191458 -0.967596 0.000000 0.937742 95745
person -1 -1 nan nan nan nan nan 0.472299 1.057947 0.231926 -39.064819 4.075855 0.449061 0.000000 0.811258 95746
person -1 -1 nan nan nan nan nan 0.429245 0.220928 0.283534 -0.734066 -34.116056 -1.186783 0.000000 0.763995 95747
person -1 -1 nan nan nan nan nan 0.646366 0.283802 0.480675 3.950581 34.968832 -0.471770 0.000000 0.820597 95756
