car -1 -1 nan nan nan nan nan 1.324919 1.370910 3.420546 27.653041 3.499234 -1.155863 0.000000 0.951239 97424
car -1 -1 nan nan nan nan nan 1.474290 1.955611 3.819547 -8.701240 2.875828 -1.058899 0.000000 0.929337 97425
car -1 -1 nan nan nan nan nan 1.712123 1.768962 4.062911 11.010668 3.146405 -0.980383 0.000000 0.940689 97426
other-vehicle -1 -1 nan nan nan nan nan 0.740350 1.118475 3.059846 -15.463398 14.792643 -1.179122 0.000000 0.893661 97427
car -1 -1 nan nan nan nan nan 0.457860 1.813772 1.356926 -42.606586 5.250605 -0.886866 0.000000 0.775081 97430
car -1 -1 nan nan nan nan nan 1.220380 3.306518 3.358019 -17.596110 3.367057 -1.078257 0.000000 0.950237 97431
car -1 -1 nan nan nan nan nan 1.394952 1.447936 4.000566 17.707330 3.203812 -1.036806 0.000000 0.912189 97433
car -1 -1 nan nan nan nan nan 1.119947 0.453975 2.860786 33.171658 3.179738 -1.196367 0.000000 0.921166 97434
car -1 -1 nan nan nan nan nan 1.289881 1.377890 1.137814 42.887499 3.802663 -1.050455 0.000000 0.761785 97435
car -1 -1 nan nan nan nan nan 1.087966 0.269989 0.437344 37.057558 3.289716 -1.124379 0.000000 0.734908 97436
bicycle -1 -1 nan nan nan nan nan 1.119840 1.974118 2.015730 6.008382 15.819208 -1.140950 0.000000 0.912614 97420
