car -1 -1 nan nan nan nan nan 1.428434 2.718625 3.873429 -10.634747 0.096869 -1.213797 0.000000 0.946186 96097
car -1 -1 nan nan nan nan nan 1.362324 2.299423 1.789221 -1.393893 -40.273308 -2.287925 0.000000 0.774211 96099
car -1 -1 nan nan nan nan nan 0.401601 1.102526 0.379280 32.691143 -1.969915 -0.452824 0.000000 0.766780 96103
car -1 -1 nan nan nan nan nan 1.439243 3.302261 1.824105 7.732009 14.180612 -0.838970 0.000000 0.884523 96105
other-vehicle -1 -1 nan nan nan nan nan 0.987060 2.684138 1.205402 -4.922998 11.285795 -0.875754 0.000000 0.881777 96108
car -1 -1 nan nan nan nan nan 1.437133 2.382046 3.730724 4.879713 5.193792 -1.013713 0.000000 0.928413 96112
car -1 -1 nan nan nan nan nan 0.897310 0.282722 0.973547 5.008088 -37.019909 -2.114594 0.000000 0.813501 96113
car -1 -1 nan nan nan nan nan 1.888040 2.609884 5.036221 -33.150038 5.511114 -0.830913 0.000000 0.915954 96115
car -1 -1 nan nan nan nan nan 0.703170 0.898464 0.723415 -36.774294 19.966578 0.455508 0.000000 0.735338 96117
car -1 -1 nan nan nan nan nan 0.939256 0.341147 1.751827 -40.109598 7.910516 -1.400639 0.000000 0.843456 96118
car -1 -1 nan nan nan nan nan 0.288039 1.294010 0.907978 1.160346 -40.292158 -2.664955 0.000000 0.494883 96122
other-vehicle -1 -1 nan nan nan nan nan 0.540211 1.554411 0.856110 -18.428843 -1.196420 -0.626650 0.000000 0.239513 96123
car -1 -1 nan nan nan nan nan 1.589263 1.992875 3.571348 -16.482711 1.783301 -1.162859 0.000000 0.921254 96124
car -1 -1 nan nan nan nan nan 0.384381 2.062237 0.841890 -7.622407 -35.075655 -1.791840 0.000000 0.807565 96128
car -1 -1 nan nan nan nan nan 1.521400 2.257945 3.117445 -26.539844 4.176629 -1.171351 0.000000 0.916352 96129
bicycle -1 -1 nan nan nan nan nan 0.269157 0.256973 0.261759 -17.495414 -33.187824 -2.227599 0.000000 0.670325 96104
bicycle -1 -1 nan nan nan nan nan 0.493925 0.486127 0.289233 -11.741203 -15.343310 -1.583210 0.000000 0.702908 96107
bicyclist -1 -1 nan nan nan nan nan 1.377783 0.417407 0.449879 -37.754549 5.854987 0.049667 0.000000 0.487667 96121
person -1 -1 nan nan nan nan nan 1.683731 0.692441 0.792023 -1.488818 -4.586061 -1.126585 0.000000 0.939297 96119
