car -1 -1 nan nan nan nan nan 2.041211 2.232922 5.752788 -18.424119 -3.277920 -1.324455 0.000000 0.921088 95294
car -1 -1 nan nan nan nan nan 0.316979 0.767029 1.056725 31.390060 -33.584751 -2.819658 0.000000 0.638876 95295
car -1 -1 nan nan nan nan nan 1.384372 1.609757 1.585194 17.731028 5.640808 -0.188032 0.000000 0.755386 95296
car -1 -1 nan nan nan nan nan 1.066524 1.425243 3.583315 -26.320586 -2.541359 -1.913556 0.000000 0.935704 95304
car -1 -1 nan nan nan nan nan 1.439627 1.809016 4.006564 -11.785044 -3.007513 -1.601997 0.000000 0.933420 95305
car -1 -1 nan nan nan nan nan 1.064906 0.398638 1.124470 -34.886992 -2.982330 -2.396275 0.000000 0.825140 95306
car -1 -1 nan nan nan nan nan 1.381091 1.862921 3.846015 3.954193 -2.671416 -1.087621 0.000000 0.934249 95307
car -1 -1 nan nan nan nan nan 1.376273 1.730919 3.986986 -1.484790 -2.830649 -1.031939 0.000000 0.915058 95308
bicycle -1 -1 nan nan nan nan nan 0.351291 0.212464 0.562759 -31.032618 2.222827 -1.814394 0.000000 0.686103 95301
person -1 -1 nan nan nan nan nan 1.361914 0.400724 0.397232 -45.884632 -4.632509 -1.301289 0.000000 0.744971 95297
person -1 -1 nan nan nan nan nan 1.611055 0.516331 0.602242 19.541033 -5.405306 -0.882780 0.000000 0.903332 95302
