car -1 -1 nan nan nan nan nan 0.293707 0.602486 0.305470 -40.396475 -18.702389 -2.133741 0.000000 0.771713 96648
car -1 -1 nan nan nan nan nan 0.658938 0.307765 0.278212 10.315695 -12.142719 -1.422004 0.000000 0.500217 96650
car -1 -1 nan nan nan nan nan 1.266098 3.677059 2.126951 -24.863490 20.396812 -2.094378 0.000000 0.938816 96652
car -1 -1 nan nan nan nan nan 1.281817 2.078783 2.193794 -30.740572 -30.393838 -1.812598 0.000000 0.764191 96654
car -1 -1 nan nan nan nan nan 1.489457 3.088686 3.117393 8.667972 8.213766 -1.001015 0.000000 0.897712 96656
car -1 -1 nan nan nan nan nan 1.007833 1.281244 1.274551 22.587795 23.081393 -0.551284 0.000000 0.813900 96660
car -1 -1 nan nan nan nan nan 1.500170 3.166987 2.518635 -18.136642 12.596467 -1.675031 0.000000 0.899077 96661
car -1 -1 nan nan nan nan nan 0.870229 0.577202 0.818348 -38.027880 -28.228172 -1.702990 0.000000 0.564789 96663
car -1 -1 nan nan nan nan nan 1.770207 4.104691 3.232218 -29.071063 25.467642 -1.710995 0.000000 0.827985 96664
car -1 -1 nan nan nan nan nan 1.053520 1.583618 1.213703 -33.989355 31.051167 -2.464595 0.000000 0.927082 96665
car -1 -1 nan nan nan nan nan 1.450168 3.769864 2.387390 -14.265375 8.051087 -1.608469 0.000000 0.950914 96666
car -1 -1 nan nan nan nan nan 1.398671 1.696461 4.182838 1.604663 3.155097 -1.091150 0.000000 0.969495 96667
car -1 -1 nan nan nan nan nan 0.308065 0.720751 0.598656 -38.334671 -24.951589 -1.372939 0.000000 0.716294 96670
car -1 -1 nan nan nan nan nan 1.521969 1.546869 1.521505 23.178594 20.569274 -0.598966 0.000000 0.789798 96671
car -1 -1 nan nan nan nan nan 0.810873 0.240913 0.651335 24.036492 22.830187 -0.454412 0.000000 0.453674 96674
car -1 -1 nan nan nan nan nan 0.817949 1.959975 2.124239 8.475172 -12.288212 -0.692241 0.000000 0.839169 96675
car -1 -1 nan nan nan nan nan 0.284432 0.348106 0.283413 -35.471903 33.112034 -2.720181 0.000000 0.479487 96678
bicycle -1 -1 nan nan nan nan nan 0.572827 0.665520 1.163955 12.782686 27.642935 -1.050260 0.000000 0.836617 96651
bicycle -1 -1 nan nan nan nan nan 0.531762 0.717873 1.568756 25.375151 38.856873 -1.030677 0.000000 0.810420 96653
bicyclist -1 -1 nan nan nan nan nan 1.463418 1.521256 1.031505 -10.854215 0.523404 -1.280427 0.000000 0.926951 96655
motorcycle -1 -1 nan nan nan nan nan 1.093999 0.873787 0.962942 22.821210 12.066201 -0.701731 0.000000 0.948682 96658
