car -1 -1 nan nan nan nan nan 1.295959 1.582568 3.566055 -19.870502 2.938313 -1.331228 0.000000 0.944600 98340
car -1 -1 nan nan nan nan nan 0.519973 1.111170 0.792942 27.433184 7.389630 -0.279508 0.000000 0.791530 98344
car -1 -1 nan nan nan nan nan 1.552238 1.844067 4.053417 7.271233 3.072970 -0.985887 0.000000 0.899064 98351
car -1 -1 nan nan nan nan nan 1.491996 1.689420 3.514120 18.586591 3.066171 -0.785000 0.000000 0.947994 98352
car -1 -1 nan nan nan nan nan 1.205546 2.235759 2.145279 -35.947643 2.982135 -1.358900 0.000000 0.776185 98354
truck -1 -1 nan nan nan nan nan 1.007930 1.199073 2.044014 -39.877930 -4.820000 -0.135763 0.000000 0.668348 98355
car -1 -1 nan nan nan nan nan 1.309421 1.441953 3.999420 -29.481169 2.715781 -1.415421 0.000000 0.915571 98356
car -1 -1 nan nan nan nan nan 1.564047 1.545482 3.859540 -9.163820 2.983448 -1.122426 0.000000 0.912623 98357
car -1 -1 nan nan nan nan nan 0.240602 1.326999 0.412533 -41.334391 6.858931 -1.024139 0.000000 0.706369 98358
car -1 -1 nan nan nan nan nan 1.322978 1.454543 4.001167 13.360261 3.060895 -0.946677 0.000000 0.917967 98359
car -1 -1 nan nan nan nan nan 1.376892 1.462635 3.574181 -14.343817 2.845781 -1.302795 0.000000 0.928630 98360
car -1 -1 nan nan nan nan nan 0.682354 1.837494 0.847087 -6.684999 7.154087 -0.810137 0.000000 0.495960 98361
car -1 -1 nan nan nan nan nan 1.466720 1.670711 4.352872 1.736099 2.928747 -1.048972 0.000000 0.938751 98362
car -1 -1 nan nan nan nan nan 1.172039 1.441154 1.029572 47.791172 -0.380541 -0.454023 0.000000 0.807972 98363
car -1 -1 nan nan nan nan nan 0.692080 1.052062 1.431589 -28.717029 -3.918743 -0.876522 0.000000 0.693670 98364
car -1 -1 nan nan nan nan nan 1.653935 1.975788 4.408215 -3.484276 2.862985 -1.057802 0.000000 0.949755 98366
bicyclist -1 -1 nan nan nan nan nan 1.374007 0.750082 0.477196 46.692017 -3.490376 0.235649 0.000000 0.894557 98348
bicycle -1 -1 nan nan nan nan nan 0.903633 0.212003 1.849220 -24.821877 15.266318 -1.521766 0.000000 0.899531 98365
bicycle -1 -1 nan nan nan nan nan 0.557997 0.261036 0.502762 29.515316 -2.776916 -0.846185 0.000000 0.762127 98367
