car -1 -1 nan nan nan nan nan 1.476359 2.059735 4.407817 1.214300 -3.036736 -0.768240 0.000000 0.969164 100522
car -1 -1 nan nan nan nan nan 1.065984 0.960812 2.874737 35.940882 -2.199050 -0.382070 0.000000 0.810787 100524
car -1 -1 nan nan nan nan nan 1.065831 1.367445 3.446674 -22.523020 -11.234707 -1.599707 0.000000 0.894176 100525
other-vehicle -1 -1 nan nan nan nan nan 0.262982 0.251934 0.320892 -33.184044 19.132978 -0.483365 0.000000 0.281306 100526
car -1 -1 nan nan nan nan nan 1.320001 0.741870 3.403206 19.660397 -2.390512 -0.854913 0.000000 0.942908 100527
car -1 -1 nan nan nan nan nan 1.319289 1.524163 1.470692 -42.278345 -12.030714 0.252006 0.000000 0.727462 100529
car -1 -1 nan nan nan nan nan 1.388370 1.903535 4.020182 -14.507413 -3.177096 -1.366793 0.000000 0.948144 100531
car -1 -1 nan nan nan nan nan 1.824965 2.050636 5.122858 12.796133 -2.779951 -0.663247 0.000000 0.936634 100533
car -1 -1 nan nan nan nan nan 1.225994 1.581688 3.209528 29.647115 -2.663454 -0.634045 0.000000 0.925560 100534
car -1 -1 nan nan nan nan nan 1.441401 1.542155 4.109653 -20.740396 -3.044318 -1.479823 0.000000 0.934546 100537
car -1 -1 nan nan nan nan nan 1.726477 1.828130 3.680203 -4.475691 -3.180682 -1.037843 0.000000 0.958709 100538
car -1 -1 nan nan nan nan nan 1.444007 1.962655 3.952441 6.845533 -2.910913 -1.003185 0.000000 0.965288 100540
car -1 -1 nan nan nan nan nan 1.130010 0.484225 0.516880 -46.407064 2.580319 -1.851835 0.000000 0.648992 100542
car -1 -1 nan nan nan nan nan 1.147662 2.367411 4.387568 -22.488427 -8.728092 -1.580216 0.000000 0.934963 100549
car -1 -1 nan nan nan nan nan 1.349032 3.192813 1.490643 -31.826330 -10.400012 -1.754794 0.000000 0.855752 100552
other-vehicle -1 -1 nan nan nan nan nan 0.265940 0.417046 0.203083 -33.066179 20.466328 -0.495075 0.000000 0.156188 100554
motorcycle -1 -1 nan nan nan nan nan 0.218003 0.303941 0.598877 34.238602 2.971396 0.044035 0.000000 0.763339 100539
bicycle -1 -1 nan nan nan nan nan 0.429186 0.423193 0.617683 -35.006226 -10.048716 -1.422778 0.000000 0.885835 100544
person -1 -1 nan nan nan nan nan 0.910033 0.442851 0.392340 -8.850265 -9.940031 -1.185146 0.000000 0.595493 100530
