car -1 -1 nan nan nan nan nan 1.481894 1.859273 4.436843 2.706487 3.067194 -1.018770 0.000000 0.957980 97668
car -1 -1 nan nan nan nan nan 0.560970 0.304922 0.415886 49.966671 -2.419822 -1.122959 0.000000 0.641951 97669
car -1 -1 nan nan nan nan nan 1.171088 2.824357 2.410973 -32.523689 3.478667 -1.450063 0.000000 0.842382 97670
car -1 -1 nan nan nan nan nan 1.531083 1.646616 3.817072 28.768186 3.142680 -0.948123 0.000000 0.785494 97671
car -1 -1 nan nan nan nan nan 0.688039 0.380907 0.877460 39.145144 2.768748 -0.694556 0.000000 0.509230 97675
car -1 -1 nan nan nan nan nan 1.352031 1.527683 3.489601 18.067610 3.155263 -1.035780 0.000000 0.953405 97676
car -1 -1 nan nan nan nan nan 1.420499 1.915413 3.779863 -23.928767 3.098558 -1.302428 0.000000 0.931858 97677
car -1 -1 nan nan nan nan nan 1.706338 2.365961 4.439376 -3.676616 3.242505 -1.000658 0.000000 0.938101 97678
car -1 -1 nan nan nan nan nan 1.380866 1.712685 3.737640 12.444666 3.247775 -1.023439 0.000000 0.952908 97680
car -1 -1 nan nan nan nan nan 1.457059 1.499675 3.119255 23.179567 3.243185 -0.989188 0.000000 0.950854 97681
car -1 -1 nan nan nan nan nan 0.253028 0.259939 0.833809 34.236122 2.876237 -0.397075 0.000000 0.634718 97682
bicycle -1 -1 nan nan nan nan nan 0.919439 0.654613 1.631950 -9.013496 15.153511 -1.283505 0.000000 0.794060 97672
bicycle -1 -1 nan nan nan nan nan 0.862000 0.416303 1.873693 8.142116 15.508238 -1.229815 0.000000 0.929999 97674
