car -1 -1 nan nan nan nan nan 1.857910 1.953779 4.284836 6.802404 -3.020637 -0.920435 0.000000 0.945747 100379
car -1 -1 nan nan nan nan nan 1.370714 1.707744 2.443428 -44.574207 -0.193996 -1.649071 0.000000 0.828466 100380
other-vehicle -1 -1 nan nan nan nan nan 1.395020 0.979877 2.332136 -25.821012 -20.781624 -0.751186 0.000000 0.813048 100382
car -1 -1 nan nan nan nan nan 0.313248 1.703031 0.660524 -24.548596 10.507998 -0.510466 0.000000 0.790644 100383
car -1 -1 nan nan nan nan nan 1.406903 1.705333 4.124302 -15.120693 -3.195329 -1.308904 0.000000 0.963303 100385
car -1 -1 nan nan nan nan nan 1.173271 3.304900 1.555849 -25.929572 -10.426176 -1.625348 0.000000 0.848750 100387
car -1 -1 nan nan nan nan nan 1.262999 1.367892 2.992962 35.401667 -2.382796 -0.697486 0.000000 0.794412 100388
car -1 -1 nan nan nan nan nan 1.106990 1.649548 2.850334 -16.781385 -13.899771 -1.461342 0.000000 0.879420 100389
car -1 -1 nan nan nan nan nan 0.728705 1.052193 1.017323 -40.289026 -7.051447 -1.476039 0.000000 0.707846 100390
car -1 -1 nan nan nan nan nan 1.862003 1.933830 4.569145 18.410141 -2.584763 -0.667905 0.000000 0.934198 100391
car -1 -1 nan nan nan nan nan 1.431010 1.939865 4.438547 -8.586048 -3.174157 -1.265649 0.000000 0.960006 100392
car -1 -1 nan nan nan nan nan 0.222703 1.895743 1.317478 -26.058214 -16.379437 -1.435205 0.000000 0.805990 100394
car -1 -1 nan nan nan nan nan 1.348059 1.547863 3.968389 12.531977 -2.643736 -0.946842 0.000000 0.929912 100395
car -1 -1 nan nan nan nan nan 1.267541 2.382482 4.369482 -16.682231 -8.738333 -1.503698 0.000000 0.950438 100396
car -1 -1 nan nan nan nan nan 0.746000 0.412969 0.580673 40.656738 -1.727352 -0.733997 0.000000 0.768027 100397
car -1 -1 nan nan nan nan nan 1.493285 1.961635 3.999619 -16.438526 -11.578923 -1.601563 0.000000 0.947482 100398
car -1 -1 nan nan nan nan nan 1.251167 1.873991 3.391713 1.062086 -3.073553 -0.906454 0.000000 0.917773 100400
car -1 -1 nan nan nan nan nan 1.177013 0.517964 3.124496 25.501562 -2.130812 -0.734456 0.000000 0.751025 100401
