car -1 -1 nan nan nan nan nan 1.685071 1.882864 3.823378 5.731261 3.011838 -0.972012 0.000000 0.961580 98635
car -1 -1 nan nan nan nan nan 1.434906 1.414269 3.942770 -22.652158 2.967388 -1.363253 0.000000 0.908267 98638
car -1 -1 nan nan nan nan nan 0.690053 0.228966 3.003597 34.864225 -5.432559 -0.624111 0.000000 0.830777 98639
car -1 -1 nan nan nan nan nan 1.264576 0.743067 3.137192 -32.643559 2.595181 -1.497546 0.000000 0.847263 98642
car -1 -1 nan nan nan nan nan 1.437196 1.891796 4.212034 -5.091860 3.065636 -1.105780 0.000000 0.923846 98643
car -1 -1 nan nan nan nan nan 1.210680 2.448606 1.110985 39.355297 6.745306 -0.461862 0.000000 0.833759 98644
other-vehicle -1 -1 nan nan nan nan nan 0.320475 0.607490 0.300467 -26.509055 -3.790625 -1.002659 0.000000 0.937127 98645
car -1 -1 nan nan nan nan nan 0.429430 0.761265 0.513653 -36.579626 8.237189 -1.455290 0.000000 0.767253 98648
car -1 -1 nan nan nan nan nan 1.503674 1.714965 4.118859 -16.199918 2.822251 -1.275142 0.000000 0.933013 98649
car -1 -1 nan nan nan nan nan 1.288212 1.691707 1.968422 35.288612 -0.602896 -0.712905 0.000000 0.792427 98650
car -1 -1 nan nan nan nan nan 1.219541 0.675763 3.178814 -27.079943 2.517048 -1.464846 0.000000 0.901120 98651
car -1 -1 nan nan nan nan nan 1.477862 1.637461 4.320841 -10.725879 2.960323 -1.254587 0.000000 0.943566 98652
car -1 -1 nan nan nan nan nan 0.481652 1.714307 0.863703 -19.544576 7.068270 -0.966563 0.000000 0.699712 98653
car -1 -1 nan nan nan nan nan 0.435047 1.034815 0.431713 39.108900 -3.207920 -0.834019 0.000000 0.638394 98654
car -1 -1 nan nan nan nan nan 1.392938 1.618828 3.551876 0.490546 3.014393 -0.741311 0.000000 0.945593 98655
car -1 -1 nan nan nan nan nan 1.640967 3.197410 2.120499 45.441662 6.783743 -0.151000 0.000000 0.878482 98658
bicycle -1 -1 nan nan nan nan nan 0.490993 0.203312 1.281231 -37.294764 15.254745 -1.593690 0.000000 0.810623 98640
bicycle -1 -1 nan nan nan nan nan 0.642632 1.148673 0.653340 -13.069066 -6.523375 -1.326547 0.000000 0.810620 98641
