car -1 -1 nan nan nan nan nan 0.591549 1.446365 2.871162 0.687083 -10.987429 -0.759098 0.000000 0.882358 99708
other-vehicle -1 -1 nan nan nan nan nan 2.080420 1.854160 3.386300 -4.131680 43.166224 0.409358 0.000000 0.765471 99709
car -1 -1 nan nan nan nan nan 0.315019 0.783112 0.258289 -49.847445 6.057355 -1.546531 0.000000 0.491356 99710
car -1 -1 nan nan nan nan nan 1.600009 2.050298 3.549290 -26.633272 1.984196 -1.638797 0.000000 0.913955 99714
car -1 -1 nan nan nan nan nan 1.420799 3.278321 1.520972 -4.875623 16.462171 -0.843046 0.000000 0.946665 99715
car -1 -1 nan nan nan nan nan 1.115115 0.470448 1.114290 30.140435 -3.832504 -0.592883 0.000000 0.739616 99716
other-vehicle -1 -1 nan nan nan nan nan 3.034734 6.705339 2.635940 -8.288681 -21.880734 -0.895628 0.000000 0.852038 99720
other-vehicle -1 -1 nan nan nan nan nan 0.768102 0.938387 0.454521 -43.207947 -4.289287 -2.116679 0.000000 0.793029 99722
car -1 -1 nan nan nan nan nan 1.423829 4.130596 1.632849 -4.096115 27.725452 -0.376105 0.000000 0.907534 99724
car -1 -1 nan nan nan nan nan 0.511332 2.302681 0.557400 45.444391 -8.944355 0.098648 0.000000 0.734953 99727
car -1 -1 nan nan nan nan nan 1.396281 1.625494 4.277863 9.359777 -3.194740 -0.958640 0.000000 0.946698 99728
car -1 -1 nan nan nan nan nan 1.448282 1.589777 3.279015 19.530399 -3.992758 -0.785012 0.000000 0.915445 99732
car -1 -1 nan nan nan nan nan 1.469178 3.752421 1.590926 -8.060889 -15.074376 -1.493654 0.000000 0.911595 99734
other-vehicle -1 -1 nan nan nan nan nan 0.471112 0.530576 0.845112 -36.127020 -3.154304 -2.259729 0.000000 0.842056 99735
car -1 -1 nan nan nan nan nan 1.402489 4.239171 1.869173 -5.224581 10.919532 -0.953389 0.000000 0.936303 99737
car -1 -1 nan nan nan nan nan 1.517332 1.377451 1.551041 35.817074 -4.497234 -0.184826 0.000000 0.870370 99738
car -1 -1 nan nan nan nan nan 1.887610 4.130020 1.685683 -4.320053 21.369631 -0.469491 0.000000 0.952940 99739
car -1 -1 nan nan nan nan nan 1.624204 1.591713 4.281750 25.508196 -4.260956 -0.526269 0.000000 0.896425 99740
car -1 -1 nan nan nan nan nan 1.438895 1.782299 4.311856 3.201320 -3.006622 -1.035496 0.000000 0.964664 99742
car -1 -1 nan nan nan nan nan 0.595719 0.966637 0.505903 -3.364475 33.162415 -0.741599 0.000000 0.633230 99743
car -1 -1 nan nan nan nan nan 1.553733 3.941569 1.914183 -7.779904 -9.548235 -1.337867 0.000000 0.949550 99744
car -1 -1 nan nan nan nan nan 0.619434 0.625831 2.944021 0.914191 -13.388049 -0.771688 0.000000 0.866087 99747
car -1 -1 nan nan nan nan nan 1.370136 2.264229 4.460832 1.366093 -8.651160 -1.168661 0.000000 0.959659 99749
car -1 -1 nan nan nan nan nan 0.815955 0.385265 2.263021 2.833097 35.086363 0.380183 0.000000 0.740759 99761
motorcycle -1 -1 nan nan nan nan nan 0.668397 0.542076 0.352689 -1.841860 -35.045147 -1.835249 0.000000 0.733478 99750
person -1 -1 nan nan nan nan nan 1.413129 0.632498 0.560707 14.744939 -10.378656 -0.746476 0.000000 0.789504 99721
person -1 -1 nan nan nan nan nan 0.620784 0.479236 0.400064 8.558775 -9.237080 -0.872803 0.000000 0.862107 99733
person -1 -1 nan nan nan nan nan 1.569998 1.157265 1.129704 -2.828309 37.110806 -0.158008 0.000000 0.924341 99736
person -1 -1 nan nan nan nan nan 1.569954 0.462715 0.463150 -1.901408 37.683762 0.048891 0.000000 0.928280 99756
