car -1 -1 nan nan nan nan nan 1.502344 1.889143 4.335727 6.255944 -3.163699 -1.086503 0.000000 0.967013 99863
car -1 -1 nan nan nan nan nan 0.841496 1.886090 1.099316 -46.768770 -8.797173 -1.178643 0.000000 0.772907 99864
other-vehicle -1 -1 nan nan nan nan nan 1.826461 1.522793 2.077986 -7.843181 42.545416 0.829361 0.000000 0.365148 99865
car -1 -1 nan nan nan nan nan 0.859994 0.801023 0.535480 49.770796 -4.200688 -0.065303 0.000000 0.747663 99866
car -1 -1 nan nan nan nan nan 1.535236 3.418968 1.568758 -8.580018 16.266533 -0.689745 0.000000 0.923425 99868
car -1 -1 nan nan nan nan nan 0.362097 2.190690 1.356150 27.803401 -7.427791 -0.017474 0.000000 0.853029 99870
car -1 -1 nan nan nan nan nan 1.531500 3.939497 1.868214 -10.792166 -9.783074 -1.546960 0.000000 0.929987 99871
car -1 -1 nan nan nan nan nan 1.378943 1.991562 2.539911 -29.564733 1.198890 -1.648479 0.000000 0.928593 99874
car -1 -1 nan nan nan nan nan 0.421144 1.110962 0.985603 -7.656322 33.047005 -0.434176 0.000000 0.734968 99875
car -1 -1 nan nan nan nan nan 1.451785 1.620134 3.444860 16.369615 -3.611941 -0.855314 0.000000 0.930486 99878
car -1 -1 nan nan nan nan nan 0.747596 1.757743 3.382150 -1.645958 -11.199320 -0.995096 0.000000 0.848401 99879
other-vehicle -1 -1 nan nan nan nan nan 3.021753 6.589554 2.489997 -10.984483 -22.045040 -1.176098 0.000000 0.867522 99880
car -1 -1 nan nan nan nan nan 1.052099 1.829125 4.269002 0.244147 -2.921441 -0.909753 0.000000 0.927285 99884
car -1 -1 nan nan nan nan nan 1.391591 4.327631 1.776421 -8.734607 10.796997 -0.910604 0.000000 0.944938 99887
car -1 -1 nan nan nan nan nan 1.611989 1.584012 2.315170 32.793236 -3.783102 -0.258120 0.000000 0.735792 99888
car -1 -1 nan nan nan nan nan 1.396607 3.740327 1.714118 -10.985878 -15.314611 -1.764552 0.000000 0.939874 99889
car -1 -1 nan nan nan nan nan 1.556209 1.727228 3.955835 22.250489 -3.655385 -0.603789 0.000000 0.936217 99890
car -1 -1 nan nan nan nan nan 1.608046 4.278311 1.684596 -8.105368 21.395053 -0.325077 0.000000 0.937435 99892
car -1 -1 nan nan nan nan nan 1.322068 0.872064 2.992975 27.936589 -3.322011 -0.672999 0.000000 0.856490 99893
other-vehicle -1 -1 nan nan nan nan nan 0.815489 0.384216 0.466434 -46.326105 -5.556911 -2.262304 0.000000 0.610320 99894
car -1 -1 nan nan nan nan nan 0.746309 1.619439 3.062296 -1.703580 -13.572984 -1.022824 0.000000 0.851593 99895
car -1 -1 nan nan nan nan nan 0.542888 1.538866 1.680304 -1.636440 -19.673387 -1.244773 0.000000 0.866867 99897
car -1 -1 nan nan nan nan nan 0.846012 1.925642 4.531589 -1.482600 -8.628180 -1.025430 0.000000 0.954903 99898
car -1 -1 nan nan nan nan nan 1.668164 4.158072 1.724292 -8.116593 27.476432 -0.150464 0.000000 0.896841 99906
bicycle -1 -1 nan nan nan nan nan 0.738273 0.979279 1.277294 -39.935003 12.824516 -1.514539 0.000000 0.851086 99869
person -1 -1 nan nan nan nan nan 0.432225 0.438172 0.389503 12.511401 12.909622 -0.472991 0.000000 0.771909 99872
person -1 -1 nan nan nan nan nan 0.824990 0.243501 0.318767 2.322406 15.235262 -0.143458 0.000000 0.913072 99877
person -1 -1 nan nan nan nan nan 0.941948 0.498688 0.578965 11.855071 -10.184633 -0.859873 0.000000 0.760662 99882
person -1 -1 nan nan nan nan nan 1.383892 0.523117 0.411657 5.907382 -9.176740 -1.024125 0.000000 0.875106 99886
person -1 -1 nan nan nan nan nan 1.116968 0.448666 0.461041 -6.061538 37.554323 0.274777 0.000000 0.878300 99891
person -1 -1 nan nan nan nan nan 1.644057 1.213829 0.980086 -6.976216 36.997669 0.277141 0.000000 0.918487 99904
