other-vehicle -1 -1 nan nan nan nan nan 3.080363 6.378963 2.568663 -6.421721 -21.653854 -0.532135 0.000000 0.386769 99611
other-vehicle -1 -1 nan nan nan nan nan 1.768884 0.578842 2.036824 -0.756168 42.615597 -0.005008 0.000000 0.724975 99612
other-vehicle -1 -1 nan nan nan nan nan 1.376276 1.315797 1.090160 37.341845 -4.993081 -0.097966 0.000000 0.640474 99614
car -1 -1 nan nan nan nan nan 1.412537 4.236726 1.946396 -2.952103 10.987043 -1.078908 0.000000 0.925987 99615
car -1 -1 nan nan nan nan nan 1.606811 2.089012 2.623371 -24.125187 2.475189 -1.661932 0.000000 0.912022 99616
car -1 -1 nan nan nan nan nan 0.506143 0.457714 0.394758 -0.784660 -41.283056 -1.858125 0.000000 0.800688 99619
car -1 -1 nan nan nan nan nan 1.435596 3.554043 1.329498 -1.371450 27.408211 -0.718418 0.000000 0.890248 99620
car -1 -1 nan nan nan nan nan 0.853733 0.289385 0.493999 -48.268835 -7.008218 -1.329534 0.000000 0.564973 99622
car -1 -1 nan nan nan nan nan 1.149105 1.496472 2.248706 2.257540 -10.993256 -0.908219 0.000000 0.898818 99623
car -1 -1 nan nan nan nan nan 0.546541 0.723514 1.528553 -35.960115 2.655186 -1.617482 0.000000 0.561265 99625
car -1 -1 nan nan nan nan nan 1.430980 1.540115 4.336967 27.532490 -4.605518 -0.421592 0.000000 0.957065 99626
other-vehicle -1 -1 nan nan nan nan nan 0.279336 0.395700 1.182315 4.284382 22.257737 -0.252034 0.000000 0.366466 99627
car -1 -1 nan nan nan nan nan 1.365808 1.593044 4.210212 11.411183 -3.348259 -0.904927 0.000000 0.958219 99629
car -1 -1 nan nan nan nan nan 1.117379 1.130991 0.951568 1.483080 -19.433118 -1.084142 0.000000 0.777167 99631
car -1 -1 nan nan nan nan nan 0.765017 1.518013 1.070279 0.737951 -33.264046 -1.422022 0.000000 0.643507 99632
other-vehicle -1 -1 nan nan nan nan nan 0.737021 1.335549 0.285366 -41.161982 -3.303027 -2.080577 0.000000 0.754740 99633
car -1 -1 nan nan nan nan nan 1.459242 3.578731 1.433117 -2.536790 16.695982 -1.052847 0.000000 0.945525 99635
car -1 -1 nan nan nan nan nan 1.432848 3.788769 1.707465 -6.198707 -14.851057 -1.326749 0.000000 0.944524 99637
car -1 -1 nan nan nan nan nan 1.497320 1.754688 4.366149 5.178150 -3.043503 -1.004637 0.000000 0.926976 99638
car -1 -1 nan nan nan nan nan 1.514540 1.494021 3.134840 21.451335 -4.263067 -0.716030 0.000000 0.881168 99639
car -1 -1 nan nan nan nan nan 0.729003 0.873529 0.760312 0.821917 -24.245940 -1.526722 0.000000 0.769063 99640
car -1 -1 nan nan nan nan nan 1.205242 0.602810 2.900608 33.180750 -4.348197 -0.444517 0.000000 0.762373 99641
car -1 -1 nan nan nan nan nan 1.824883 3.993061 1.518388 -1.772010 21.511013 -0.731710 0.000000 0.908688 99642
car -1 -1 nan nan nan nan nan 1.164256 1.217605 2.196997 2.180006 -13.494003 -0.889338 0.000000 0.877871 99644
car -1 -1 nan nan nan nan nan 0.438048 0.784866 0.338370 -0.580833 33.255417 -1.061400 0.000000 0.702328 99645
car -1 -1 nan nan nan nan nan 1.589830 2.732054 4.491759 3.335420 -9.042897 -0.954321 0.000000 0.950108 99646
car -1 -1 nan nan nan nan nan 0.878878 0.452895 0.722786 -47.193611 6.775165 -1.962841 0.000000 0.538691 99650
car -1 -1 nan nan nan nan nan 1.040407 0.972111 0.856342 -0.095043 -35.058527 -1.414730 0.000000 0.754288 99651
car -1 -1 nan nan nan nan nan 1.536679 3.959323 1.761342 -5.729316 -9.405977 -1.206241 0.000000 0.931124 99653
bicyclist -1 -1 nan nan nan nan nan 1.541722 1.860886 1.838730 0.196871 37.080254 -0.431703 0.000000 0.913386 99647
person -1 -1 nan nan nan nan nan 1.447957 0.593788 0.754135 16.541113 -10.467073 -0.663476 0.000000 0.943759 99617
person -1 -1 nan nan nan nan nan 1.082993 0.447196 0.316610 10.380449 -9.361609 -0.621248 0.000000 0.885702 99636
