car -1 -1 nan nan nan nan nan 1.503339 1.864942 2.636946 7.260656 -13.723342 -1.013442 0.000000 0.911200 99376
car -1 -1 nan nan nan nan nan 0.519500 0.469421 1.524807 -43.814837 17.653843 -0.981728 0.000000 0.809756 99377
other-vehicle -1 -1 nan nan nan nan nan 1.559519 1.882099 1.953701 5.927315 43.294790 -0.107304 0.000000 0.861059 99378
car -1 -1 nan nan nan nan nan 1.576012 1.910671 3.635046 -19.176467 3.251116 -0.977136 0.000000 0.947319 99380
car -1 -1 nan nan nan nan nan 1.196320 0.843822 2.096832 3.987605 -41.389887 -1.228989 0.000000 0.925885 99381
car -1 -1 nan nan nan nan nan 1.474548 2.642019 1.450883 3.051893 16.680816 -1.071356 0.000000 0.928182 99382
car -1 -1 nan nan nan nan nan 1.272471 1.357278 2.956156 26.737786 -4.909810 -1.122326 0.000000 0.910789 99383
other-vehicle -1 -1 nan nan nan nan nan 0.697404 2.149405 1.531102 -1.924237 -23.242152 -0.042373 0.000000 0.493378 99387
car -1 -1 nan nan nan nan nan 1.503923 1.893673 4.405412 10.449835 -3.321713 -1.117847 0.000000 0.966147 99390
car -1 -1 nan nan nan nan nan 1.138718 1.380807 2.523033 -30.302896 4.153611 -0.973215 0.000000 0.918330 99391
car -1 -1 nan nan nan nan nan 1.500317 3.413437 1.795296 -0.763366 -8.903505 -0.919623 0.000000 0.938797 99392
car -1 -1 nan nan nan nan nan 1.179200 1.642143 2.245615 5.490851 -33.361340 -1.219814 0.000000 0.870271 99396
car -1 -1 nan nan nan nan nan 1.309476 1.498302 4.016462 16.638936 -3.673058 -1.169404 0.000000 0.927674 99399
car -1 -1 nan nan nan nan nan 1.427384 4.008303 2.002229 2.573864 10.857471 -1.089765 0.000000 0.950604 99402
car -1 -1 nan nan nan nan nan 1.715501 2.069378 1.322272 3.895855 22.701834 -0.816621 0.000000 0.846092 99403
car -1 -1 nan nan nan nan nan 1.373849 2.346965 4.043689 8.110173 -8.824963 -0.990449 0.000000 0.938716 99404
other-vehicle -1 -1 nan nan nan nan nan 1.037028 3.381820 1.642937 -35.240601 -2.468376 -1.101486 0.000000 0.819544 99406
car -1 -1 nan nan nan nan nan 1.531757 1.492265 4.200457 32.781837 -5.478432 -1.220495 0.000000 0.868595 99407
car -1 -1 nan nan nan nan nan 1.132401 1.313303 1.476949 5.692755 -24.376384 -1.302032 0.000000 0.857439 99409
car -1 -1 nan nan nan nan nan 1.419303 1.723803 2.461545 6.916057 -19.722407 -1.030647 0.000000 0.878394 99410
car -1 -1 nan nan nan nan nan 1.050598 1.656328 0.345150 42.313429 -6.321588 -0.913784 0.000000 0.671147 99413
car -1 -1 nan nan nan nan nan 0.537964 0.613320 0.501839 -44.367775 10.530186 -0.635952 0.000000 0.599436 99416
other-vehicle -1 -1 nan nan nan nan nan 1.890285 2.201405 2.508337 -1.625560 -19.568918 -0.016617 0.000000 0.739282 99418
car -1 -1 nan nan nan nan nan 1.485750 1.813460 2.246733 7.215580 -11.155460 -1.039165 0.000000 0.774412 99419
car -1 -1 nan nan nan nan nan 1.350839 1.821541 0.801189 6.179912 -22.485111 -1.184224 0.000000 0.791573 99420
car -1 -1 nan nan nan nan nan 1.254152 1.495739 2.235736 4.916003 -35.411947 -1.136182 0.000000 0.900327 99422
car -1 -1 nan nan nan nan nan 1.592299 3.832100 2.487957 3.584877 27.836021 -0.965495 0.000000 0.942672 99430
bicycle -1 -1 nan nan nan nan nan 0.687376 1.118435 1.039036 -10.613898 -7.305308 -1.202235 0.000000 0.893660 99388
bicycle -1 -1 nan nan nan nan nan 0.272090 0.559984 0.311697 9.515863 -22.821456 -0.429631 0.000000 0.482953 99393
person -1 -1 nan nan nan nan nan 0.242055 0.447769 0.203701 -39.561434 -0.534386 -1.002893 0.000000 0.673008 99384
person -1 -1 nan nan nan nan nan 1.146254 0.508013 0.635900 21.221723 -10.529745 -0.856517 0.000000 0.897638 99398
