car -1 -1 nan nan nan nan nan 1.657450 2.406043 4.423139 -6.080753 3.269851 -1.067841 0.000000 0.970137 97711
car -1 -1 nan nan nan nan nan 1.337889 1.770956 4.242781 -26.618230 3.159103 -1.541235 0.000000 0.956453 97715
car -1 -1 nan nan nan nan nan 1.355284 1.578618 3.674754 15.631873 3.101675 -0.954083 0.000000 0.923199 97716
car -1 -1 nan nan nan nan nan 1.249295 0.500857 2.559950 32.290425 2.625696 -0.664862 0.000000 0.849769 97718
car -1 -1 nan nan nan nan nan 1.265101 0.532605 1.706554 -49.095137 -2.905017 -1.878867 0.000000 0.801331 97720
car -1 -1 nan nan nan nan nan 1.146344 3.484233 2.896721 -35.303474 3.916546 -1.844554 0.000000 0.857671 97722
car -1 -1 nan nan nan nan nan 1.401611 1.507569 3.955462 26.381423 2.970117 -0.693834 0.000000 0.917541 97724
car -1 -1 nan nan nan nan nan 1.435693 1.761748 3.728610 10.075295 3.204314 -1.003642 0.000000 0.941389 97725
car -1 -1 nan nan nan nan nan 1.536348 1.466603 3.347925 20.753102 3.146618 -0.839395 0.000000 0.918657 97727
car -1 -1 nan nan nan nan nan 1.176140 0.333896 0.441837 47.538496 2.835097 -0.453190 0.000000 0.756829 97728
other-vehicle -1 -1 nan nan nan nan nan 0.314994 0.458918 0.216276 22.070266 16.240418 -1.325539 0.000000 0.573245 97730
car -1 -1 nan nan nan nan nan 0.872976 0.280910 1.021820 47.845894 -2.579678 -0.613165 0.000000 0.837088 97732
car -1 -1 nan nan nan nan nan 1.398846 1.744750 4.512867 0.395343 3.092751 -0.997741 0.000000 0.937564 97734
car -1 -1 nan nan nan nan nan 0.893184 0.291911 1.985607 37.002653 2.604190 -0.530847 0.000000 0.813212 97737
bicycle -1 -1 nan nan nan nan nan 1.018574 0.596575 1.883737 5.734307 15.358369 -1.215092 0.000000 0.937816 97717
bicycle -1 -1 nan nan nan nan nan 1.014883 1.448419 1.902015 -11.302514 15.618577 -1.400053 0.000000 0.907615 97719
