other-vehicle -1 -1 nan nan nan nan nan 1.855906 5.587917 2.593397 -17.704795 -22.444408 -0.749317 0.000000 0.883335 100130
car -1 -1 nan nan nan nan nan 1.766740 1.878726 4.325491 14.726745 -2.962064 -0.786658 0.000000 0.919050 100133
car -1 -1 nan nan nan nan nan 1.561054 1.844803 4.456238 -37.215862 -0.045721 -1.671935 0.000000 0.915384 100134
car -1 -1 nan nan nan nan nan 0.959082 3.813248 1.369261 -16.745120 21.212753 -0.049402 0.000000 0.897547 100136
car -1 -1 nan nan nan nan nan 1.403723 2.102012 4.530522 -8.849112 -8.909782 -1.400022 0.000000 0.939090 100138
car -1 -1 nan nan nan nan nan 0.653588 2.356929 1.430485 -24.199999 -10.017511 -0.635197 0.000000 0.761005 100141
car -1 -1 nan nan nan nan nan 0.553662 1.188972 0.725388 -41.414658 -12.142980 -2.461951 0.000000 0.725655 100142
car -1 -1 nan nan nan nan nan 1.362603 4.086883 1.421315 -16.633262 10.167657 -0.935142 0.000000 0.950715 100146
car -1 -1 nan nan nan nan nan 1.076753 1.134452 2.753750 43.267675 -2.251852 -0.399701 0.000000 0.739172 100147
car -1 -1 nan nan nan nan nan 1.466190 3.887086 1.520023 -17.981361 -10.480177 -1.681026 0.000000 0.893375 100150
car -1 -1 nan nan nan nan nan 1.462251 1.963698 4.399442 -7.111761 -3.229597 -1.232510 0.000000 0.948347 100151
car -1 -1 nan nan nan nan nan 1.257799 1.218494 3.661909 20.607131 -2.443911 -0.845157 0.000000 0.901557 100152
car -1 -1 nan nan nan nan nan 0.796661 3.568925 1.578154 -18.171903 -15.977376 -1.550685 0.000000 0.921192 100153
car -1 -1 nan nan nan nan nan 1.569335 1.716381 3.425518 8.858478 -3.102921 -1.022684 0.000000 0.920811 100154
car -1 -1 nan nan nan nan nan 0.280564 0.846340 1.015038 -17.163649 16.642845 -0.332892 0.000000 0.761556 100155
car -1 -1 nan nan nan nan nan 1.486682 1.670291 3.301110 -8.707599 -13.852322 -1.568084 0.000000 0.895867 100156
car -1 -1 nan nan nan nan nan 0.297131 0.346126 0.290318 48.501089 -1.686637 -0.326642 0.000000 0.599924 100157
car -1 -1 nan nan nan nan nan 1.509778 1.830740 4.293959 26.242656 -2.525957 -0.465068 0.000000 0.932109 100160
car -1 -1 nan nan nan nan nan 0.317466 0.719887 0.349632 -46.334518 11.455698 -1.587771 0.000000 0.446020 100161
car -1 -1 nan nan nan nan nan 1.282451 1.840027 4.478024 -1.034147 -2.950206 -1.074485 0.000000 0.963958 100162
car -1 -1 nan nan nan nan nan 1.144922 1.608214 3.473237 -8.815924 -11.286691 -1.366931 0.000000 0.875252 100164
other-vehicle -1 -1 nan nan nan nan nan 0.870902 0.608303 2.090586 -26.459508 -6.061146 -1.684451 0.000000 0.826909 100165
bicyclist -1 -1 nan nan nan nan nan 1.041343 0.350307 0.373633 -8.270693 6.198599 -0.843775 0.000000 0.845034 100135
motorcycle -1 -1 nan nan nan nan nan 0.787496 0.258404 0.223742 -31.804942 -6.529300 -1.767399 0.000000 0.810538 100167
person -1 -1 nan nan nan nan nan 1.266916 0.537748 0.632511 4.761316 -9.889634 -1.193432 0.000000 0.889111 100143
