car -1 -1 nan nan nan nan nan 1.487187 1.784038 4.285561 7.472827 3.134015 -1.045341 0.000000 0.928456 97589
car -1 -1 nan nan nan nan nan 1.412923 1.925757 3.752869 -19.004631 2.977188 -1.209736 0.000000 0.893367 97592
car -1 -1 nan nan nan nan nan 1.302833 1.464890 3.045691 28.132346 3.376248 -1.014241 0.000000 0.920030 97593
car -1 -1 nan nan nan nan nan 1.441220 1.719916 3.764246 17.592513 3.324801 -1.076390 0.000000 0.908022 97596
car -1 -1 nan nan nan nan nan 1.115910 2.796168 2.448761 -27.612061 3.334069 -1.216809 0.000000 0.832456 97599
car -1 -1 nan nan nan nan nan 1.394852 1.474884 3.205173 33.593725 3.282238 -0.955211 0.000000 0.870190 97602
car -1 -1 nan nan nan nan nan 1.274892 1.322917 3.340778 23.026787 3.200275 -1.137198 0.000000 0.939176 97603
car -1 -1 nan nan nan nan nan 1.721265 1.924084 4.279769 0.966966 3.044403 -0.774991 0.000000 0.935584 97605
car -1 -1 nan nan nan nan nan 0.788926 0.449961 1.083660 44.176634 3.059743 -0.807270 0.000000 0.753402 97608
bicycle -1 -1 nan nan nan nan nan 0.992386 1.396103 1.960042 -4.018839 15.690826 -1.195284 0.000000 0.875814 97594
bicycle -1 -1 nan nan nan nan nan 0.958963 0.293055 1.215346 13.392501 15.570910 -1.194228 0.000000 0.903153 97595
