car -1 -1 nan nan nan nan nan 2.182863 1.845833 4.451431 -1.794049 -3.009778 -0.711854 0.000000 0.883980 101799
car -1 -1 nan nan nan nan nan 1.414215 2.302698 2.185499 23.767419 4.379915 -0.135103 0.000000 0.853996 101802
car -1 -1 nan nan nan nan nan 1.319532 1.253152 3.118734 -24.860217 -2.970543 -1.567760 0.000000 0.900437 101804
other-vehicle -1 -1 nan nan nan nan nan 1.621121 1.398829 2.419037 42.350624 -14.779514 0.086497 0.000000 0.811319 101805
car -1 -1 nan nan nan nan nan 1.405915 1.505820 4.238018 13.271744 -2.786653 -0.842168 0.000000 0.941078 101806
car -1 -1 nan nan nan nan nan 1.116906 4.044441 1.247551 38.137054 2.229192 -0.231721 0.000000 0.938004 101807
car -1 -1 nan nan nan nan nan 1.173026 1.409395 3.204697 -34.861378 -3.332968 -1.713801 0.000000 0.865927 101808
car -1 -1 nan nan nan nan nan 1.301244 1.824757 3.757866 27.529699 -2.504161 -0.487121 0.000000 0.887150 101809
car -1 -1 nan nan nan nan nan 1.444823 1.873653 4.420290 -8.637237 -3.018222 -1.284216 0.000000 0.948551 101810
car -1 -1 nan nan nan nan nan 1.433221 1.872694 3.981342 -18.284714 -2.944297 -1.442482 0.000000 0.943642 101811
car -1 -1 nan nan nan nan nan 1.742337 1.506329 2.140728 -40.231592 -3.243068 -1.687589 0.000000 0.785792 101812
other-vehicle -1 -1 nan nan nan nan nan 1.266177 1.599793 1.116703 42.104437 -10.768533 -0.292063 0.000000 0.776647 101813
car -1 -1 nan nan nan nan nan 1.536731 1.775846 3.733703 8.681063 -2.912697 -0.955145 0.000000 0.942262 101814
car -1 -1 nan nan nan nan nan 2.153172 1.974380 4.449680 -1.780779 -2.988824 -0.698086 0.000000 0.897311 101822
