car -1 -1 nan nan nan nan nan 1.371656 1.902990 3.837524 -22.747232 -2.988823 -1.503941 0.000000 0.918632 101930
truck -1 -1 nan nan nan nan nan 1.774007 1.829045 2.374390 48.436073 1.747543 0.076008 0.000000 0.799635 101931
car -1 -1 nan nan nan nan nan 0.574781 0.536038 0.750340 -44.667505 -2.686280 -2.060232 0.000000 0.604102 101934
other-vehicle -1 -1 nan nan nan nan nan 1.742050 1.322039 2.358536 37.943516 -14.864388 -0.254792 0.000000 0.759261 101935
car -1 -1 nan nan nan nan nan 2.448697 2.033884 4.570230 -6.076678 -3.046992 -0.723889 0.000000 0.873345 101937
car -1 -1 nan nan nan nan nan 1.183008 2.527070 0.972759 33.608038 4.934641 -0.277631 0.000000 0.846022 101938
car -1 -1 nan nan nan nan nan 1.397926 1.868070 3.824770 23.784602 -2.502087 -0.678785 0.000000 0.888792 101940
car -1 -1 nan nan nan nan nan 1.144222 1.491964 2.058384 -29.005085 -3.016997 -1.511610 0.000000 0.921173 101944
car -1 -1 nan nan nan nan nan 1.307580 1.705903 3.874274 -12.844160 -2.957721 -1.297469 0.000000 0.929403 101945
car -1 -1 nan nan nan nan nan 1.501005 2.405097 2.240372 19.181810 4.376669 -0.344917 0.000000 0.903619 101949
car -1 -1 nan nan nan nan nan 0.432028 0.416004 1.919888 -37.819715 -2.843611 -1.924418 0.000000 0.904700 101950
car -1 -1 nan nan nan nan nan 1.418112 1.542084 3.993174 8.715635 -2.857193 -0.961173 0.000000 0.960519 101951
other-vehicle -1 -1 nan nan nan nan nan 0.563884 1.072998 0.791716 10.336178 -46.517326 -3.861367 0.000000 0.689429 101952
car -1 -1 nan nan nan nan nan 1.419783 1.689060 3.788396 4.289900 -2.871867 -0.994928 0.000000 0.974426 101953
motorcyclist -1 -1 nan nan nan nan nan 0.879997 0.485012 0.444534 45.355892 -3.199581 -0.303996 0.000000 0.740635 101947
person -1 -1 nan nan nan nan nan 0.574982 0.226002 0.228343 9.957246 -49.033827 -4.099781 0.000000 0.466583 101932
person -1 -1 nan nan nan nan nan 0.898013 0.413999 0.329571 -17.107416 2.424603 -0.610232 0.000000 0.906105 101943
