car -1 -1 nan nan nan nan nan 0.912789 2.754440 4.150156 10.125029 -21.821966 -0.290330 0.000000 0.906323 103848
car -1 -1 nan nan nan nan nan 1.030148 1.752316 4.247126 5.905179 20.982853 -1.258315 0.000000 0.894097 103854
car -1 -1 nan nan nan nan nan 0.456940 0.441872 0.744699 16.840838 -37.670307 0.100151 0.000000 0.743269 103858
car -1 -1 nan nan nan nan nan 0.653220 2.119827 2.412457 -18.622581 -7.893127 -0.856763 0.000000 0.900607 103859
car -1 -1 nan nan nan nan nan 1.192760 1.003178 1.094138 -1.616595 33.685987 -1.893690 0.000000 0.759275 103860
car -1 -1 nan nan nan nan nan 1.374278 3.652500 2.599172 -5.209442 17.483845 -1.574791 0.000000 0.926577 103863
car -1 -1 nan nan nan nan nan 1.774432 2.351570 3.825222 -27.734545 -12.141565 -0.312308 0.000000 0.730671 103864
car -1 -1 nan nan nan nan nan 1.475918 3.933650 2.210015 3.335206 12.792836 -1.319719 0.000000 0.798431 103866
car -1 -1 nan nan nan nan nan 1.209511 3.454132 2.621015 -5.056658 24.495962 -1.556509 0.000000 0.859659 103870
car -1 -1 nan nan nan nan nan 1.401535 1.964468 3.283094 1.805826 27.273204 -1.700135 0.000000 0.904225 103871
other-vehicle -1 -1 nan nan nan nan nan 0.305869 0.227192 0.529971 -11.852968 23.637959 -0.986107 0.000000 0.396852 103874
truck -1 -1 nan nan nan nan nan 0.339071 1.442978 0.484425 31.129681 -37.490566 -0.653215 0.000000 0.573158 103875
car -1 -1 nan nan nan nan nan 1.541789 2.717456 3.374207 20.129906 8.839660 -1.113275 0.000000 0.925697 103876
truck -1 -1 nan nan nan nan nan 2.025265 2.542206 5.187649 20.702156 14.332351 -0.999859 0.000000 0.850004 103877
car -1 -1 nan nan nan nan nan 1.113131 1.246241 3.298088 26.577759 16.722775 -1.323398 0.000000 0.911749 103878
car -1 -1 nan nan nan nan nan 0.937907 0.642204 1.293346 -4.139291 38.637581 -2.014004 0.000000 0.865612 103879
car -1 -1 nan nan nan nan nan 1.366934 2.534026 3.550270 -13.841204 -5.878516 -1.164280 0.000000 0.948075 103880
car -1 -1 nan nan nan nan nan 1.385131 2.413877 4.066608 6.728525 -14.028494 -0.707142 0.000000 0.912336 103881
car -1 -1 nan nan nan nan nan 1.454644 3.696193 1.728941 -16.337768 4.615985 -1.302559 0.000000 0.927648 103882
car -1 -1 nan nan nan nan nan 0.338761 0.929611 0.644201 -10.443093 43.081665 -2.178606 0.000000 0.782792 103884
car -1 -1 nan nan nan nan nan 1.351122 3.404064 2.176068 -10.100680 27.717937 -1.834520 0.000000 0.849299 103885
car -1 -1 nan nan nan nan nan 0.479436 1.490261 2.296221 12.113388 -24.980612 0.049234 0.000000 0.730673 103886
car -1 -1 nan nan nan nan nan 1.390812 2.051708 2.268198 0.073162 30.204809 -1.647217 0.000000 0.868902 103887
car -1 -1 nan nan nan nan nan 2.464936 2.547677 4.790804 -7.642586 7.848214 -0.638566 0.000000 0.891894 103888
car -1 -1 nan nan nan nan nan 0.423169 0.380527 0.395389 -12.858780 31.862406 -2.138162 0.000000 0.460560 103889
car -1 -1 nan nan nan nan nan 0.913525 1.421991 0.638025 -22.200059 -13.231511 -1.217282 0.000000 0.579716 103890
other-vehicle -1 -1 nan nan nan nan nan 2.344206 2.059986 4.078665 -1.873395 37.060167 -1.258419 0.000000 0.919036 103891
car -1 -1 nan nan nan nan nan 1.559392 1.031864 2.192111 -4.999470 41.977201 -1.939585 0.000000 0.830914 103892
car -1 -1 nan nan nan nan nan 0.700755 1.191368 2.281786 17.772191 -34.434982 0.241327 0.000000 0.804844 103893
car -1 -1 nan nan nan nan nan 1.433432 2.182367 2.071486 3.590331 22.947118 -1.552286 0.000000 0.871130 103894
car -1 -1 nan nan nan nan nan 0.614939 0.327435 0.972244 34.060284 -35.616594 -0.191652 0.000000 0.718802 103895
car -1 -1 nan nan nan nan nan 1.397121 1.181808 1.483150 -8.920641 5.917187 -0.143475 0.000000 0.634260 103897
car -1 -1 nan nan nan nan nan 1.560546 2.120087 2.811085 -7.341983 4.813613 -1.099696 0.000000 0.945335 103903
bicyclist -1 -1 nan nan nan nan nan 0.282079 0.250710 0.376915 38.267479 25.621525 -0.286239 0.000000 0.480355 103851
motorcycle -1 -1 nan nan nan nan nan 1.214865 2.038991 1.454784 -18.925510 8.238889 -1.457060 0.000000 0.923118 103852
bicycle -1 -1 nan nan nan nan nan 1.134887 0.401123 1.235069 -38.656425 -23.325994 -0.924216 0.000000 0.771212 103861
bicyclist -1 -1 nan nan nan nan nan 0.581881 0.526672 0.442886 -45.920921 -7.340264 -0.067662 0.000000 0.892429 103869
motorcycle -1 -1 nan nan nan nan nan 1.109799 1.738039 0.604248 -39.173679 -21.237180 -0.906272 0.000000 0.870564 103898
person -1 -1 nan nan nan nan nan 1.551234 0.491083 0.554085 -13.597468 28.675221 -1.603663 0.000000 0.842335 103857
person -1 -1 nan nan nan nan nan 1.488038 0.434178 0.607227 13.777502 -12.677812 -0.571115 0.000000 0.819751 103865
person -1 -1 nan nan nan nan nan 0.819147 0.213930 0.247736 -22.448951 -16.425170 0.262439 0.000000 0.749124 103872
person -1 -1 nan nan nan nan nan 1.670927 0.614157 0.906685 7.179397 -21.596255 -0.107381 0.000000 0.922370 103896
