car -1 -1 nan nan nan nan nan 1.976049 2.133878 2.643587 20.023694 4.561815 -0.069003 0.000000 0.911569 101904
car -1 -1 nan nan nan nan nan 1.386952 1.655733 4.137804 -11.998406 -2.936192 -1.296614 0.000000 0.938846 101906
truck -1 -1 nan nan nan nan nan 1.804072 1.861919 2.409519 49.264059 1.778924 0.074120 0.000000 0.815356 101907
other-vehicle -1 -1 nan nan nan nan nan 1.506998 1.275908 1.791649 38.510578 -14.906417 -0.122161 0.000000 0.777293 101908
car -1 -1 nan nan nan nan nan 1.543817 1.973229 3.919870 5.223039 -2.985681 -1.045881 0.000000 0.967293 101910
car -1 -1 nan nan nan nan nan 1.313629 1.273690 3.002069 -28.456841 -2.981493 -1.557858 0.000000 0.930796 101911
other-vehicle -1 -1 nan nan nan nan nan 1.036150 2.969876 1.388592 34.619730 4.428828 -0.201762 0.000000 0.895524 101912
car -1 -1 nan nan nan nan nan 1.272036 1.856964 3.875645 24.457270 -2.509425 -0.620920 0.000000 0.865271 101914
car -1 -1 nan nan nan nan nan 1.268893 1.692889 3.909784 -21.778415 -2.884899 -1.411821 0.000000 0.911287 101916
car -1 -1 nan nan nan nan nan 0.279110 2.356919 1.088625 19.724029 10.977108 0.416938 0.000000 0.847605 101918
car -1 -1 nan nan nan nan nan 2.370860 1.923298 4.642179 -5.256356 -3.001959 -0.699925 0.000000 0.912892 101920
car -1 -1 nan nan nan nan nan 1.410043 1.515966 3.980347 9.591076 -2.866971 -0.944124 0.000000 0.939201 101921
car -1 -1 nan nan nan nan nan 1.459975 1.510939 1.205204 38.596483 -10.782118 -0.585924 0.000000 0.733721 101922
car -1 -1 nan nan nan nan nan 0.886418 0.349837 2.214188 -37.167580 -2.760147 -1.932837 0.000000 0.727492 101925
car -1 -1 nan nan nan nan nan 0.841406 0.607192 1.391472 -44.024937 -2.692056 -2.142799 0.000000 0.765059 101929
motorcyclist -1 -1 nan nan nan nan nan 0.284997 0.497980 0.254536 46.158819 -3.118875 -0.301645 0.000000 0.494394 101919
