car -1 -1 nan nan nan nan nan 1.464792 2.172674 4.208265 -3.250765 -3.295398 -1.192762 0.000000 0.955276 101062
other-vehicle -1 -1 nan nan nan nan nan 0.644122 1.294123 0.398735 48.710915 -1.139108 -0.498851 0.000000 0.892426 101063
car -1 -1 nan nan nan nan nan 0.312091 1.003876 0.807610 -44.906986 -3.476347 -1.394246 0.000000 0.604748 101064
car -1 -1 nan nan nan nan nan 1.317288 1.540164 3.943617 22.721135 -2.795304 -0.918920 0.000000 0.892032 101065
car -1 -1 nan nan nan nan nan 1.608251 1.695806 4.066790 -21.889689 -3.124247 -1.347896 0.000000 0.928928 101066
car -1 -1 nan nan nan nan nan 1.451069 1.708250 3.925249 12.868290 -2.654349 -0.913752 0.000000 0.934070 101068
car -1 -1 nan nan nan nan nan 0.703046 0.608060 1.532463 39.591759 -2.373232 -0.693139 0.000000 0.871137 101069
car -1 -1 nan nan nan nan nan 0.479297 0.729053 0.450638 -36.383690 -2.865341 -2.115069 0.000000 0.618965 101070
car -1 -1 nan nan nan nan nan 2.246108 1.822182 4.047991 29.783078 -2.921291 -0.108522 0.000000 0.854099 101072
car -1 -1 nan nan nan nan nan 1.509259 2.006416 3.685819 6.377588 -3.009534 -1.079980 0.000000 0.935937 101073
car -1 -1 nan nan nan nan nan 1.411811 0.353502 2.720840 -27.830248 -2.780814 -1.608764 0.000000 0.842605 101074
car -1 -1 nan nan nan nan nan 1.392417 0.768270 3.818496 -16.026785 -2.503439 -1.438781 0.000000 0.933005 101075
car -1 -1 nan nan nan nan nan 1.977695 1.967815 4.965842 -10.286690 -2.950657 -1.071528 0.000000 0.944088 101080
person -1 -1 nan nan nan nan nan 0.675037 0.518975 0.447726 -3.249105 -4.642144 -0.882273 0.000000 0.869786 101079
