car -1 -1 nan nan nan nan nan 1.387225 1.512994 4.062162 10.447062 -2.836481 -0.946373 0.000000 0.945185 101878
truck -1 -1 nan nan nan nan nan 0.977099 1.872948 1.195667 49.548319 1.799451 -0.358719 0.000000 0.843548 101880
car -1 -1 nan nan nan nan nan 1.298817 1.808990 3.976629 -21.014903 -2.993359 -1.410848 0.000000 0.921484 101881
other-vehicle -1 -1 nan nan nan nan nan 1.562169 1.348991 2.417850 39.686274 -14.821158 -0.138380 0.000000 0.786088 101882
car -1 -1 nan nan nan nan nan 2.375540 1.894496 4.586851 -4.459788 -3.009734 -0.736625 0.000000 0.875616 101885
car -1 -1 nan nan nan nan nan 1.333219 1.861972 3.957100 25.259604 -2.549957 -0.656947 0.000000 0.849363 101887
car -1 -1 nan nan nan nan nan 1.282936 3.425921 1.574272 35.570778 3.950908 -0.323129 0.000000 0.924690 101889
car -1 -1 nan nan nan nan nan 1.641918 2.285918 2.234209 21.071954 4.409898 -0.282182 0.000000 0.922437 101893
car -1 -1 nan nan nan nan nan 1.224717 1.344745 2.972437 -27.486560 -3.022044 -1.509536 0.000000 0.938704 101894
car -1 -1 nan nan nan nan nan 1.362434 1.671719 4.438670 -11.363441 -2.955028 -1.264076 0.000000 0.934346 101895
car -1 -1 nan nan nan nan nan 0.590034 0.508987 0.405586 47.111202 -3.173420 -0.161353 0.000000 0.724407 101897
car -1 -1 nan nan nan nan nan 1.545143 2.042137 3.735290 5.958267 -3.019114 -1.038743 0.000000 0.973492 101898
car -1 -1 nan nan nan nan nan 0.445013 0.565989 0.966305 39.403330 -10.289780 -0.877087 0.000000 0.488780 101900
car -1 -1 nan nan nan nan nan 0.784467 1.264788 0.953014 -42.804628 -3.042035 -2.119809 0.000000 0.765876 101902
person -1 -1 nan nan nan nan nan 0.641867 0.504876 0.342216 -15.426655 2.463508 -0.702754 0.000000 0.877702 101892
