car -1 -1 nan nan nan nan nan 1.416364 1.662140 3.842827 2.710951 -2.828322 -1.032859 0.000000 0.932164 101983
truck -1 -1 nan nan nan nan nan 0.735983 0.396026 0.286228 21.387154 10.228754 0.646538 0.000000 0.615132 101987
other-vehicle -1 -1 nan nan nan nan nan 1.908968 0.835090 2.275906 36.419371 -14.567626 -0.617746 0.000000 0.857417 101988
car -1 -1 nan nan nan nan nan 1.359646 1.538702 3.953554 -14.509070 -2.895784 -1.349142 0.000000 0.935591 101989
car -1 -1 nan nan nan nan nan 1.228636 0.582479 2.583710 -30.278790 -2.705265 -1.633332 0.000000 0.881579 101990
car -1 -1 nan nan nan nan nan 1.288660 1.922173 3.763199 22.338385 -2.495218 -0.742583 0.000000 0.924733 101991
car -1 -1 nan nan nan nan nan 1.175924 1.307087 1.450371 32.202236 5.889970 -0.280418 0.000000 0.720726 101993
car -1 -1 nan nan nan nan nan 2.527139 2.047100 4.633418 -7.730757 -3.113660 -0.716315 0.000000 0.853743 101995
car -1 -1 nan nan nan nan nan 0.445885 0.362029 0.856647 -39.684267 -2.842657 -2.041176 0.000000 0.780408 101996
car -1 -1 nan nan nan nan nan 1.375366 1.996182 2.687037 17.720954 4.109358 -0.424832 0.000000 0.894305 101997
truck -1 -1 nan nan nan nan nan 0.392668 1.139419 1.498524 -33.717749 2.792500 -0.684851 0.000000 0.867910 101998
car -1 -1 nan nan nan nan nan 1.283648 1.628240 3.832714 -24.343374 -2.855268 -1.418866 0.000000 0.908896 101999
car -1 -1 nan nan nan nan nan 0.854237 1.149085 1.390011 44.205988 -3.369767 -0.288191 0.000000 0.606619 102002
truck -1 -1 nan nan nan nan nan 1.715952 1.887148 2.525311 46.726267 1.748638 0.077535 0.000000 0.842627 102003
car -1 -1 nan nan nan nan nan 1.378084 1.613119 4.203195 6.959289 -2.904814 -1.013481 0.000000 0.969936 102004
car -1 -1 nan nan nan nan nan 0.351116 2.526142 1.568485 17.248474 11.119815 0.345788 0.000000 0.915421 102005
car -1 -1 nan nan nan nan nan 1.923693 1.869091 3.382305 17.194023 6.344005 -0.068829 0.000000 0.819532 102006
bicyclist -1 -1 nan nan nan nan nan 0.866098 0.550082 0.855484 -46.362003 -2.716108 -1.747894 0.000000 0.573742 101984
bicycle -1 -1 nan nan nan nan nan 0.633141 0.508167 0.453842 -30.031847 13.676307 -0.152667 0.000000 0.785431 101986
