car -1 -1 nan nan nan nan nan 1.146986 1.852320 3.803961 0.263729 -2.941233 -0.971134 0.000000 0.948470 101207
car -1 -1 nan nan nan nan nan 2.323820 1.869066 4.326492 23.432104 -2.845580 -0.160872 0.000000 0.815567 101210
car -1 -1 nan nan nan nan nan 1.385770 0.514984 3.545057 -22.510093 -2.522856 -1.632725 0.000000 0.889444 101211
car -1 -1 nan nan nan nan nan 0.623841 0.237954 0.468204 -33.351416 -2.850758 -2.135878 0.000000 0.671946 101214
car -1 -1 nan nan nan nan nan 1.411651 1.895820 4.201435 -9.577707 -3.228750 -1.356917 0.000000 0.941488 101215
car -1 -1 nan nan nan nan nan 1.516268 1.770099 4.048903 16.383180 -2.799127 -0.893933 0.000000 0.960898 101218
truck -1 -1 nan nan nan nan nan 0.603797 1.405013 0.983669 45.042772 -1.534514 -0.448879 0.000000 0.876107 101219
car -1 -1 nan nan nan nan nan 1.390730 0.521918 3.720222 -40.765995 2.260924 -1.587626 0.000000 0.795473 101221
car -1 -1 nan nan nan nan nan 1.877176 1.974835 4.851486 -16.610043 -3.056579 -1.250251 0.000000 0.903179 101222
car -1 -1 nan nan nan nan nan 1.404498 1.164958 3.242529 -28.120812 -3.033024 -1.566074 0.000000 0.914550 101223
car -1 -1 nan nan nan nan nan 1.230974 0.864015 2.976944 33.794949 -2.405038 -0.461482 0.000000 0.878888 101225
car -1 -1 nan nan nan nan nan 1.564719 2.068354 4.019327 6.481772 -2.902359 -1.013248 0.000000 0.949901 101230
person -1 -1 nan nan nan nan nan 1.435255 0.544974 0.722280 -8.898627 -4.857080 -1.270434 0.000000 0.921935 101227
