car -1 -1 nan nan nan nan nan 2.222930 1.907244 5.539170 8.255193 -2.951972 -0.607091 0.000000 0.848487 101573
car -1 -1 nan nan nan nan nan 0.522861 0.565485 1.196705 -42.422865 -6.360513 -1.442240 0.000000 0.773508 101574
car -1 -1 nan nan nan nan nan 0.531793 2.080375 0.350292 47.648851 -5.506002 0.093250 0.000000 0.854250 101575
car -1 -1 nan nan nan nan nan 1.336347 1.656384 3.555182 -15.118519 -3.084513 -1.386558 0.000000 0.931468 101576
car -1 -1 nan nan nan nan nan 1.663368 1.845580 4.262547 -32.171289 -3.278861 -1.491664 0.000000 0.832556 101578
other-vehicle -1 -1 nan nan nan nan nan 0.511543 0.907398 2.353492 -11.194000 4.198873 -0.410280 0.000000 0.610672 101583
car -1 -1 nan nan nan nan nan 1.471086 1.995290 4.282165 -8.575388 -2.919847 -1.247756 0.000000 0.955866 101585
car -1 -1 nan nan nan nan nan 1.215152 0.723130 3.871439 23.020310 -2.382931 -0.711814 0.000000 0.899691 101586
car -1 -1 nan nan nan nan nan 1.047312 1.407255 2.948593 35.001518 -2.297918 -0.369963 0.000000 0.666960 101587
car -1 -1 nan nan nan nan nan 1.644108 1.708697 4.204666 0.889970 -2.854542 -0.872314 0.000000 0.948509 101588
car -1 -1 nan nan nan nan nan 1.468696 1.692296 3.810823 18.499064 -2.795500 -0.782419 0.000000 0.900999 101590
car -1 -1 nan nan nan nan nan 1.339421 1.371360 3.858395 -25.138433 -3.265618 -1.630931 0.000000 0.937159 101591
car -1 -1 nan nan nan nan nan 1.369933 0.910163 0.691372 32.865702 4.193761 0.031032 0.000000 0.705808 101592
car -1 -1 nan nan nan nan nan 1.209529 0.618174 2.816818 -39.274227 2.109105 -1.619713 0.000000 0.587912 101594
person -1 -1 nan nan nan nan nan 0.290033 0.395135 0.206347 -22.612464 -5.218896 -0.991160 0.000000 0.766335 101584
