car -1 -1 nan nan nan nan nan 1.355422 1.975136 3.829185 -18.968124 -3.323087 -1.468677 0.000000 0.917040 101446
car -1 -1 nan nan nan nan nan 0.713981 1.763002 0.995285 38.150433 6.290481 1.151037 0.000000 0.698609 101447
car -1 -1 nan nan nan nan nan 2.314948 1.883060 4.662691 14.051915 -2.959577 -0.454155 0.000000 0.859486 101449
car -1 -1 nan nan nan nan nan 0.425397 0.801225 1.387165 -36.316664 -6.167765 -1.197909 0.000000 0.760051 101453
car -1 -1 nan nan nan nan nan 1.430996 1.256016 3.635000 24.627576 -2.656012 -0.701441 0.000000 0.915670 101454
car -1 -1 nan nan nan nan nan 0.473991 1.332989 0.564415 38.396488 -2.262481 -0.568059 0.000000 0.672974 101455
car -1 -1 nan nan nan nan nan 1.402177 1.909759 3.892216 -8.953640 -3.044756 -1.293828 0.000000 0.955546 101456
car -1 -1 nan nan nan nan nan 1.721232 1.819598 4.576197 -26.126296 -3.093924 -1.333423 0.000000 0.876558 101457
car -1 -1 nan nan nan nan nan 1.543444 1.964183 4.233736 6.898159 -2.973179 -1.060644 0.000000 0.898130 101459
car -1 -1 nan nan nan nan nan 1.190993 0.659009 3.583681 29.262650 -2.460497 -0.613500 0.000000 0.780167 101463
car -1 -1 nan nan nan nan nan 1.441248 1.634567 4.149575 -2.541765 -2.774392 -1.112873 0.000000 0.927494 101465
car -1 -1 nan nan nan nan nan 0.860260 0.769176 1.517727 -36.943022 -2.825008 -1.424353 0.000000 0.759909 101466
person -1 -1 nan nan nan nan nan 0.609064 0.300985 0.227425 -48.559906 2.211806 -1.669726 0.000000 0.788218 101469
