car -1 -1 nan nan nan nan nan 2.189538 2.248737 3.880641 -0.721477 8.514442 -0.577495 0.000000 0.855199 103092
truck -1 -1 nan nan nan nan nan 0.556069 0.910011 0.469364 45.936064 19.247665 1.615985 0.000000 0.475725 103094
other-vehicle -1 -1 nan nan nan nan nan 0.973161 1.944844 0.588497 -37.742731 -13.659037 -1.122109 0.000000 0.818175 103095
car -1 -1 nan nan nan nan nan 1.462059 2.445169 3.380091 26.318095 4.292674 -0.883327 0.000000 0.898134 103098
car -1 -1 nan nan nan nan nan 1.420386 1.730737 2.957671 -14.751379 -4.343382 -1.287049 0.000000 0.915291 103102
car -1 -1 nan nan nan nan nan 1.086141 1.339647 0.682838 43.768932 8.397904 -0.690473 0.000000 0.785682 103103
car -1 -1 nan nan nan nan nan 1.904587 2.366185 3.944006 -25.160708 -7.118203 -0.659593 0.000000 0.541163 103106
car -1 -1 nan nan nan nan nan 0.956884 0.459106 0.991153 8.210410 38.296589 -1.554147 0.000000 0.727330 103107
car -1 -1 nan nan nan nan nan 1.400841 4.066241 1.725761 9.098655 5.847317 -0.919008 0.000000 0.931078 103108
car -1 -1 nan nan nan nan nan 1.337846 3.294500 1.875602 3.341679 17.827168 -1.317426 0.000000 0.943957 103109
car -1 -1 nan nan nan nan nan 0.803019 0.312439 1.473232 33.391687 10.507471 -1.130559 0.000000 0.551938 103112
car -1 -1 nan nan nan nan nan 1.489928 2.086216 4.223721 14.642563 19.081415 -1.166802 0.000000 0.966235 103113
car -1 -1 nan nan nan nan nan 0.570370 0.834774 2.359547 11.171986 -27.455847 -0.130517 0.000000 0.858470 103115
truck -1 -1 nan nan nan nan nan 1.844994 2.198674 4.812187 27.827028 9.725492 -0.623579 0.000000 0.896482 103117
car -1 -1 nan nan nan nan nan 1.391773 2.082699 4.146475 8.546703 -15.771519 -0.739264 0.000000 0.913438 103118
car -1 -1 nan nan nan nan nan 1.072430 1.536919 1.749288 10.250889 33.164295 -1.442035 0.000000 0.816258 103119
car -1 -1 nan nan nan nan nan 1.474776 3.694111 2.015988 -10.638130 7.325217 -1.250225 0.000000 0.916087 103120
car -1 -1 nan nan nan nan nan 1.394129 2.082361 3.549967 -9.849452 -3.521346 -1.215999 0.000000 0.957818 103121
car -1 -1 nan nan nan nan nan 1.129020 0.444534 1.074940 31.079937 6.076966 -0.810961 0.000000 0.630760 103122
other-vehicle -1 -1 nan nan nan nan nan 2.012932 1.607588 0.494652 42.249741 21.945725 -0.319513 0.000000 0.817439 103124
car -1 -1 nan nan nan nan nan 1.401271 1.638399 3.707764 10.243235 -23.722007 -0.539747 0.000000 0.940111 103125
car -1 -1 nan nan nan nan nan 1.450828 1.709963 2.154924 10.941272 29.183722 -1.335370 0.000000 0.850064 103126
car -1 -1 nan nan nan nan nan 0.851124 1.587727 0.478775 43.068352 18.698183 -0.882683 0.000000 0.826426 103127
car -1 -1 nan nan nan nan nan 0.460847 0.875771 1.440659 8.531393 41.726925 -0.938470 0.000000 0.868530 103128
car -1 -1 nan nan nan nan nan 1.487956 1.702389 3.908954 12.296987 25.940178 -1.303349 0.000000 0.948278 103129
car -1 -1 nan nan nan nan nan 2.254745 2.673653 4.594469 -2.285076 6.042122 -0.657673 0.000000 0.909781 103130
other-vehicle -1 -1 nan nan nan nan nan 2.322172 2.184341 4.054705 10.300800 36.399578 -0.848693 0.000000 0.910720 103131
car -1 -1 nan nan nan nan nan 1.391573 1.568432 2.381040 13.075241 21.205938 -1.284849 0.000000 0.906177 103132
car -1 -1 nan nan nan nan nan 0.984453 0.940086 3.171841 14.921778 -37.886452 0.120119 0.000000 0.924290 103133
other-vehicle -1 -1 nan nan nan nan nan 1.766148 0.703590 0.836006 44.999805 21.381777 -0.521558 0.000000 0.683388 103139
motorcycle -1 -1 nan nan nan nan nan 1.390253 2.051930 1.777720 -12.293749 11.459183 -1.351325 0.000000 0.909702 103104
person -1 -1 nan nan nan nan nan 0.619119 0.385231 0.416916 36.382095 -33.655411 -0.185542 0.000000 0.896274 103093
person -1 -1 nan nan nan nan nan 1.629061 0.965075 0.798489 7.243246 -21.057582 -0.268234 0.000000 0.927973 103097
person -1 -1 nan nan nan nan nan 1.208110 0.864806 0.625689 17.049808 -14.251250 -0.572607 0.000000 0.936289 103105
person -1 -1 nan nan nan nan nan 0.665120 0.287846 0.251587 -37.151276 -4.278363 -0.911208 0.000000 0.754015 103110
person -1 -1 nan nan nan nan nan 0.999289 0.593731 0.637127 -20.408085 -12.356419 0.366594 0.000000 0.778266 103114
