car -1 -1 nan nan nan nan nan 2.126907 2.253206 3.616440 0.467136 8.443482 -0.562925 0.000000 0.730839 102988
car -1 -1 nan nan nan nan nan 0.566103 0.732197 0.323055 13.969353 -41.239489 -0.443214 0.000000 0.724434 102989
car -1 -1 nan nan nan nan nan 1.596676 1.260056 0.515074 20.383054 -9.255818 -0.522396 0.000000 0.041008 102994
car -1 -1 nan nan nan nan nan 1.462644 2.052412 3.261107 -13.899194 -4.292542 -1.243475 0.000000 0.929350 102996
car -1 -1 nan nan nan nan nan 0.542951 0.702871 2.208055 32.609836 5.728205 -0.960891 0.000000 0.738449 102998
car -1 -1 nan nan nan nan nan 0.390518 0.441513 0.941024 11.291641 -27.580029 -0.240068 0.000000 0.788523 103000
car -1 -1 nan nan nan nan nan 0.981316 1.423230 0.868355 -40.708481 1.828046 -0.869370 0.000000 0.682416 103001
car -1 -1 nan nan nan nan nan 1.474151 1.767271 1.628120 11.978223 28.893901 -1.217861 0.000000 0.823345 103002
car -1 -1 nan nan nan nan nan 2.304589 2.353061 4.069256 -24.376127 -6.657792 -0.865896 0.000000 0.457757 103003
car -1 -1 nan nan nan nan nan 1.414013 4.026429 1.981681 9.823722 4.847954 -0.866308 0.000000 0.855639 103004
car -1 -1 nan nan nan nan nan 1.371112 2.827751 1.732944 4.654961 17.465723 -1.232640 0.000000 0.904578 103005
car -1 -1 nan nan nan nan nan 0.590030 0.286349 0.572121 44.708530 8.026998 -0.450462 0.000000 0.767384 103007
car -1 -1 nan nan nan nan nan 1.430282 2.090007 4.144101 9.251713 -15.962937 -0.776082 0.000000 0.927125 103011
other-vehicle -1 -1 nan nan nan nan nan 2.342895 1.976810 3.904040 12.031551 36.100187 -0.604413 0.000000 0.907306 103012
car -1 -1 nan nan nan nan nan 1.428963 2.053063 3.589493 -8.951211 -3.358664 -1.230007 0.000000 0.914135 103013
car -1 -1 nan nan nan nan nan 1.299136 2.388977 3.571377 27.412043 3.841860 -0.814775 0.000000 0.923784 103014
other-vehicle -1 -1 nan nan nan nan nan 1.154732 2.238468 0.581226 -36.893644 -13.227544 -1.201124 0.000000 0.823995 103015
car -1 -1 nan nan nan nan nan 1.468597 3.685980 1.997279 -9.564089 7.464158 -1.195331 0.000000 0.933013 103016
truck -1 -1 nan nan nan nan nan 1.918932 2.244640 4.787888 29.016878 9.277512 -0.657743 0.000000 0.904013 103017
car -1 -1 nan nan nan nan nan 1.283108 1.412045 3.360018 10.889775 -23.867708 -0.653775 0.000000 0.952931 103021
car -1 -1 nan nan nan nan nan 1.343816 1.711487 4.114658 13.827656 25.649849 -1.228292 0.000000 0.933323 103023
car -1 -1 nan nan nan nan nan 1.415030 1.599426 2.383800 14.402162 20.994534 -1.171885 0.000000 0.897956 103024
car -1 -1 nan nan nan nan nan 2.200487 3.109022 4.591120 -1.269925 6.218466 -0.650390 0.000000 0.930375 103028
car -1 -1 nan nan nan nan nan 1.236686 1.910297 2.152247 11.954296 33.187002 -1.338025 0.000000 0.780758 103029
car -1 -1 nan nan nan nan nan 1.403736 1.689699 4.479084 16.049793 18.642709 -1.119365 0.000000 0.967072 103031
car -1 -1 nan nan nan nan nan 0.709923 1.019287 2.251822 15.932839 -38.250626 -0.038726 0.000000 0.835115 103036
bicycle -1 -1 nan nan nan nan nan 0.665248 0.912489 0.714402 4.575855 -17.649863 -0.609377 0.000000 0.848892 102997
motorcycle -1 -1 nan nan nan nan nan 1.333413 2.163185 1.538368 -10.987184 11.573474 -1.294711 0.000000 0.945291 102999
person -1 -1 nan nan nan nan nan 0.713105 0.359691 0.383402 -19.476396 -12.043124 0.372680 0.000000 0.814992 103008
person -1 -1 nan nan nan nan nan 1.412095 0.349094 0.394522 17.975690 -14.151079 -0.684392 0.000000 0.951862 103010
person -1 -1 nan nan nan nan nan 1.739051 0.586121 0.852112 7.807999 -20.907110 -0.329886 0.000000 0.934693 103019
