car -1 -1 nan nan nan nan nan 1.323096 2.352935 3.817318 28.082657 3.634593 -0.832885 0.000000 0.918569 102937
car -1 -1 nan nan nan nan nan 1.203088 1.242732 0.511360 -49.736412 -5.839023 -1.441038 0.000000 0.530452 102938
car -1 -1 nan nan nan nan nan 0.792179 0.352268 0.767265 14.324392 -41.137941 -0.548032 0.000000 0.802983 102939
car -1 -1 nan nan nan nan nan 1.463974 3.686851 2.022829 -9.009868 7.540751 -1.161888 0.000000 0.928742 102941
car -1 -1 nan nan nan nan nan 1.328720 2.347856 4.170161 9.656888 -16.113048 -0.846572 0.000000 0.930306 102942
other-vehicle -1 -1 nan nan nan nan nan 1.435125 1.057133 0.311859 44.211617 20.708502 -0.359871 0.000000 0.865314 102943
car -1 -1 nan nan nan nan nan 1.397548 1.647640 2.468437 15.115578 20.879906 -1.042554 0.000000 0.862186 102944
car -1 -1 nan nan nan nan nan 2.276630 2.274299 3.869490 -23.715583 -6.449791 -0.851468 0.000000 0.680996 102945
car -1 -1 nan nan nan nan nan 1.361799 3.938607 2.442693 9.966474 4.319437 -0.833003 0.000000 0.868184 102946
car -1 -1 nan nan nan nan nan 1.558090 1.208347 0.495993 20.790128 -9.436954 -0.608661 0.000000 0.067285 102947
car -1 -1 nan nan nan nan nan 1.394451 2.036054 3.319324 -13.400032 -4.199357 -1.290388 0.000000 0.940288 102951
car -1 -1 nan nan nan nan nan 1.108705 1.968658 1.341884 5.478668 17.130501 -1.076223 0.000000 0.895722 102953
car -1 -1 nan nan nan nan nan 2.122464 2.375741 3.536485 1.098796 8.474568 -0.558595 0.000000 0.791450 102955
other-vehicle -1 -1 nan nan nan nan nan 2.070859 1.872738 3.680857 12.924430 35.946726 -0.451784 0.000000 0.921099 102958
car -1 -1 nan nan nan nan nan 0.952031 0.757922 2.538197 33.362452 5.403310 -0.962455 0.000000 0.749261 102961
other-vehicle -1 -1 nan nan nan nan nan 0.874879 0.797873 1.097196 4.894209 -17.669883 -0.627275 0.000000 0.787066 102964
car -1 -1 nan nan nan nan nan 1.393152 2.047457 3.914505 -8.658557 -3.303064 -1.221196 0.000000 0.935168 102966
car -1 -1 nan nan nan nan nan 1.345324 1.775661 1.875032 12.804661 28.923128 -1.138244 0.000000 0.864307 102967
car -1 -1 nan nan nan nan nan 0.588230 1.735905 0.281796 45.146738 17.221704 -0.767363 0.000000 0.842082 102969
car -1 -1 nan nan nan nan nan 1.422266 1.830456 3.895070 11.157837 -24.144096 -0.722555 0.000000 0.928827 102970
car -1 -1 nan nan nan nan nan 1.355885 1.522501 4.166879 14.589237 25.537024 -1.090279 0.000000 0.927952 102971
car -1 -1 nan nan nan nan nan 0.556349 0.578634 1.763107 -38.173210 -3.775990 -1.748824 0.000000 0.700898 102972
car -1 -1 nan nan nan nan nan 2.175296 3.344356 4.605557 -0.706673 6.116415 -0.641765 0.000000 0.904577 102974
car -1 -1 nan nan nan nan nan 1.411721 1.765884 4.498090 16.718475 18.525179 -1.014297 0.000000 0.945716 102975
car -1 -1 nan nan nan nan nan 1.235784 1.962486 2.261030 12.813000 33.133789 -1.160312 0.000000 0.791255 102976
other-vehicle -1 -1 nan nan nan nan nan 0.457106 0.213745 0.265017 13.791549 -38.621471 -0.894386 0.000000 0.639615 102980
car -1 -1 nan nan nan nan nan 0.729863 0.997768 2.772352 11.777340 -27.862293 -0.404837 0.000000 0.881930 102982
truck -1 -1 nan nan nan nan nan 1.783656 2.212621 4.411169 29.509927 9.055225 -0.371288 0.000000 0.791299 102983
motorcycle -1 -1 nan nan nan nan nan 1.388220 2.002011 1.760199 -10.558931 11.725437 -1.212049 0.000000 0.915782 102965
person -1 -1 nan nan nan nan nan 1.421078 0.594466 0.625109 18.581861 -14.187653 -0.689436 0.000000 0.943598 102960
person -1 -1 nan nan nan nan nan 1.720947 0.499731 0.760153 8.067457 -20.776542 -0.318212 0.000000 0.872383 102968
