car -1 -1 nan nan nan nan nan 1.400363 1.759757 4.175188 -1.862989 -2.880226 -1.126736 0.000000 0.960935 100740
car -1 -1 nan nan nan nan nan 0.216284 1.413018 1.092823 45.579485 -2.942536 0.243348 0.000000 0.654849 100742
car -1 -1 nan nan nan nan nan 1.318153 1.716054 3.351402 20.572935 -2.866069 -0.868386 0.000000 0.917480 100744
car -1 -1 nan nan nan nan nan 1.138230 1.513671 1.273937 -46.797068 -10.336992 -1.333179 0.000000 0.864861 100745
car -1 -1 nan nan nan nan nan 1.414953 1.614122 3.730234 10.516047 -2.934160 -0.973394 0.000000 0.964205 100747
car -1 -1 nan nan nan nan nan 1.283461 2.035261 3.895445 -23.519841 -3.165146 -1.495598 0.000000 0.943463 100749
car -1 -1 nan nan nan nan nan 0.894019 0.548014 1.381802 35.966276 -2.206028 -0.983457 0.000000 0.787533 100750
car -1 -1 nan nan nan nan nan 1.426199 1.547004 3.492197 -13.663911 -3.136295 -1.278825 0.000000 0.952986 100751
car -1 -1 nan nan nan nan nan 0.780913 2.631094 1.344499 16.150825 -7.019745 -0.435136 0.000000 0.789054 100752
car -1 -1 nan nan nan nan nan 1.177705 1.558094 3.265940 -29.800412 -3.047938 -1.534246 0.000000 0.931297 100753
car -1 -1 nan nan nan nan nan 1.708033 2.025809 4.693926 -7.665827 -3.126647 -1.060247 0.000000 0.967546 100754
car -1 -1 nan nan nan nan nan 1.881911 2.030529 4.888445 3.623294 -2.841425 -0.763384 0.000000 0.943771 100755
car -1 -1 nan nan nan nan nan 1.255902 1.304040 3.427889 27.039556 -2.543052 -0.784363 0.000000 0.900394 100756
car -1 -1 nan nan nan nan nan 1.544930 1.690026 0.621197 42.525286 -2.934038 0.087023 0.000000 0.741348 100758
person -1 -1 nan nan nan nan nan 0.640920 0.200828 0.417204 -18.229346 -10.029020 -1.290029 0.000000 0.829116 100746
