car -1 -1 nan nan nan nan nan 1.297828 2.535477 3.749858 -17.313036 27.253157 -1.870199 0.000000 0.923789 106498
car -1 -1 nan nan nan nan nan 0.567150 1.028955 0.901569 41.565027 -22.219144 -0.742493 0.000000 0.777276 106499
car -1 -1 nan nan nan nan nan 1.540116 3.267138 3.350363 13.465557 14.861831 -1.436078 0.000000 0.921443 106503
other-vehicle -1 -1 nan nan nan nan nan 0.855016 0.483873 0.455669 46.827440 7.741452 -0.883819 0.000000 0.806587 106505
car -1 -1 nan nan nan nan nan 1.350903 1.771894 1.806143 26.052068 -26.519839 -0.093209 0.000000 0.759779 106510
car -1 -1 nan nan nan nan nan 1.090974 1.629311 0.809170 26.759953 27.339312 -1.575258 0.000000 0.763796 106515
car -1 -1 nan nan nan nan nan 1.348694 3.719982 3.185558 -13.454650 -10.767522 -1.022354 0.000000 0.889948 106517
car -1 -1 nan nan nan nan nan 0.534104 1.207542 1.160446 -21.216747 37.627201 -1.457040 0.000000 0.798808 106518
car -1 -1 nan nan nan nan nan 1.462010 3.450521 2.183809 15.429683 -10.002100 -0.783215 0.000000 0.891257 106519
car -1 -1 nan nan nan nan nan 1.220852 2.409575 2.860975 16.799869 24.528653 -1.704041 0.000000 0.929394 106523
car -1 -1 nan nan nan nan nan 1.542025 2.960100 2.802659 -11.074171 1.620448 -1.008874 0.000000 0.906631 106524
car -1 -1 nan nan nan nan nan 1.265966 1.878901 2.649655 -10.287823 25.709125 -1.670768 0.000000 0.910530 106528
truck -1 -1 nan nan nan nan nan 1.911924 3.643454 4.759357 11.960445 20.337699 -1.371630 0.000000 0.843784 106529
car -1 -1 nan nan nan nan nan 2.078569 3.389732 3.396444 -24.257936 -21.424469 -0.333462 0.000000 0.742041 106530
other-vehicle -1 -1 nan nan nan nan nan 2.071429 2.362026 3.430781 -16.678994 33.852938 -1.131714 0.000000 0.873147 106531
car -1 -1 nan nan nan nan nan 0.729564 0.465118 1.472511 -28.344664 31.131174 -1.529741 0.000000 0.647523 106533
car -1 -1 nan nan nan nan nan 0.835897 2.627721 2.434307 15.129320 -16.756717 -0.389215 0.000000 0.957686 106535
car -1 -1 nan nan nan nan nan 1.440850 3.308511 3.622235 8.724467 -11.079379 -0.812858 0.000000 0.925054 106536
car -1 -1 nan nan nan nan nan 1.392025 1.526039 2.022400 -6.784026 22.258724 -1.664291 0.000000 0.823896 106539
car -1 -1 nan nan nan nan nan 1.390326 2.923723 2.624358 -13.042481 14.513070 -1.531237 0.000000 0.947736 106540
car -1 -1 nan nan nan nan nan 0.495016 0.585497 0.503603 31.444846 28.627767 -2.164996 0.000000 0.683277 106541
car -1 -1 nan nan nan nan nan 1.427273 2.256658 2.311394 -16.516352 -14.539387 -0.970392 0.000000 0.911554 106542
car -1 -1 nan nan nan nan nan 0.594886 1.358112 2.240206 -32.418647 -33.512995 -0.160183 0.000000 0.690449 106543
car -1 -1 nan nan nan nan nan 2.359515 4.891307 4.466587 -12.230449 3.953587 -0.541200 0.000000 0.888847 106544
car -1 -1 nan nan nan nan nan 1.409044 2.135023 1.906881 -12.705962 28.223262 -1.695304 0.000000 0.746453 106545
car -1 -1 nan nan nan nan nan 0.502812 1.597101 1.147329 17.988994 -19.175775 -0.088157 0.000000 0.794607 106548
car -1 -1 nan nan nan nan nan 1.050277 0.711252 1.205988 -15.537593 30.874314 -1.861278 0.000000 0.770194 106549
other-vehicle -1 -1 nan nan nan nan nan 0.266829 0.731861 1.053125 -19.458699 34.701151 -1.927497 0.000000 0.709240 106552
car -1 -1 nan nan nan nan nan 1.400570 3.020832 3.854564 -4.109239 21.332590 -1.571810 0.000000 0.942027 106555
car -1 -1 nan nan nan nan nan 1.390234 3.532798 2.333138 -19.374491 -1.541039 -1.096580 0.000000 0.926790 106558
car -1 -1 nan nan nan nan nan 1.028756 2.774265 1.948637 -21.418538 22.272905 -1.867862 0.000000 0.805778 106568
bicycle -1 -1 nan nan nan nan nan 0.221030 0.210152 0.203871 6.414198 -15.840325 -0.450587 0.000000 0.239001 106502
bicyclist -1 -1 nan nan nan nan nan 0.615073 0.735867 0.355888 49.867222 -6.250158 -0.804209 0.000000 0.830974 106514
bicycle -1 -1 nan nan nan nan nan 0.298991 0.721760 0.743202 28.109110 40.302073 -1.849113 0.000000 0.780097 106521
bicyclist -1 -1 nan nan nan nan nan 1.110978 0.380341 0.471848 26.953707 35.478470 -1.773841 0.000000 0.911801 106538
bicyclist -1 -1 nan nan nan nan nan 0.798999 0.696110 0.757133 24.778595 37.085810 -1.126221 0.000000 0.879630 106554
person -1 -1 nan nan nan nan nan 1.162990 0.578883 0.461575 35.828493 16.159966 -1.195565 0.000000 0.797055 106512
person -1 -1 nan nan nan nan nan 0.878296 0.937229 0.746185 -27.228830 23.419569 -1.608592 0.000000 0.861323 106520
person -1 -1 nan nan nan nan nan 0.665990 0.394281 0.317333 16.236460 -22.153018 0.149828 0.000000 0.898717 106522
person -1 -1 nan nan nan nan nan 0.708004 0.269938 0.605217 13.727241 -13.520235 -0.299809 0.000000 0.886904 106546
person -1 -1 nan nan nan nan nan 1.089961 0.331406 0.368641 -36.428518 -25.208557 -0.401800 0.000000 0.862425 106550
person -1 -1 nan nan nan nan nan 1.599098 0.815016 0.608084 -25.026200 21.935910 -1.476235 0.000000 0.307727 106551
person -1 -1 nan nan nan nan nan 1.148920 0.445215 0.564863 -22.214227 17.135715 -1.275660 0.000000 0.856691 106566
