car -1 -1 nan nan nan nan nan 1.207695 3.275816 1.965565 -2.113365 23.835498 -1.303809 0.000000 0.890599 107788
car -1 -1 nan nan nan nan nan 0.282783 0.446583 0.221966 44.188684 -13.475373 -0.307574 0.000000 0.632112 107789
car -1 -1 nan nan nan nan nan 1.491335 3.930195 2.131816 -16.941405 -32.651960 -0.392421 0.000000 0.800214 107790
car -1 -1 nan nan nan nan nan 0.909278 1.058717 0.646027 -47.419987 9.991181 -1.865091 0.000000 0.774768 107791
car -1 -1 nan nan nan nan nan 1.339858 2.352514 1.649542 -29.913436 15.083201 -1.562514 0.000000 0.916050 107797
car -1 -1 nan nan nan nan nan 0.243979 0.299150 0.473568 38.974634 4.376970 -0.931619 0.000000 0.814949 107798
car -1 -1 nan nan nan nan nan 1.200652 1.330249 1.517272 1.034049 8.063904 -0.651635 0.000000 0.814029 107799
car -1 -1 nan nan nan nan nan 1.205194 4.125689 1.841812 -13.265944 -17.884412 -1.110654 0.000000 0.820273 107800
car -1 -1 nan nan nan nan nan 1.479185 2.726290 2.122351 29.181376 -10.614122 -0.585440 0.000000 0.951727 107801
other-vehicle -1 -1 nan nan nan nan nan 2.104174 1.998054 1.222744 -35.066256 1.606507 -0.555791 0.000000 0.746539 107802
car -1 -1 nan nan nan nan nan 1.286822 2.466564 2.064122 0.973439 36.255045 -1.370244 0.000000 0.795130 107804
other-vehicle -1 -1 nan nan nan nan nan 2.117517 4.050812 2.350117 -39.731924 18.361439 -0.979702 0.000000 0.884191 107806
car -1 -1 nan nan nan nan nan 1.221894 2.313297 3.264212 -26.442777 4.016741 -1.479302 0.000000 0.913583 107808
car -1 -1 nan nan nan nan nan 0.643242 0.633583 1.022135 3.673483 49.671444 -1.701523 0.000000 0.683240 107810
car -1 -1 nan nan nan nan nan 1.363380 4.202361 2.128788 -22.218727 14.733040 -1.346221 0.000000 0.966882 107814
truck -1 -1 nan nan nan nan nan 1.981234 4.787123 3.037492 -8.202657 22.299092 -1.119921 0.000000 0.868613 107816
other-vehicle -1 -1 nan nan nan nan nan 0.824670 0.768467 1.781670 -36.448933 6.939752 -1.478879 0.000000 0.723620 107817
car -1 -1 nan nan nan nan nan 1.573377 4.002443 2.442804 -3.453878 18.533004 -1.274050 0.000000 0.910436 107818
other-vehicle -1 -1 nan nan nan nan nan 0.570432 1.365534 1.112659 -43.549398 14.402662 -1.895717 0.000000 0.758714 107820
car -1 -1 nan nan nan nan nan 1.446775 4.112021 2.231360 6.042157 -6.393409 -0.950162 0.000000 0.929793 107821
car -1 -1 nan nan nan nan nan 0.781599 1.852533 1.037292 -6.953773 27.370677 -1.118825 0.000000 0.561695 107822
car -1 -1 nan nan nan nan nan 1.217132 4.459339 1.282005 39.431133 -0.251978 -0.715726 0.000000 0.893189 107823
car -1 -1 nan nan nan nan nan 0.563083 2.892492 1.983877 -14.551025 -22.527944 -0.767412 0.000000 0.890651 107824
car -1 -1 nan nan nan nan nan 1.341693 2.275379 3.273676 -23.304868 -13.435990 -1.259612 0.000000 0.936957 107825
car -1 -1 nan nan nan nan nan 0.538488 1.071465 0.249519 -45.332478 19.015615 -1.162821 0.000000 0.711511 107826
car -1 -1 nan nan nan nan nan 1.284617 2.282562 2.881771 30.680464 -6.534114 -0.681617 0.000000 0.687678 107828
other-vehicle -1 -1 nan nan nan nan nan 1.441568 1.083179 1.911100 -22.550111 -0.774877 -0.786785 0.000000 0.547335 107829
car -1 -1 nan nan nan nan nan 1.077083 2.017567 1.400322 -33.123116 15.778641 -1.325731 0.000000 0.787510 107830
car -1 -1 nan nan nan nan nan 1.449197 2.970978 2.013086 -17.561393 -5.958853 -1.089782 0.000000 0.910600 107832
car -1 -1 nan nan nan nan nan 1.441120 1.841121 1.451923 -25.095339 14.017409 -1.461174 0.000000 0.837686 107833
other-vehicle -1 -1 nan nan nan nan nan 0.837845 0.657547 0.547596 46.326597 2.919835 -0.858392 0.000000 0.758106 107834
car -1 -1 nan nan nan nan nan 2.502956 5.880614 3.654020 -19.595130 -4.829637 -0.526953 0.000000 0.784798 107836
car -1 -1 nan nan nan nan nan 0.219328 0.672340 1.145336 31.198076 -13.251935 -0.175135 0.000000 0.695902 107837
car -1 -1 nan nan nan nan nan 0.834775 1.080822 0.497608 -42.293436 17.710798 -1.743007 0.000000 0.811773 107838
other-vehicle -1 -1 nan nan nan nan nan 0.582796 1.113761 0.549122 -32.683031 1.442115 -1.183342 0.000000 0.482898 107839
car -1 -1 nan nan nan nan nan 1.386781 4.347270 2.147230 14.191793 -8.401855 -0.831881 0.000000 0.945896 107840
car -1 -1 nan nan nan nan nan 1.185511 2.332592 1.292608 18.163169 -8.598052 -0.670870 0.000000 0.869404 107842
motorcycle -1 -1 nan nan nan nan nan 1.115070 1.824245 1.507862 -27.709084 -12.876580 -1.278274 0.000000 0.843186 107803
bicyclist -1 -1 nan nan nan nan nan 0.785259 0.792307 1.062798 38.338970 19.283622 -0.774737 0.000000 0.890223 107809
bicyclist -1 -1 nan nan nan nan nan 0.378107 0.380160 0.469555 19.303431 -10.327717 0.081238 0.000000 0.224856 107813
bicycle -1 -1 nan nan nan nan nan 1.039215 0.461382 1.350903 5.931544 -11.590300 -0.651845 0.000000 0.766495 107815
person -1 -1 nan nan nan nan nan 1.145027 0.327794 0.635667 11.990548 -8.413602 -0.573918 0.000000 0.071544 107793
person -1 -1 nan nan nan nan nan 0.611091 0.611868 0.557720 14.509540 30.957221 -0.808845 0.000000 0.818874 107805
person -1 -1 nan nan nan nan nan 1.176380 0.556543 0.294037 -40.235046 4.031042 -1.296325 0.000000 0.829522 107827
