car -1 -1 nan nan nan nan nan 1.282805 2.821121 2.039127 8.587317 22.638119 -1.220446 0.000000 0.921774 107259
car -1 -1 nan nan nan nan nan 0.631866 0.622025 0.354389 -39.385832 31.373104 -1.689685 0.000000 0.698870 107262
car -1 -1 nan nan nan nan nan 0.521015 0.725121 0.694649 46.268879 7.982670 -1.040035 0.000000 0.811043 107264
car -1 -1 nan nan nan nan nan 1.315489 1.357162 1.515779 -16.550803 19.015919 -1.244422 0.000000 0.849346 107267
other-vehicle -1 -1 nan nan nan nan nan 1.530342 2.571865 3.560796 0.610873 42.993773 -0.440544 0.000000 0.883346 107268
car -1 -1 nan nan nan nan nan 1.384954 2.864492 2.539927 24.538173 -11.024959 -1.033696 0.000000 0.851091 107270
car -1 -1 nan nan nan nan nan 1.307580 4.137620 2.491252 -13.202653 -14.622730 -1.115207 0.000000 0.921178 107275
car -1 -1 nan nan nan nan nan 1.490649 4.111348 2.534227 -14.331533 -1.242079 -0.953483 0.000000 0.852805 107278
car -1 -1 nan nan nan nan nan 0.899927 0.458364 0.657635 -27.221022 24.771085 -1.183598 0.000000 0.689884 107279
car -1 -1 nan nan nan nan nan 1.190379 2.776517 2.979624 -20.237506 9.959671 -1.243665 0.000000 0.893563 107281
car -1 -1 nan nan nan nan nan 1.268992 3.346753 2.452181 15.795014 -12.137355 -0.936671 0.000000 0.905146 107282
car -1 -1 nan nan nan nan nan 1.069009 1.173834 0.601906 -39.140652 21.354808 -1.222221 0.000000 0.722207 107283
car -1 -1 nan nan nan nan nan 1.826993 3.242573 2.783358 -20.513173 -27.667616 -0.395074 0.000000 0.870245 107285
truck -1 -1 nan nan nan nan nan 1.949532 4.286604 3.961153 2.069359 22.645263 -0.962933 0.000000 0.868898 107286
car -1 -1 nan nan nan nan nan 1.318949 3.065643 2.385867 5.506116 28.002842 -1.367998 0.000000 0.909039 107288
car -1 -1 nan nan nan nan nan 1.616605 3.489679 3.201818 5.592552 17.856469 -1.206239 0.000000 0.915701 107290
car -1 -1 nan nan nan nan nan 1.418832 3.785379 2.910751 8.214513 -8.402512 -1.015182 0.000000 0.967778 107291
car -1 -1 nan nan nan nan nan 0.834583 1.376389 1.300663 -35.275564 29.490698 -0.832721 0.000000 0.761552 107293
car -1 -1 nan nan nan nan nan 1.379565 2.091608 2.043856 -20.952613 21.388270 -1.248201 0.000000 0.845441 107295
other-vehicle -1 -1 nan nan nan nan nan 0.722501 1.368580 1.839018 -31.394032 22.949280 -1.602405 0.000000 0.784354 107297
car -1 -1 nan nan nan nan nan 1.348145 2.654444 3.224611 -21.627362 -7.490726 -1.091045 0.000000 0.940164 107298
car -1 -1 nan nan nan nan nan 1.031488 2.337450 2.365483 -15.388387 -18.481778 -0.977931 0.000000 0.913876 107300
other-vehicle -1 -1 nan nan nan nan nan 0.765160 1.363340 1.128401 -32.058305 27.499343 -1.499687 0.000000 0.791957 107301
car -1 -1 nan nan nan nan nan 0.858862 1.825700 1.555944 19.416512 -13.577203 -0.710964 0.000000 0.810893 107302
car -1 -1 nan nan nan nan nan 1.382879 2.098833 1.343559 -24.037815 22.997870 -1.176652 0.000000 0.816174 107303
car -1 -1 nan nan nan nan nan 1.458549 3.664316 3.074051 -13.622941 19.071691 -1.248522 0.000000 0.965868 107305
other-vehicle -1 -1 nan nan nan nan nan 1.898317 3.511213 3.058662 -29.227993 27.160651 -0.596702 0.000000 0.951684 107306
car -1 -1 nan nan nan nan nan 1.451032 2.538881 1.672777 29.358357 -18.501079 -0.785242 0.000000 0.830255 107308
car -1 -1 nan nan nan nan nan 2.468985 5.741418 3.627831 -16.331240 -0.258353 -0.441586 0.000000 0.898822 107309
car -1 -1 nan nan nan nan nan 0.850518 1.252015 0.657560 -26.959107 9.173140 -1.097562 0.000000 0.895043 107311
car -1 -1 nan nan nan nan nan 1.123140 1.347481 1.673381 14.150814 33.196445 -1.327391 0.000000 0.878401 107317
car -1 -1 nan nan nan nan nan 0.792759 1.981603 0.670574 41.516985 -12.485377 -1.313592 0.000000 0.729677 107318
car -1 -1 nan nan nan nan nan 1.076642 2.282636 0.587692 42.788990 -10.348329 -0.947506 0.000000 0.782312 107319
bicycle -1 -1 nan nan nan nan nan 0.828990 0.741314 1.453153 6.926103 -13.476831 -0.891074 0.000000 0.799899 107263
motorcycle -1 -1 nan nan nan nan nan 0.981610 1.504617 1.433018 -25.748726 -6.094252 -1.160232 0.000000 0.902318 107265
bicyclist -1 -1 nan nan nan nan nan 0.263980 0.297700 0.318974 42.946695 -6.602287 -1.056020 0.000000 0.837179 107273
bicyclist -1 -1 nan nan nan nan nan 0.632082 0.509708 0.451973 19.674232 -16.622683 -0.145478 0.000000 0.769889 107289
motorcycle -1 -1 nan nan nan nan nan 0.246149 0.543362 0.461735 19.712500 34.715494 -1.715289 0.000000 0.844183 107299
person -1 -1 nan nan nan nan nan 1.298213 0.551245 0.379611 -14.265758 -27.688516 0.000720 0.000000 0.885166 107269
person -1 -1 nan nan nan nan nan 1.682598 1.309376 1.037868 -36.111109 13.914059 -0.653382 0.000000 0.840651 107271
person -1 -1 nan nan nan nan nan 1.101189 1.509929 1.033688 -29.330317 10.096650 -0.945890 0.000000 0.855678 107284
person -1 -1 nan nan nan nan nan 0.828991 0.525064 0.534412 13.568624 -10.995718 -0.571081 0.000000 0.178860 107307
person -1 -1 nan nan nan nan nan 1.313860 0.516671 0.293552 -33.682142 13.655595 -0.919648 0.000000 0.941943 107310
