car -1 -1 nan nan nan nan nan 1.541595 2.416476 2.921811 -9.346728 3.658319 -1.035125 0.000000 0.903928 105630
car -1 -1 nan nan nan nan nan 1.389762 3.088652 3.519108 36.341726 -31.325177 -0.334421 0.000000 0.739670 105631
car -1 -1 nan nan nan nan nan 0.890904 1.270578 1.802673 -37.555939 -26.679927 -0.297449 0.000000 0.664338 105633
car -1 -1 nan nan nan nan nan 0.834170 0.857124 1.023162 -15.804650 44.526222 -2.587299 0.000000 0.726388 105634
car -1 -1 nan nan nan nan nan 1.585867 1.839676 2.056392 16.338223 11.128972 -1.385033 0.000000 0.880923 105636
car -1 -1 nan nan nan nan nan 1.352763 1.606874 1.620682 -1.460878 22.946624 -1.760145 0.000000 0.867097 105637
car -1 -1 nan nan nan nan nan 1.505068 3.711004 2.594084 6.225974 -1.430258 -0.959473 0.000000 0.924430 105640
car -1 -1 nan nan nan nan nan 0.920474 1.610750 2.197559 21.351059 -31.430903 0.137794 0.000000 0.856790 105641
car -1 -1 nan nan nan nan nan 1.353458 2.888656 3.853127 -14.136766 -7.935213 -0.999044 0.000000 0.932507 105642
car -1 -1 nan nan nan nan nan 1.214100 1.808922 3.240650 22.360830 20.513332 -1.717874 0.000000 0.918915 105644
car -1 -1 nan nan nan nan nan 1.324297 3.119461 2.582650 -9.007546 16.648775 -1.579627 0.000000 0.959208 105645
car -1 -1 nan nan nan nan nan 1.471345 2.739383 3.919591 7.376903 -12.809206 -0.740719 0.000000 0.939984 105647
car -1 -1 nan nan nan nan nan 0.729935 0.669697 1.586447 -20.639680 35.775087 -1.742033 0.000000 0.833561 105648
car -1 -1 nan nan nan nan nan 1.522765 2.159729 2.199711 -5.723422 29.935396 -1.890429 0.000000 0.734276 105652
car -1 -1 nan nan nan nan nan 0.338193 0.617855 0.983631 15.160465 -22.179054 -0.001209 0.000000 0.853490 105653
truck -1 -1 nan nan nan nan nan 1.925805 3.407228 5.045872 16.838074 17.430473 -1.264072 0.000000 0.831037 105654
car -1 -1 nan nan nan nan nan 2.279205 3.307899 3.779678 -26.995800 -16.579752 -0.191255 0.000000 0.869206 105656
other-vehicle -1 -1 nan nan nan nan nan 1.044070 1.379442 1.442928 3.781517 -16.612679 -0.338739 0.000000 0.785939 105658
car -1 -1 nan nan nan nan nan 1.268533 3.119465 3.375902 -6.971712 24.863937 -1.853347 0.000000 0.910878 105661
car -1 -1 nan nan nan nan nan 0.554990 0.696360 1.245983 37.853815 21.716939 -2.024679 0.000000 0.495079 105662
car -1 -1 nan nan nan nan nan 1.456116 1.742373 1.979187 -18.024855 -10.940580 -0.971196 0.000000 0.839754 105663
car -1 -1 nan nan nan nan nan 1.382324 3.677552 2.717333 -18.461154 2.006181 -1.175045 0.000000 0.943242 105664
car -1 -1 nan nan nan nan nan 1.000972 0.979015 1.275999 -13.058952 40.653997 -1.925786 0.000000 0.716325 105665
car -1 -1 nan nan nan nan nan 0.881503 3.171394 4.037045 11.949635 -19.912714 -0.267976 0.000000 0.910445 105669
car -1 -1 nan nan nan nan nan 1.327407 3.273893 1.550168 -15.411243 25.901292 -1.834913 0.000000 0.868918 105670
car -1 -1 nan nan nan nan nan 1.268081 1.646877 2.963355 -3.829797 26.932819 -1.786777 0.000000 0.883167 105672
car -1 -1 nan nan nan nan nan 2.456831 2.910684 4.331182 -9.835111 6.713257 -0.576910 0.000000 0.850828 105673
car -1 -1 nan nan nan nan nan 1.308469 1.365222 1.305525 -10.956428 4.563274 -0.046108 0.000000 0.598530 105675
car -1 -1 nan nan nan nan nan 1.403698 2.325544 4.178442 1.283729 21.353211 -1.671144 0.000000 0.916456 105683
motorcycle -1 -1 nan nan nan nan nan 1.108702 1.214032 1.646500 -21.319725 4.881722 -1.331170 0.000000 0.923090 105643
motorcycle -1 -1 nan nan nan nan nan 0.661929 0.643656 0.588213 -30.108821 -21.431523 -0.887172 0.000000 0.867635 105651
bicyclist -1 -1 nan nan nan nan nan 0.515999 0.796232 0.831238 32.817112 31.258777 -0.994540 0.000000 0.808143 105666
bicycle -1 -1 nan nan nan nan nan 0.678957 0.281379 0.222153 -13.089682 12.627121 -1.469183 0.000000 0.752233 105667
person -1 -1 nan nan nan nan nan 1.160011 0.243088 0.392208 36.390799 29.475239 -1.867996 0.000000 0.858975 105632
person -1 -1 nan nan nan nan nan 1.572003 0.486898 0.525900 -19.134496 26.261718 -1.612263 0.000000 0.864318 105638
person -1 -1 nan nan nan nan nan 0.846046 0.347513 0.319683 -39.580652 -17.897101 -0.274015 0.000000 0.751552 105649
person -1 -1 nan nan nan nan nan 1.528933 0.655227 0.711150 12.581254 -14.528570 -0.706843 0.000000 0.866921 105659
person -1 -1 nan nan nan nan nan 1.461015 0.672886 0.687531 11.291904 -23.899509 0.090115 0.000000 0.895124 105668
