car -1 -1 nan nan nan nan nan 1.322942 3.196917 2.387250 -9.353521 16.482722 -1.555258 0.000000 0.953573 105876
car -1 -1 nan nan nan nan nan 0.870779 0.605394 0.948181 38.063427 -29.361938 -0.600860 0.000000 0.648584 105877
other-vehicle -1 -1 nan nan nan nan nan 0.686998 0.539589 0.737175 3.922756 -16.366236 -0.483086 0.000000 0.729554 105880
car -1 -1 nan nan nan nan nan 0.554864 0.598476 1.427332 -17.255933 44.342340 -2.424235 0.000000 0.735900 105881
car -1 -1 nan nan nan nan nan 1.492876 1.933760 3.344190 16.863428 11.534706 -1.423938 0.000000 0.888021 105883
car -1 -1 nan nan nan nan nan 0.702289 1.609671 2.153681 -17.906371 -11.236002 -0.597387 0.000000 0.860398 105884
car -1 -1 nan nan nan nan nan 0.966022 0.782463 1.430091 -8.693489 32.904037 -1.783228 0.000000 0.769714 105889
car -1 -1 nan nan nan nan nan 0.333604 1.521727 1.343958 15.053777 -22.259805 0.006690 0.000000 0.848172 105890
car -1 -1 nan nan nan nan nan 1.546810 2.436305 2.890697 -9.600172 3.454137 -1.026167 0.000000 0.888725 105892
car -1 -1 nan nan nan nan nan 1.385396 2.714706 4.484181 0.853869 21.558456 -1.654250 0.000000 0.951699 105894
car -1 -1 nan nan nan nan nan 1.228137 1.871260 3.114948 21.773376 21.009360 -1.724672 0.000000 0.935766 105896
car -1 -1 nan nan nan nan nan 0.473121 1.559351 0.264416 31.986006 22.131057 -1.276401 0.000000 0.673416 105897
car -1 -1 nan nan nan nan nan 1.503479 3.632077 2.003941 8.897047 -4.805054 -0.931316 0.000000 0.900485 105899
car -1 -1 nan nan nan nan nan 1.333359 2.895662 3.413987 -8.723734 26.249398 -1.819366 0.000000 0.931848 105901
car -1 -1 nan nan nan nan nan 0.485365 0.660378 0.865326 -21.171242 35.257057 -1.595478 0.000000 0.693045 105902
car -1 -1 nan nan nan nan nan 0.896802 0.858294 1.183576 -15.829818 18.801919 -1.465651 0.000000 0.481551 105903
car -1 -1 nan nan nan nan nan 1.308745 3.199162 1.724905 -16.052526 25.522884 -1.810814 0.000000 0.888267 105904
truck -1 -1 nan nan nan nan nan 1.918537 3.791759 4.947848 16.350123 17.978668 -1.260806 0.000000 0.865767 105906
other-vehicle -1 -1 nan nan nan nan nan 0.498003 0.720042 0.353899 -9.822268 10.179325 -0.326349 0.000000 0.119806 105907
car -1 -1 nan nan nan nan nan 2.276241 2.932452 3.804367 -26.746918 -16.810076 -0.200144 0.000000 0.741671 105908
car -1 -1 nan nan nan nan nan 1.358406 3.293563 3.333347 -14.098123 -8.411885 -1.007014 0.000000 0.940066 105910
car -1 -1 nan nan nan nan nan 1.392192 2.834936 3.807374 7.544619 -12.668551 -0.791411 0.000000 0.895683 105911
car -1 -1 nan nan nan nan nan 1.392140 1.768837 2.954450 -4.520956 26.796062 -1.840949 0.000000 0.921946 105912
car -1 -1 nan nan nan nan nan 1.463831 3.534924 2.580790 -18.635833 1.698038 -1.111106 0.000000 0.922569 105914
car -1 -1 nan nan nan nan nan 0.303016 0.569637 0.548420 36.837339 22.326569 -2.103776 0.000000 0.660213 105915
car -1 -1 nan nan nan nan nan 0.715382 2.912958 3.691007 12.230016 -19.490714 -0.324404 0.000000 0.917996 105916
other-vehicle -1 -1 nan nan nan nan nan 1.554048 1.486076 2.423362 -9.944861 35.783863 -1.065416 0.000000 0.926183 105918
car -1 -1 nan nan nan nan nan 1.400338 2.056822 2.090350 -6.337169 29.873403 -1.818829 0.000000 0.840218 105920
car -1 -1 nan nan nan nan nan 2.478154 3.149447 4.767780 -10.300880 6.459911 -0.563290 0.000000 0.917000 105921
car -1 -1 nan nan nan nan nan 1.182670 1.424500 2.103912 21.954885 -30.852705 0.013258 0.000000 0.779396 105922
car -1 -1 nan nan nan nan nan 1.337471 0.602889 1.061942 -11.139163 4.595742 -0.049260 0.000000 0.698951 105932
car -1 -1 nan nan nan nan nan 0.246099 1.269911 0.407715 35.443642 -31.603124 -0.895436 0.000000 0.781824 105934
car -1 -1 nan nan nan nan nan 0.487878 0.446888 0.520057 -13.820612 40.111025 -1.656152 0.000000 0.816969 105939
car -1 -1 nan nan nan nan nan 1.473547 1.565361 1.846292 -1.931001 22.939844 -1.697499 0.000000 0.914855 105940
motorcycle -1 -1 nan nan nan nan nan 1.018314 1.103244 1.556097 -21.476274 4.383246 -1.269996 0.000000 0.915870 105887
bicyclist -1 -1 nan nan nan nan nan 0.818069 0.665359 1.083488 32.013069 31.963161 -1.143370 0.000000 0.455664 105895
motorcycle -1 -1 nan nan nan nan nan 0.667069 0.396006 0.235420 -13.374593 12.337247 -1.585551 0.000000 0.874716 105913
person -1 -1 nan nan nan nan nan 1.024757 0.447840 0.297256 -20.884418 -20.025836 0.675130 0.000000 0.769609 105898
person -1 -1 nan nan nan nan nan 1.536851 0.520615 0.666273 12.586433 -14.864913 -0.709137 0.000000 0.949836 105900
person -1 -1 nan nan nan nan nan 1.295888 0.851152 0.686749 12.160266 -24.167947 -0.016711 0.000000 0.932491 105917
person -1 -1 nan nan nan nan nan 1.159053 0.351160 0.521961 35.126665 30.180057 -1.850618 0.000000 0.860012 105919
person -1 -1 nan nan nan nan nan 0.546097 0.245110 0.229958 -39.291256 -18.751455 -0.142818 0.000000 0.829419 105924
person -1 -1 nan nan nan nan nan 1.389708 0.638548 0.608927 -19.819930 25.921189 -1.510014 0.000000 0.928447 105925
person -1 -1 nan nan nan nan nan 0.349980 0.213010 0.294700 -7.914058 5.449094 -1.079292 0.000000 0.125657 105929
person -1 -1 nan nan nan nan nan 0.395572 0.326458 0.623108 -21.821878 26.723293 -0.687413 0.000000 0.702163 105933
