car -1 -1 nan nan nan nan nan 1.511375 2.475637 2.594623 -9.562030 3.378873 -0.997541 0.000000 0.926084 105945
other-vehicle -1 -1 nan nan nan nan nan 1.518642 1.896965 1.298134 48.978092 -0.980533 -0.936159 0.000000 0.763794 105950
car -1 -1 nan nan nan nan nan 1.510062 2.989389 3.327477 16.681778 12.241838 -1.444674 0.000000 0.913691 105952
car -1 -1 nan nan nan nan nan 1.436087 1.812201 3.049089 -4.762029 26.810964 -1.739505 0.000000 0.880093 105954
car -1 -1 nan nan nan nan nan 1.465817 3.685673 2.023406 9.511641 -5.600672 -0.936975 0.000000 0.865252 105956
car -1 -1 nan nan nan nan nan 1.430288 3.225871 3.388177 -14.072564 -8.495650 -0.972275 0.000000 0.936518 105959
car -1 -1 nan nan nan nan nan 1.184212 1.344259 1.985744 22.292221 -30.598519 0.012890 0.000000 0.707682 105960
car -1 -1 nan nan nan nan nan 1.361632 3.526838 2.864903 -9.802555 16.323525 -1.554202 0.000000 0.937102 105962
other-vehicle -1 -1 nan nan nan nan nan 1.968181 1.581177 2.669302 -10.230461 35.678387 -1.051427 0.000000 0.887125 105966
car -1 -1 nan nan nan nan nan 0.359990 0.291393 0.444832 22.760672 21.963280 -2.170931 0.000000 0.111552 105967
car -1 -1 nan nan nan nan nan 1.478983 2.739172 4.447426 0.597608 21.562161 -1.593749 0.000000 0.941302 105970
car -1 -1 nan nan nan nan nan 0.522319 1.326021 1.265806 15.522681 -22.050422 -0.088410 0.000000 0.756643 105971
car -1 -1 nan nan nan nan nan 0.576089 0.838772 1.055198 -16.086325 18.636122 -1.457045 0.000000 0.427318 105972
car -1 -1 nan nan nan nan nan 2.297221 3.064981 3.753574 -26.636105 -17.118890 -0.206002 0.000000 0.873242 105974
truck -1 -1 nan nan nan nan nan 2.057282 3.455505 4.998408 16.092530 17.972450 -1.332458 0.000000 0.843936 105975
car -1 -1 nan nan nan nan nan 1.206684 3.638554 1.535735 -16.271218 25.663137 -1.735668 0.000000 0.860171 105976
truck -1 -1 nan nan nan nan nan 1.096689 0.341730 0.486288 -25.834786 -24.447116 0.463061 0.000000 0.141119 105977
car -1 -1 nan nan nan nan nan 0.667871 1.480574 0.775192 31.966080 22.390189 -1.390066 0.000000 0.745201 105978
car -1 -1 nan nan nan nan nan 0.797773 1.131737 1.605299 -14.346926 40.386238 -1.553184 0.000000 0.822641 105980
car -1 -1 nan nan nan nan nan 0.260669 1.279070 0.571445 35.794401 -31.161288 -0.900778 0.000000 0.821073 105981
car -1 -1 nan nan nan nan nan 1.380174 2.837600 3.675969 7.557470 -12.569928 -0.787289 0.000000 0.925354 105983
car -1 -1 nan nan nan nan nan 1.308517 3.045364 3.357884 -9.323048 26.609430 -1.822839 0.000000 0.933645 105985
car -1 -1 nan nan nan nan nan 1.276322 1.901226 2.870689 -18.133343 -11.496225 -0.891291 0.000000 0.896766 105987
car -1 -1 nan nan nan nan nan 1.333492 0.398569 0.363441 -39.127575 -19.108006 -0.557704 0.000000 0.497949 105988
car -1 -1 nan nan nan nan nan 1.435831 3.595774 2.592146 -18.666854 1.473607 -1.076357 0.000000 0.946548 105989
car -1 -1 nan nan nan nan nan 1.109229 1.330070 1.496433 -36.648020 -27.858503 -0.225236 0.000000 0.880464 105991
car -1 -1 nan nan nan nan nan 0.878799 1.350626 1.694305 -41.939381 -21.129071 -0.914999 0.000000 0.903009 105992
car -1 -1 nan nan nan nan nan 0.868648 3.093731 3.896889 12.406114 -19.458069 -0.400922 0.000000 0.874684 105993
car -1 -1 nan nan nan nan nan 0.978078 0.722378 1.162271 -9.121449 32.700026 -1.785377 0.000000 0.774044 105994
car -1 -1 nan nan nan nan nan 1.418097 2.059090 1.277501 -7.246984 29.759809 -1.829927 0.000000 0.866769 105997
car -1 -1 nan nan nan nan nan 1.459085 1.472164 2.102319 -2.071278 22.894735 -1.680076 0.000000 0.857584 105999
car -1 -1 nan nan nan nan nan 2.440192 2.904621 4.746942 -10.426287 6.489505 -0.537786 0.000000 0.933976 106000
car -1 -1 nan nan nan nan nan 1.376781 1.505296 1.848830 -11.650159 4.043012 -0.027205 0.000000 0.711896 106008
car -1 -1 nan nan nan nan nan 1.182000 1.120626 2.110659 20.996530 20.868669 -1.708554 0.000000 0.905522 106009
car -1 -1 nan nan nan nan nan 0.281647 0.545612 0.286995 -35.368107 -29.181440 -0.316496 0.000000 0.717707 106011
car -1 -1 nan nan nan nan nan 0.590553 0.823238 1.576027 -17.637671 44.186998 -2.187984 0.000000 0.734928 106013
bicycle -1 -1 nan nan nan nan nan 0.434890 0.323278 0.351217 8.146707 -22.222888 -0.334769 0.000000 0.451284 105951
motorcycle -1 -1 nan nan nan nan nan 1.169926 1.909641 1.459543 -21.499101 4.545753 -1.198481 0.000000 0.952158 105964
bicycle -1 -1 nan nan nan nan nan 1.030068 1.141969 1.108670 4.229607 -16.370521 -0.435695 0.000000 0.861596 105973
bicyclist -1 -1 nan nan nan nan nan 0.817128 0.691566 1.173914 31.657058 32.301968 -1.152937 0.000000 0.785426 105984
motorcycle -1 -1 nan nan nan nan nan 0.872893 0.854624 1.152431 38.254786 -28.932782 -0.598712 0.000000 0.794751 106001
person -1 -1 nan nan nan nan nan 1.024893 0.913795 0.444864 -20.813401 -20.475340 0.481089 0.000000 0.889647 105953
person -1 -1 nan nan nan nan nan 0.896586 1.525305 1.210669 -21.996312 27.324006 -1.327777 0.000000 0.842457 105955
person -1 -1 nan nan nan nan nan 1.398037 0.748622 0.559821 12.654127 -14.920577 -0.759125 0.000000 0.933598 105968
person -1 -1 nan nan nan nan nan 0.888000 0.336412 0.249481 40.827572 25.428670 -1.499189 0.000000 0.739354 105979
person -1 -1 nan nan nan nan nan 1.471030 0.716526 0.750155 12.490796 -24.200878 -0.102511 0.000000 0.910808 105995
person -1 -1 nan nan nan nan nan 1.381023 0.495333 0.392864 34.514696 30.527854 -1.961335 0.000000 0.907513 105996
person -1 -1 nan nan nan nan nan 1.369898 0.569511 0.670313 -20.113051 25.614655 -1.495567 0.000000 0.804915 106002
