car -1 -1 nan nan nan nan nan 1.243108 1.605017 3.375439 -27.356850 -17.989863 -1.055685 0.000000 0.912274 108424
truck -1 -1 nan nan nan nan nan 2.110274 3.634217 1.218960 -49.090105 10.241657 -0.396927 0.000000 0.922131 108428
other-vehicle -1 -1 nan nan nan nan nan 0.728875 0.616948 0.643692 38.013687 11.105211 -1.183878 0.000000 0.653566 108430
car -1 -1 nan nan nan nan nan 0.732558 1.534124 0.837696 -39.576914 -5.400365 -0.954482 0.000000 0.849290 108431
car -1 -1 nan nan nan nan nan 1.218325 4.378561 1.760893 -31.666390 9.753550 -1.108719 0.000000 0.965163 108432
car -1 -1 nan nan nan nan nan 0.287045 0.210312 0.586528 13.995115 -5.990738 -0.148174 0.000000 0.489386 108434
car -1 -1 nan nan nan nan nan 0.497941 0.266440 1.125212 26.164639 -4.292212 -1.357389 0.000000 0.803964 108436
car -1 -1 nan nan nan nan nan 1.138461 1.878305 1.038319 41.150728 24.015649 -1.614655 0.000000 0.756505 108437
car -1 -1 nan nan nan nan nan 1.311864 3.893699 1.533331 -13.797191 17.480832 -1.120215 0.000000 0.863141 108441
car -1 -1 nan nan nan nan nan 0.584497 0.734675 1.481067 1.057868 -10.775342 -0.493454 0.000000 0.819551 108442
car -1 -1 nan nan nan nan nan 1.531725 2.977921 1.894152 -23.085683 -9.594656 -0.892834 0.000000 0.878435 108444
car -1 -1 nan nan nan nan nan 1.217274 1.603699 0.942894 33.829704 -1.809550 -1.114125 0.000000 0.616832 108445
car -1 -1 nan nan nan nan nan 1.163570 4.401119 1.141527 32.011104 6.637007 -1.233676 0.000000 0.898599 108447
car -1 -1 nan nan nan nan nan 0.920696 1.302145 1.395824 39.324995 -5.890848 -1.085512 0.000000 0.575689 108448
truck -1 -1 nan nan nan nan nan 1.477108 4.148636 2.058939 -19.267055 19.678207 -0.590066 0.000000 0.889877 108451
car -1 -1 nan nan nan nan nan 1.274487 2.010696 1.613141 -13.701385 21.822237 -1.278992 0.000000 0.908783 108452
car -1 -1 nan nan nan nan nan 1.283524 1.989381 3.555830 -33.738469 -1.471645 -1.118687 0.000000 0.845635 108455
car -1 -1 nan nan nan nan nan 0.895759 0.901484 1.167141 31.319714 -5.137604 -0.915701 0.000000 0.681835 108457
car -1 -1 nan nan nan nan nan 1.757957 3.416213 1.757615 0.325549 -4.742643 -0.847457 0.000000 0.951491 108459
other-vehicle -1 -1 nan nan nan nan nan 1.322674 0.432067 1.329544 -29.171976 -5.774473 -0.467870 0.000000 0.264737 108461
car -1 -1 nan nan nan nan nan 1.209754 0.733028 0.851738 -33.892101 8.020109 -1.158198 0.000000 0.804061 108463
car -1 -1 nan nan nan nan nan 0.337177 0.607941 1.264523 26.151508 -7.830388 -0.665958 0.000000 0.596997 108464
car -1 -1 nan nan nan nan nan 2.265757 5.823057 2.108976 -25.660403 -8.968066 -0.261299 0.000000 0.880245 108465
car -1 -1 nan nan nan nan nan 1.612942 3.933241 1.794832 23.783711 -6.100572 -0.933843 0.000000 0.929061 108467
car -1 -1 nan nan nan nan nan 1.397919 4.542037 1.758035 8.625991 -6.161458 -0.989198 0.000000 0.955775 108470
car -1 -1 nan nan nan nan nan 0.464902 0.317457 1.065430 -42.307400 7.876919 -0.959968 0.000000 0.761305 108471
car -1 -1 nan nan nan nan nan 1.762841 1.400996 0.915829 -41.541449 -5.259454 0.018754 0.000000 0.764596 108475
car -1 -1 nan nan nan nan nan 1.596675 2.883180 2.182035 12.777407 -5.786821 -0.987018 0.000000 0.939597 108478
car -1 -1 nan nan nan nan nan 1.185932 2.060682 0.416267 -38.489590 8.588438 -0.980521 0.000000 0.797941 108479
truck -1 -1 nan nan nan nan nan 0.553170 1.475189 1.547764 -45.429049 -5.895519 0.676688 0.000000 0.771912 108488
bicyclist -1 -1 nan nan nan nan nan 1.354967 0.659489 1.204025 27.047884 25.662304 -0.984754 0.000000 0.859861 108439
bicycle -1 -1 nan nan nan nan nan 0.704970 0.939430 0.371403 38.109430 -12.714679 -0.999709 0.000000 0.800692 108468
bicyclist -1 -1 nan nan nan nan nan 1.158764 0.941563 0.889893 -46.944321 -3.960234 -0.695587 0.000000 0.476848 108473
motorcycle -1 -1 nan nan nan nan nan 0.881793 1.188627 0.615578 -31.302715 -18.243524 -1.144588 0.000000 0.872028 108481
motorcycle -1 -1 nan nan nan nan nan 0.872994 0.417049 0.280144 -32.410690 -17.815315 -0.978824 0.000000 0.833181 108494
person -1 -1 nan nan nan nan nan 1.297045 0.616534 0.559110 6.901057 -7.787333 -0.772893 0.000000 0.076404 108449
person -1 -1 nan nan nan nan nan 1.177999 0.328232 0.380180 35.365765 33.520275 -0.758994 0.000000 0.854098 108483
