car -1 -1 nan nan nan nan nan 1.647640 4.438375 2.455307 -18.280470 -30.915723 -0.477901 0.000000 0.788325 107521
car -1 -1 nan nan nan nan nan 0.641752 0.659771 0.832763 11.829814 48.670774 -1.400257 0.000000 0.655158 107522
car -1 -1 nan nan nan nan nan 0.248056 0.541466 0.243992 44.684931 -18.865797 -0.936020 0.000000 0.540682 107523
car -1 -1 nan nan nan nan nan 1.295251 1.807701 1.396912 -1.174864 27.679930 -1.163191 0.000000 0.869684 107528
car -1 -1 nan nan nan nan nan 0.909398 1.256233 0.712027 -30.027968 5.041035 -1.042245 0.000000 0.877572 107529
car -1 -1 nan nan nan nan nan 1.392433 2.454849 3.203739 -22.409424 -10.769166 -1.110711 0.000000 0.933815 107531
other-vehicle -1 -1 nan nan nan nan nan 1.578085 1.615520 2.049531 -8.438672 42.966604 -0.123746 0.000000 0.868142 107532
car -1 -1 nan nan nan nan nan 0.757062 1.185369 0.579895 41.799503 -3.568720 -1.521785 0.000000 0.778585 107533
car -1 -1 nan nan nan nan nan 1.266215 2.838966 2.455528 7.519814 35.854279 -1.168880 0.000000 0.735703 107536
car -1 -1 nan nan nan nan nan 1.189260 3.319537 2.167082 -12.936681 -16.059176 -1.185256 0.000000 0.936357 107539
car -1 -1 nan nan nan nan nan 2.385480 5.870040 3.615620 -17.895319 -2.670353 -0.315961 0.000000 0.860891 107540
car -1 -1 nan nan nan nan nan 1.540736 3.810707 2.794730 0.926876 18.559748 -1.114042 0.000000 0.933978 107541
car -1 -1 nan nan nan nan nan 1.341959 2.421075 2.642241 27.935306 -8.777570 -1.077214 0.000000 0.802515 107543
car -1 -1 nan nan nan nan nan 1.158298 1.239027 0.846039 -43.805611 15.265745 -1.021313 0.000000 0.789784 107545
car -1 -1 nan nan nan nan nan 1.335332 2.346153 1.802908 -25.685134 18.225561 -1.105964 0.000000 0.899497 107546
car -1 -1 nan nan nan nan nan 0.621865 1.238412 2.736538 -33.871103 11.280333 -1.420624 0.000000 0.614969 107547
car -1 -1 nan nan nan nan nan 1.371549 2.623574 3.112114 -23.441336 6.882636 -1.124616 0.000000 0.932384 107548
other-vehicle -1 -1 nan nan nan nan nan 0.546423 1.394424 1.482979 -37.950325 18.665501 -1.150279 0.000000 0.701366 107550
truck -1 -1 nan nan nan nan nan 1.987311 4.675236 3.437111 -3.279004 22.815228 -0.814106 0.000000 0.893843 107553
car -1 -1 nan nan nan nan nan 1.373134 3.948540 2.672878 7.536268 -7.212947 -1.047914 0.000000 0.961348 107554
car -1 -1 nan nan nan nan nan 0.436344 2.388681 1.869062 -14.672286 -20.961701 -0.809530 0.000000 0.882282 107555
car -1 -1 nan nan nan nan nan 1.448562 1.632920 1.466293 -21.108212 16.539884 -1.073180 0.000000 0.819781 107558
other-vehicle -1 -1 nan nan nan nan nan 0.404626 1.134052 1.400232 -20.440475 0.975087 -0.031073 0.000000 0.305614 107559
other-vehicle -1 -1 nan nan nan nan nan 2.481993 3.435343 2.641586 -34.883450 22.802184 -0.395849 0.000000 0.880460 107560
car -1 -1 nan nan nan nan nan 1.432313 1.520803 1.434563 -28.867655 19.081178 -0.983496 0.000000 0.765415 107561
car -1 -1 nan nan nan nan nan 0.566087 1.102270 1.436684 -38.111046 22.356750 -1.208140 0.000000 0.754727 107562
car -1 -1 nan nan nan nan nan 1.466432 2.866962 2.022628 -16.025462 -4.098444 -0.956810 0.000000 0.827092 107563
other-vehicle -1 -1 nan nan nan nan nan 0.810450 1.325745 0.484943 -32.517546 5.765487 -0.662473 0.000000 0.792207 107564
car -1 -1 nan nan nan nan nan 1.555981 2.925036 2.045509 30.016909 -14.232868 -1.027975 0.000000 0.947056 107566
car -1 -1 nan nan nan nan nan 0.612843 1.271393 0.679092 -40.682785 23.960138 -0.466504 0.000000 0.809324 107568
car -1 -1 nan nan nan nan nan 1.397325 4.132469 2.609709 -18.118840 16.862362 -1.002435 0.000000 0.961680 107569
car -1 -1 nan nan nan nan nan 1.061253 1.853428 1.351847 19.401853 -10.566373 -0.894234 0.000000 0.861522 107570
car -1 -1 nan nan nan nan nan 0.210939 0.827829 1.038891 31.733633 -16.985396 -0.644118 0.000000 0.618102 107571
car -1 -1 nan nan nan nan nan 1.374094 3.811003 2.234249 15.452896 -9.928940 -1.053624 0.000000 0.950140 107573
car -1 -1 nan nan nan nan nan 0.743024 1.740198 0.882961 40.992441 -6.385696 -1.490886 0.000000 0.846234 107574
car -1 -1 nan nan nan nan nan 1.332461 2.998678 1.776445 3.057824 23.496469 -1.075758 0.000000 0.906969 107584
bicyclist -1 -1 nan nan nan nan nan 1.380040 0.647073 1.029449 42.541225 14.549703 -0.833440 0.000000 0.858533 107526
bicyclist -1 -1 nan nan nan nan nan 0.442992 0.388411 0.438868 20.108327 -13.157730 -0.203904 0.000000 0.163318 107527
bicycle -1 -1 nan nan nan nan nan 0.909009 0.932446 1.586713 6.799684 -12.281084 -0.937067 0.000000 0.909006 107534
motorcycle -1 -1 nan nan nan nan nan 1.068758 0.537305 1.297934 -26.582534 -9.159865 -1.205071 0.000000 0.890095 107557
bicyclist -1 -1 nan nan nan nan nan 0.500928 0.223816 0.460669 2.594078 41.043983 -0.604620 0.000000 0.859129 107567
bicycle -1 -1 nan nan nan nan nan 0.466962 0.227894 0.394886 -16.351318 19.840437 -1.153495 0.000000 0.367195 107577
motorcycle -1 -1 nan nan nan nan nan 1.020863 0.890887 1.206171 -26.604474 -10.343572 -1.029642 0.000000 0.820947 107578
person -1 -1 nan nan nan nan nan 1.705894 1.109908 1.244835 -39.623295 8.380231 -0.526315 0.000000 0.855203 107538
person -1 -1 nan nan nan nan nan 1.392317 0.634148 0.454197 -37.354040 8.498013 -0.793589 0.000000 0.932736 107565
