truck -1 -1 nan nan nan nan nan 2.076993 3.399046 4.962212 17.200600 17.201186 -1.183033 0.000000 0.848329 104299
other-vehicle -1 -1 nan nan nan nan nan 1.085141 0.904842 0.911932 3.526144 -16.473778 -0.294438 0.000000 0.417157 104304
car -1 -1 nan nan nan nan nan 1.411515 2.197462 2.273366 -5.287883 29.966193 -2.040737 0.000000 0.807298 104305
car -1 -1 nan nan nan nan nan 1.402406 3.458510 3.041268 -1.125146 15.943766 -1.621444 0.000000 0.909067 104313
car -1 -1 nan nan nan nan nan 1.395037 2.802232 3.424202 -14.236032 -7.662129 -1.143654 0.000000 0.949606 104314
car -1 -1 nan nan nan nan nan 0.317653 1.122612 1.613346 14.361341 -22.715704 0.310564 0.000000 0.753150 104316
car -1 -1 nan nan nan nan nan 1.173391 1.509398 2.019331 20.968448 -31.673768 0.474274 0.000000 0.798777 104317
truck -1 -1 nan nan nan nan nan 1.104361 2.393518 2.210030 -37.533249 -26.559482 -0.725855 0.000000 0.842789 104319
car -1 -1 nan nan nan nan nan 0.480816 1.287590 0.573997 32.938183 20.812258 -1.056454 0.000000 0.852955 104321
car -1 -1 nan nan nan nan nan 1.517779 2.382843 2.922401 -9.247056 3.775873 -1.154342 0.000000 0.908100 104322
other-vehicle -1 -1 nan nan nan nan nan 0.743846 0.758686 1.304428 -10.662870 37.723547 -2.633261 0.000000 0.856656 104323
car -1 -1 nan nan nan nan nan 0.530989 0.319464 0.361561 -39.812124 -17.151496 -0.674983 0.000000 0.500276 104325
car -1 -1 nan nan nan nan nan 0.495072 0.761684 0.781183 -19.778983 35.948359 -2.143384 0.000000 0.688938 104327
car -1 -1 nan nan nan nan nan 0.364640 1.917812 1.538256 -0.558180 23.499249 -1.318036 0.000000 0.848985 104328
car -1 -1 nan nan nan nan nan 1.206894 1.665262 3.004475 22.715576 20.106503 -1.550620 0.000000 0.918007 104330
car -1 -1 nan nan nan nan nan 1.444463 2.015652 1.659306 16.569576 10.956885 -1.171441 0.000000 0.885570 104332
car -1 -1 nan nan nan nan nan 2.392553 2.672144 3.706141 -27.152522 -15.754390 -0.512252 0.000000 0.700902 104333
car -1 -1 nan nan nan nan nan 1.352701 3.439201 2.705528 -8.757449 16.769533 -1.815632 0.000000 0.922437 104334
car -1 -1 nan nan nan nan nan 0.815648 1.534914 0.885841 34.616070 -32.690188 -0.066576 0.000000 0.720384 104336
car -1 -1 nan nan nan nan nan 1.396519 2.966837 3.962169 7.255404 -13.052893 -0.615693 0.000000 0.931505 104337
car -1 -1 nan nan nan nan nan 0.226372 0.243294 0.811659 -15.284348 26.805670 -1.847582 0.000000 0.534813 104339
other-vehicle -1 -1 nan nan nan nan nan 0.655406 1.023613 1.326326 -19.744618 45.952110 -2.990962 0.000000 0.899760 104340
car -1 -1 nan nan nan nan nan 1.456514 3.659776 1.968460 -18.109659 2.285169 -1.422549 0.000000 0.917869 104341
car -1 -1 nan nan nan nan nan 1.097346 1.385124 1.135978 -7.504682 33.419792 -2.294229 0.000000 0.819578 104342
car -1 -1 nan nan nan nan nan 1.400344 1.662689 2.948721 -3.349150 26.954350 -2.056374 0.000000 0.906104 104343
car -1 -1 nan nan nan nan nan 0.754665 1.290661 1.846390 -11.864256 40.860811 -2.112206 0.000000 0.921275 104345
car -1 -1 nan nan nan nan nan 0.689120 2.767656 3.856307 11.675363 -19.948733 -0.075266 0.000000 0.900464 104346
car -1 -1 nan nan nan nan nan 2.546123 4.836235 4.821651 -9.933542 6.237982 -0.676638 0.000000 0.892587 104348
other-vehicle -1 -1 nan nan nan nan nan 2.213139 1.642464 3.354095 -8.429045 36.112568 -1.705246 0.000000 0.827374 104349
car -1 -1 nan nan nan nan nan 1.437392 2.674612 3.860160 1.857194 21.549556 -1.734546 0.000000 0.954116 104350
car -1 -1 nan nan nan nan nan 1.457236 3.356550 3.008714 -5.738316 17.137374 -1.702106 0.000000 0.909093 104351
car -1 -1 nan nan nan nan nan 0.451148 0.278742 0.442928 -14.795819 19.482963 -2.010401 0.000000 0.680892 104353
car -1 -1 nan nan nan nan nan 0.533393 0.775305 0.871761 37.046019 -30.724622 0.077993 0.000000 0.713393 104355
car -1 -1 nan nan nan nan nan 0.833645 1.696267 1.851337 -18.109922 -10.704623 -0.889839 0.000000 0.915719 104356
car -1 -1 nan nan nan nan nan 0.569342 0.287448 0.487755 -45.842800 -7.911250 -0.724495 0.000000 0.633616 104357
car -1 -1 nan nan nan nan nan 0.564760 0.616619 1.095526 -14.656592 24.764317 -2.395278 0.000000 0.748522 104359
motorcycle -1 -1 nan nan nan nan nan 1.068836 1.574769 1.582323 -21.176387 5.367921 -1.571020 0.000000 0.934193 104303
bicycle -1 -1 nan nan nan nan nan 0.717236 0.725731 0.411427 -12.870566 13.040675 -1.679859 0.000000 0.859592 104318
bicyclist -1 -1 nan nan nan nan nan 1.384846 0.959268 0.610983 13.622940 -11.798758 -0.434916 0.000000 0.926594 104320
motorcycle -1 -1 nan nan nan nan nan 0.461917 0.691120 0.348160 -30.278332 -21.013937 -1.002015 0.000000 0.866580 104324
bicyclist -1 -1 nan nan nan nan nan 0.831820 0.608505 1.164120 33.339365 30.683510 -0.853259 0.000000 0.777902 104329
person -1 -1 nan nan nan nan nan 1.165889 0.410412 0.423820 39.762951 29.080620 -1.414748 0.000000 0.897197 104306
person -1 -1 nan nan nan nan nan 1.230531 1.420464 1.189207 -21.906648 -19.474054 -0.332288 0.000000 0.855417 104307
person -1 -1 nan nan nan nan nan 1.260274 0.985979 0.590462 9.126496 -21.431743 0.206457 0.000000 0.898194 104335
person -1 -1 nan nan nan nan nan 1.374363 0.546984 0.625574 -18.711078 26.555171 -1.962034 0.000000 0.723202 104352
