car -1 -1 nan nan nan nan nan 2.424758 4.945567 4.672594 -11.160933 5.233643 -0.537693 0.000000 0.883884 106217
car -1 -1 nan nan nan nan nan 1.475971 3.632408 2.131894 12.249650 -8.233019 -0.911327 0.000000 0.871582 106223
car -1 -1 nan nan nan nan nan 0.535008 1.094299 1.993481 45.889250 15.057082 0.093152 0.000000 0.844540 106224
car -1 -1 nan nan nan nan nan 1.255046 1.781612 2.731489 -7.038546 26.438225 -1.646083 0.000000 0.922978 106225
truck -1 -1 nan nan nan nan nan 1.914104 3.554258 4.922989 14.549183 19.020875 -1.375816 0.000000 0.868716 106226
car -1 -1 nan nan nan nan nan 0.847970 1.740479 0.882465 37.597826 -28.388731 -0.877238 0.000000 0.832260 106227
car -1 -1 nan nan nan nan nan 1.408522 1.774309 2.160343 -17.138077 -12.840272 -0.943516 0.000000 0.904599 106228
car -1 -1 nan nan nan nan nan 0.245919 0.411030 0.732767 -29.043120 36.102144 -1.717889 0.000000 0.613687 106235
other-vehicle -1 -1 nan nan nan nan nan 2.048065 2.292259 3.303663 -12.674976 35.285526 -1.106808 0.000000 0.892762 106236
car -1 -1 nan nan nan nan nan 1.335766 3.056417 2.484757 -10.953109 15.654232 -1.476578 0.000000 0.955598 106237
car -1 -1 nan nan nan nan nan 0.346079 0.605001 0.844660 16.724824 -20.522010 -0.175248 0.000000 0.625408 106241
car -1 -1 nan nan nan nan nan 1.499058 2.717758 4.048682 -1.373403 21.477032 -1.600984 0.000000 0.944133 106242
car -1 -1 nan nan nan nan nan 2.342644 3.267994 3.786207 -25.778600 -18.858368 -0.191250 0.000000 0.868681 106243
car -1 -1 nan nan nan nan nan 1.340110 2.072309 2.923756 19.766438 22.653680 -1.781318 0.000000 0.887431 106245
car -1 -1 nan nan nan nan nan 1.532945 3.159050 3.485646 15.447700 13.392489 -1.468952 0.000000 0.857942 106247
car -1 -1 nan nan nan nan nan 1.225345 2.752720 3.535907 -12.675954 27.306286 -1.747999 0.000000 0.946175 106248
car -1 -1 nan nan nan nan nan 0.373030 0.528118 1.511732 20.459167 17.138411 -1.141475 0.000000 0.384415 106252
car -1 -1 nan nan nan nan nan 0.733631 0.662506 1.391815 -24.521935 33.645027 -1.500226 0.000000 0.761291 106253
car -1 -1 nan nan nan nan nan 0.272071 1.075218 1.380461 -16.820439 39.477894 -1.301943 0.000000 0.876507 106254
car -1 -1 nan nan nan nan nan 1.441111 3.165051 3.650821 8.079138 -12.050717 -0.823516 0.000000 0.934497 106255
car -1 -1 nan nan nan nan nan 1.326155 3.253592 1.846567 -18.467896 24.147943 -1.666206 0.000000 0.831376 106256
car -1 -1 nan nan nan nan nan 1.385431 3.475338 3.304607 -13.842562 -9.452977 -0.940117 0.000000 0.918422 106257
car -1 -1 nan nan nan nan nan 1.403475 3.486240 2.763172 -19.064341 0.245688 -1.074525 0.000000 0.904674 106258
car -1 -1 nan nan nan nan nan 0.844717 3.316587 3.975783 13.450043 -18.479024 -0.395432 0.000000 0.895609 106259
car -1 -1 nan nan nan nan nan 1.397148 1.913876 2.021374 -9.332686 29.154364 -1.670122 0.000000 0.707219 106260
car -1 -1 nan nan nan nan nan 1.210983 0.833115 1.276938 -11.758811 32.130238 -1.918209 0.000000 0.855593 106261
car -1 -1 nan nan nan nan nan 1.401964 1.470070 2.140802 -3.922787 22.709244 -1.654462 0.000000 0.861014 106264
car -1 -1 nan nan nan nan nan 1.514713 2.560196 2.482624 -10.025046 2.740160 -0.969364 0.000000 0.890965 106266
car -1 -1 nan nan nan nan nan 0.329984 0.548098 0.593243 40.101576 -26.231898 -0.633323 0.000000 0.628844 106267
car -1 -1 nan nan nan nan nan 1.116042 1.184359 1.310616 -34.966141 -30.222627 -0.193828 0.000000 0.739265 106271
car -1 -1 nan nan nan nan nan 0.253931 0.203053 0.263955 -15.006009 36.538050 -1.902872 0.000000 0.499571 106273
car -1 -1 nan nan nan nan nan 0.423987 0.204342 0.410846 -8.650159 4.862845 -1.104852 0.000000 0.078586 106274
car -1 -1 nan nan nan nan nan 1.102204 1.632917 1.872810 23.970472 -29.103303 -0.226438 0.000000 0.918450 106279
bicycle -1 -1 nan nan nan nan nan 0.587054 0.304050 0.486066 9.196252 -21.637844 -0.415876 0.000000 0.468341 106230
motorcycle -1 -1 nan nan nan nan nan 1.179469 2.102770 1.786266 -22.288370 3.212947 -1.118973 0.000000 0.936960 106233
bicycle -1 -1 nan nan nan nan nan 0.422003 0.905396 1.149074 4.924909 -16.074836 -0.770245 0.000000 0.493609 106246
bicycle -1 -1 nan nan nan nan nan 0.598989 0.522625 0.442368 -14.661775 11.091158 -1.545803 0.000000 0.853038 106250
bicycle -1 -1 nan nan nan nan nan 0.805982 0.287942 0.261283 -12.880959 11.346215 -1.392784 0.000000 0.442081 106275
person -1 -1 nan nan nan nan nan 0.796948 0.487234 0.251713 -33.137793 -32.078538 -0.033673 0.000000 0.865671 106220
person -1 -1 nan nan nan nan nan 1.072896 0.946152 0.493153 -24.049246 25.289459 -0.604831 0.000000 0.740252 106229
person -1 -1 nan nan nan nan nan 0.752990 0.673548 0.302912 -20.969455 -23.828036 0.913923 0.000000 0.763842 106234
person -1 -1 nan nan nan nan nan 1.279007 0.448171 0.725937 13.120605 -14.352149 -0.587749 0.000000 0.916656 106244
person -1 -1 nan nan nan nan nan 1.377995 0.388428 0.630552 31.582995 32.727013 -1.930000 0.000000 0.927559 106265
person -1 -1 nan nan nan nan nan 0.601021 0.349657 0.219513 38.727184 28.236997 -1.624093 0.000000 0.372265 106268
person -1 -1 nan nan nan nan nan 1.034027 0.400230 0.412666 -19.704271 -21.443396 0.500907 0.000000 0.875147 106270
person -1 -1 nan nan nan nan nan 1.413013 0.386520 0.641176 -22.148496 24.346354 -1.361492 0.000000 0.288657 106272
person -1 -1 nan nan nan nan nan 1.017007 0.517319 0.992939 -19.602791 19.137951 -1.190782 0.000000 0.866698 106278
